Processing_14/T0_EW_PW_B0_C2_P1943467_S14_0821105453.csv
UDPSynch,1566354435542,pupilPackets,745,imuPackets,1167,logDataStart,1944506,logDataEnd,1951040,logDataDur,6532
1944508,1944504,1,75044.694241,117,138,{"topic":"pupil.1","circle_3d":{"center":[-3.8622397524282643,-1.6716314687889717,56.37070111686799],"normal":[-0.30099900480718633,0.6273161553420294,-0.7182437193265098],"radius":1.4991545097933252},"confidence":0.9999968025689524,"timestamp":75044.694241,"diameter_3d":2.9983090195866504,"ellipse":{"center":[117.60097074861321,101.41041632969669],"axes":[23.56242038771084,33.07356188787072],"angle":-60.0477870079809},"norm_pos":[0.3675030335894163,0.5774565986262639],"diameter":33.07356188787072,"sphere":{"center":[-0.25025169474202824,-9.199425332893325,64.98962574878611],"radius":12.0},"projected_sphere":{"center":[157.61260279694787,32.237628072502076],"axes":[228.95961976328093,228.95961976328093],"angle":90.0},"model_confidence":0.965801659734411,"model_id":169,"model_birth_timestamp":75032.850243,"theta":2.248898450119141,"phi":-1.9676389673108794,"method":"3d c++","id":1}
1944515,1944509,1,75044.702641,117,138,{"topic":"pupil.1","circle_3d":{"center":[-3.859124073433118,-1.657230801552366,56.3819929844466],"normal":[-0.3007393648909241,0.6285162109450799,-0.717302730361626],"radius":1.5114208745473916},"confidence":0.9999750249655303,"timestamp":75044.702641,"diameter_3d":3.022841749094783,"ellipse":{"center":[117.64479102084451,101.56910304893415],"axes":[23.71672490512677,33.33717033942539],"angle":-60.13240084132008},"norm_pos":[0.3676399719401391,0.5767954039627743],"diameter":33.33717033942539,"sphere":{"center":[-0.25025169474202824,-9.199425332893325,64.98962574878611],"radius":12.0},"projected_sphere":{"center":[157.61260279694787,32.237628072502076],"axes":[228.95961976328093,228.95961976328093],"angle":90.0},"model_confidence":0.9657997442015676,"model_id":169,"model_birth_timestamp":75032.850243,"theta":2.250440381634428,"phi":-1.9677986977692425,"method":"3d c++","id":1}
1944523,1944519,1,75044.711041,117,138,{"topic":"pupil.1","circle_3d":{"center":[-3.8670523301972,-1.6525899292254236,56.389391533759415],"normal":[-0.30140005295459765,0.6289029503056585,-0.7166861845855578],"radius":1.50730883274374},"confidence":0.9998663560420044,"timestamp":75044.711041,"diameter_3d":3.01461766548748,"ellipse":{"center":[117.56279708016498,101.62375708419545],"axes":[23.624339366478303,33.2422493662884],"angle":-60.1024504352699},"norm_pos":[0.36738374087551556,0.5765676788158522],"diameter":33.2422493662884,"sphere":{"center":[-0.25025169474202824,-9.199425332893325,64.98962574878611],"radius":12.0},"projected_sphere":{"center":[157.61260279694787,32.237628072502076],"axes":[228.95961976328093,228.95961976328093],"angle":90.0},"model_confidence":0.9657705152591234,"model_id":169,"model_birth_timestamp":75032.850243,"theta":2.250937705947075,"phi":-1.9688890015686737,"method":"3d c++","id":1}
1944531,1944530,1,75044.719441,117,138,{"topic":"pupil.1","circle_3d":{"center":[-3.86826605309987,-1.6739165091369657,56.371233262580716],"normal":[-0.30150119652982016,0.62712573531303,-0.7181993738504499],"radius":1.4864030013612386},"confidence":0.9998110936649347,"timestamp":75044.719441,"diameter_3d":2.972806002722477,"ellipse":{"center":[117.53385519724844,101.38897914934451],"axes":[23.358493541631233,32.79209334476264],"angle":-59.99891751083749},"norm_pos":[0.3672932974914014,0.5775459202110645],"diameter":32.79209334476264,"sphere":{"center":[-0.25025169474202824,-9.199425332893325,64.98962574878611],"radius":12.0},"projected_sphere":{"center":[157.61260279694787,32.237628072502076],"axes":[228.95961976328093,228.95961976328093],"angle":90.0},"model_confidence":0.9657238654985689,"model_id":169,"model_birth_timestamp":75032.850243,"theta":2.2486539587030827,"phi":-1.968255597382789,"method":"3d c++","id":1}
1944543,1944542,1,75044.727841,117,138,{"topic":"pupil.1","circle_3d":{"center":[-3.8635884996555654,-1.6668739471695826,56.37542429097886],"normal":[-0.30111140040946144,0.6277126154769785,-0.7178501214839375],"radius":1.5035678688714667},"confidence":0.9999992527977623,"timestamp":75044.727841,"diameter_3d":3.0071357377429333,"ellipse":{"center":[117.59011898243747,101.4631043930579],"axes":[23.61507474767123,33.168124473425856],"angle":-60.060523554951175},"norm_pos":[0.3674691218201171,0.5772370650289254],"diameter":33.168124473425856,"sphere":{"center":[-0.25025169474202824,-9.199425332893325,64.98962574878611],"radius":12.0},"projected_sphere":{"center":[157.61260279694787,32.237628072502076],"axes":[228.95961976328093,228.95961976328093],"angle":90.0},"model_confidence":0.9657248794867179,"model_id":169,"model_birth_timestamp":75032.850243,"theta":2.249407643052531,"phi":-1.967967557848815,"method":"3d c++","id":1}
1944551,1944546,1,75044.736241,117,138,{"topic":"pupil.1","circle_3d":{"center":[-3.8768985686714132,-1.6699072277398965,56.37836628480612],"normal":[-0.30222057282744874,0.627459842096119,-0.7176049553316658],"radius":1.4965202939709925},"confidence":0.9996727168602867,"timestamp":75044.736241,"diameter_3d":2.993040587941985,"ellipse":{"center":[117.44545612096421,101.43277469383091],"axes":[23.490697704380228,33.011402383024624],"angle":-59.96168002321244},"norm_pos":[0.36701705037801313,0.5773634387757045],"diameter":33.011402383024624,"sphere":{"center":[-0.25025169474202824,-9.199425332893325,64.98962574878611],"radius":12.0},"projected_sphere":{"center":[157.61260279694787,32.237628072502076],"axes":[228.95961976328093,228.95961976328093],"angle":90.0},"model_confidence":0.96570892291159,"model_id":169,"model_birth_timestamp":75032.850243,"theta":2.2490829698285815,"phi":-1.9694029500893633,"method":"3d c++","id":1}
1944560,1944559,1,75044.744641,117,138,{"topic":"pupil.1","circle_3d":{"center":[-3.8698949960667384,-1.6488620887675083,56.3938606829161],"normal":[-0.3016369417770592,0.6292136036771514,-0.716313755489168],"radius":1.5047291339405617},"confidence":0.9999941467658682,"timestamp":75044.744641,"diameter_3d":3.0094582678811235,"ellipse":{"center":[117.53462387803799,101.66693172336012],"axes":[23.567612676146137,33.18272324952318],"angle":-60.100983446445326},"norm_pos":[0.3672956996188687,0.5763877844859995],"diameter":33.18272324952318,"sphere":{"center":[-0.25025169474202824,-9.199425332893325,64.98962574878611],"radius":12.0},"projected_sphere":{"center":[157.61260279694787,32.237628072502076],"axes":[228.95961976328093,228.95961976328093],"angle":90.0},"model_confidence":0.9657294639450864,"model_id":169,"model_birth_timestamp":75032.850243,"theta":2.2513373330430175,"phi":-1.9693557098481482,"method":"3d c++","id":1}
1944569,1944568,1,75044.753041,117,138,{"topic":"pupil.1","circle_3d":{"center":[-3.8779348632366184,-1.6534166670571961,56.3932504635774],"normal":[-0.3023069307078825,0.6288340554863441,-0.7163646071007257],"radius":1.5037859151353459},"confidence":0.9999265702295536,"timestamp":75044.753041,"diameter_3d":3.0075718302706917,"ellipse":{"center":[117.44586189460145,101.61700381333965],"axes":[23.55286430500592,33.16264915423954],"angle":-60.02918830350623},"norm_pos":[0.36701831842062954,0.5765958174444181],"diameter":33.16264915423954,"sphere":{"center":[-0.25025169474202824,-9.199425332893325,64.98962574878611],"radius":12.0},"projected_sphere":{"center":[157.61260279694787,32.237628072502076],"axes":[228.95961976328093,228.95961976328093],"angle":90.0},"model_confidence":0.9657840248561644,"model_id":169,"model_birth_timestamp":75032.850243,"theta":2.250849096577567,"phi":-1.9701244693409203,"method":"3d c++","id":1}
1944575,1944569,1,75044.761441,117,138,{"topic":"pupil.1","circle_3d":{"center":[-3.868511689805634,-1.6591814614246916,56.384225295181295],"normal":[-0.30152166625530047,0.6283536559557195,-0.7171167044670682],"radius":1.488294187402328},"confidence":0.9999606727015469,"timestamp":75044.761441,"diameter_3d":2.976588374804656,"ellipse":{"center":[117.54094394254966,101.55477879303695],"axes":[23.343501583132063,32.825953932612514],"angle":-60.063616032164504},"norm_pos":[0.3673154498204677,0.576855088362346],"diameter":32.825953932612514,"sphere":{"center":[-0.25025169474202824,-9.199425332893325,64.98962574878611],"radius":12.0},"projected_sphere":{"center":[157.61260279694787,32.237628072502076],"axes":[228.95961976328093,228.95961976328093],"angle":90.0},"model_confidence":0.9657825996429725,"model_id":169,"model_birth_timestamp":75032.850243,"theta":2.250231405032481,"phi":-1.9688185678856853,"method":"3d c++","id":1}
1944586,1944582,1,75044.769841,117,138,{"topic":"pupil.1","circle_3d":{"center":[-3.875423000985939,-1.6637957999307371,56.38309215259723],"normal":[-0.3020976088536592,0.6279691277468823,-0.71721113301574],"radius":1.5016050889220804},"confidence":0.9999498947331074,"timestamp":75044.769841,"diameter_3d":3.003210177844161,"ellipse":{"center":[117.4656864546678,101.50013236648479],"axes":[23.55456049948628,33.12064526661979],"angle":-59.99861139713241},"norm_pos":[0.3670802701708369,0.5770827818063133],"diameter":33.12064526661979,"sphere":{"center":[-0.25025169474202824,-9.199425332893325,64.98962574878611],"radius":12.0},"projected_sphere":{"center":[157.61260279694787,32.237628072502076],"axes":[228.95961976328093,228.95961976328093],"angle":90.0},"model_confidence":0.9657911407782827,"model_id":169,"model_birth_timestamp":75032.850243,"theta":2.249737205589513,"phi":-1.9694537470375715,"method":"3d c++","id":1}
1944591,1944591,1,75044.778241,117,138,{"topic":"pupil.1","circle_3d":{"center":[-3.883531353741192,-1.6578494888986253,56.3917241031066],"normal":[-0.302773304916597,0.628464653666225,-0.7164918038066265],"radius":1.4968950515700015},"confidence":0.999896590926802,"timestamp":75044.778241,"diameter_3d":2.993790103140003,"ellipse":{"center":[117.38258973348636,101.56970498966717],"axes":[23.44869119448242,33.01181438821645],"angle":-59.97356918706214},"norm_pos":[0.36682059291714486,0.5767928958763868],"diameter":33.01181438821645,"sphere":{"center":[-0.25025169474202824,-9.199425332893325,64.98962574878611],"radius":12.0},"projected_sphere":{"center":[157.61260279694787,32.237628072502076],"axes":[228.95961976328093,228.95961976328093],"angle":90.0},"model_confidence":0.9657898399671794,"model_id":169,"model_birth_timestamp":75032.850243,"theta":2.2503740970739705,"phi":-1.9706132947156816,"method":"3d c++","id":1}
1944600,1944597,1,75044.786641,117,138,{"topic":"pupil.1","circle_3d":{"center":[-3.8785797866167386,-1.656728063462273,56.39061690128338],"normal":[-0.30236067432289254,0.628558105785921,-0.7165840706252273],"radius":1.4978614549944589},"confidence":0.99992752386497,"timestamp":75044.786641,"diameter_3d":2.9957229099889178,"ellipse":{"center":[117.43620450569941,101.58135771632193],"axes":[23.46895128030671,33.03358949927532],"angle":-60.01022286540291},"norm_pos":[0.36698813908031064,0.5767443428486586],"diameter":33.03358949927532,"sphere":{"center":[-0.25025169474202824,-9.199425332893325,64.98962574878611],"radius":12.0},"projected_sphere":{"center":[157.61260279694787,32.237628072502076],"axes":[228.95961976328093,228.95961976328093],"angle":90.0},"model_confidence":0.9657951771530171,"model_id":169,"model_birth_timestamp":75032.850243,"theta":2.2504942463065385,"phi":-1.9700784243201457,"method":"3d c++","id":1}
1944606,1944601,1,75044.795041,117,138,{"topic":"pupil.1","circle_3d":{"center":[-3.8942006142548284,-1.6675742112069578,56.38771578920543],"normal":[-0.3036624099594,0.6276542601405306,-0.7168258299650566],"radius":1.4874833475728952},"confidence":0.9999926776944806,"timestamp":75044.795041,"diameter_3d":2.9749666951457905,"ellipse":{"center":[117.26154113890712,101.4641301399046],"axes":[23.31217355286925,32.80708662335712],"angle":-59.86174357017029},"norm_pos":[0.3664423160590847,0.5772327910837308],"diameter":32.80708662335712,"sphere":{"center":[-0.25025169474202824,-9.199425332893325,64.98962574878611],"radius":12.0},"projected_sphere":{"center":[157.61260279694787,32.237628072502076],"axes":[228.95961976328093,228.95961976328093],"angle":90.0},"model_confidence":0.9658105462445277,"model_id":169,"model_birth_timestamp":75032.850243,"theta":2.249332681352453,"phi":-1.9714982924195243,"method":"3d c++","id":1}
1944618,1944613,1,75044.803441,117,138,{"topic":"pupil.1","circle_3d":{"center":[-3.8912412014508417,-1.6765198732307685,56.37863922824065],"normal":[-0.30341579222573445,0.626908788305213,-0.717582210045455],"radius":1.502805628165642},"confidence":0.9999934735028756,"timestamp":75044.803441,"diameter_3d":3.005611256331284,"ellipse":{"center":[117.28892970111043,101.35859117481215],"axes":[23.584739487412534,33.15057479229169],"angle":-59.84016615840861},"norm_pos":[0.3665279053159701,0.577672536771616],"diameter":33.15057479229169,"sphere":{"center":[-0.25025169474202824,-9.199425332893325,64.98962574878611],"radius":12.0},"projected_sphere":{"center":[157.61260279694787,32.237628072502076],"axes":[228.95961976328093,228.95961976328093],"angle":90.0},"model_confidence":0.9658132871482539,"model_id":169,"model_birth_timestamp":75032.850243,"theta":2.2483754663838047,"phi":-1.9708281285032687,"method":"3d c++","id":1}
1944627,1944624,1,75044.811841,117,138,{"topic":"pupil.1","circle_3d":{"center":[-3.8822390789164465,-1.6702401223990018,56.38032625885829],"normal":[-0.3026656153478682,0.6274321008745269,-0.7174416241606516],"radius":1.4834233338641476},"confidence":0.999800114707298,"timestamp":75044.811841,"diameter_3d":2.966846667728295,"ellipse":{"center":[117.38689624179813,101.43335431085849],"axes":[23.276891190899505,32.72145158224296],"angle":-59.92608827495425},"norm_pos":[0.36683405075561915,0.5773610237047563],"diameter":32.72145158224296,"sphere":{"center":[-0.25025169474202824,-9.199425332893325,64.98962574878611],"radius":12.0},"projected_sphere":{"center":[157.61260279694787,32.237628072502076],"axes":[228.95961976328093,228.95961976328093],"angle":90.0},"model_confidence":0.9658118355439838,"model_id":169,"model_birth_timestamp":75032.850243,"theta":2.2490473429593463,"phi":-1.9700110974672331,"method":"3d c++","id":1}
1944634,1944629,1,75044.820241,117,138,{"topic":"pupil.1","circle_3d":{"center":[-3.869642081404325,-1.6676121859111896,56.37732036939532],"normal":[-0.3016158655551914,0.6276510955818446,-0.7176921149492328],"radius":1.487895409147082},"confidence":0.999722787749571,"timestamp":75044.820241,"diameter_3d":2.975790818294164,"ellipse":{"center":[117.5234023290767,101.45992745374673],"axes":[23.360684224237204,32.821395289306295],"angle":-60.018485808449526},"norm_pos":[0.3672606322783647,0.5772503022760553],"diameter":32.821395289306295,"sphere":{"center":[-0.25025169474202824,-9.199425332893325,64.98962574878611],"radius":12.0},"projected_sphere":{"center":[157.61260279694787,32.237628072502076],"axes":[228.95961976328093,228.95961976328093],"angle":90.0},"model_confidence":0.9657474742286176,"model_id":169,"model_birth_timestamp":75032.850243,"theta":2.2493286163747475,"phi":-1.9686436263251472,"method":"3d c++","id":1}
1944645,1944643,1,75044.828641,117,138,{"topic":"pupil.1","circle_3d":{"center":[-3.894569748102939,-1.6667090628636316,56.38862978778383],"normal":[-0.3036931711134092,0.6277263558358078,-0.7167496634168573],"radius":1.513051314877212},"confidence":0.9998296194004804,"timestamp":75044.828641,"diameter_3d":3.026102629754424,"ellipse":{"center":[117.26092472757117,101.46699629586496],"axes":[23.709867526865708,33.370649873109606],"angle":-59.86319162894043},"norm_pos":[0.3664403897736599,0.5772208487672293],"diameter":33.370649873109606,"sphere":{"center":[-0.25025169474202824,-9.199425332893325,64.98962574878611],"radius":12.0},"projected_sphere":{"center":[157.61260279694787,32.237628072502076],"axes":[228.95961976328093,228.95961976328093],"angle":90.0},"model_confidence":0.9657565086504838,"model_id":169,"model_birth_timestamp":75032.850243,"theta":2.249425294208017,"phi":-1.9715728451323786,"method":"3d c++","id":1}
1944652,1944650,1,75044.837041,117,138,{"topic":"pupil.1","circle_3d":{"center":[-3.8956109734911686,-1.677123350267478,56.379960911463996],"normal":[-0.3037799398957617,0.6268584985521539,-0.7174720697768426],"radius":1.4907732814121024},"confidence":0.99987870698182,"timestamp":75044.837041,"diameter_3d":2.981546562824205,"ellipse":{"center":[117.24065826066933,101.35570216746609],"axes":[23.39009556287198,32.884451542532105],"angle":-59.809600665053665},"norm_pos":[0.36637705706459167,0.5776845743022246],"diameter":32.884451542532105,"sphere":{"center":[-0.25025169474202824,-9.199425332893325,64.98962574878611],"radius":12.0},"projected_sphere":{"center":[157.61260279694787,32.237628072502076],"axes":[228.95961976328093,228.95961976328093],"angle":90.0},"model_confidence":0.9657569650588949,"model_id":169,"model_birth_timestamp":75032.850243,"theta":2.2483109189303643,"phi":-1.971313657324866,"method":"3d c++","id":1}
1944659,1944659,1,75044.845441,117,138,{"topic":"pupil.1","circle_3d":{"center":[-3.8880221657378606,-1.6724672245328644,56.380820510233114],"normal":[-0.3031475392496527,0.6272465090300384,-0.7174004365460829],"radius":1.5179105200545133},"confidence":0.9996637493430685,"timestamp":75044.845441,"diameter_3d":3.0358210401090266,"ellipse":{"center":[117.32751203981923,101.39970588970033],"axes":[23.815160589422213,33.48239629779967],"angle":-59.87896296312857},"norm_pos":[0.3666484751244351,0.5775012254595819],"diameter":33.48239629779967,"sphere":{"center":[-0.25025169474202824,-9.199425332893325,64.98962574878611],"radius":12.0},"projected_sphere":{"center":[157.61260279694787,32.237628072502076],"axes":[228.95961976328093,228.95961976328093],"angle":90.0},"model_confidence":0.965662756213137,"model_id":169,"model_birth_timestamp":75032.850243,"theta":2.248809021560587,"phi":-1.9706017827558597,"method":"3d c++","id":1}
1944669,1944664,1,75044.853841,117,138,{"topic":"pupil.1","circle_3d":{"center":[-3.889653669251311,-1.6777288454146273,56.37691216837555],"normal":[-0.3032834978757735,0.6268080406232248,-0.7177261317008804],"radius":1.5156660009645166},"confidence":0.9995529866994504,"timestamp":75044.853841,"diameter_3d":3.0313320019290333,"ellipse":{"center":[117.30646770743684,101.341190017037],"axes":[23.79317103002403,33.43535953425737],"angle":-59.844785621945846},"norm_pos":[0.36658271158574013,0.5777450415956792],"diameter":33.43535953425737,"sphere":{"center":[-0.25025169474202824,-9.199425332893325,64.98962574878611],"radius":12.0},"projected_sphere":{"center":[157.61260279694787,32.237628072502076],"axes":[228.95961976328093,228.95961976328093],"angle":90.0},"model_confidence":0.9655937461462427,"model_id":169,"model_birth_timestamp":75032.850243,"theta":2.248246158990088,"phi":-1.970599810385009,"method":"3d c++","id":1}
1944675,1944675,1,75044.862241,117,138,{"topic":"pupil.1","circle_3d":{"center":[-3.883454880209728,-1.6729570889758856,56.37846378384725],"normal":[-0.3027669321223083,0.62720568699312,-0.7175968304115719],"radius":1.4903949625928532},"confidence":0.9999222094652018,"timestamp":75044.862241,"diameter_3d":2.9807899251857064,"ellipse":{"center":[117.37291782405697,101.40099655098362],"axes":[23.392455663086476,32.87647145195919],"angle":-59.90603634824279},"norm_pos":[0.366790368200178,0.5774958477042349],"diameter":32.87647145195919,"sphere":{"center":[-0.25025169474202824,-9.199425332893325,64.98962574878611],"radius":12.0},"projected_sphere":{"center":[157.61260279694787,32.237628072502076],"axes":[228.95961976328093,228.95961976328093],"angle":90.0},"model_confidence":0.9656495090577977,"model_id":169,"model_birth_timestamp":75032.850243,"theta":2.2487566074801375,"phi":-1.9700534956640132,"method":"3d c++","id":1}
1944685,1944675,1,75044.870641,117,138,{"topic":"pupil.1","circle_3d":{"center":[-3.877595096026941,-1.6681257749812808,56.38021770768661],"normal":[-0.30227861677374274,0.6276082964926704,-0.7174506700916246],"radius":1.5017413867110916},"confidence":0.9997897879286568,"timestamp":75044.870641,"diameter_3d":3.003482773422183,"ellipse":{"center":[117.43974104296588,101.45156142197227],"axes":[23.56610572743628,33.12551043696169],"angle":-59.96523041957761},"norm_pos":[0.36699919075926835,0.5772851607417822],"diameter":33.12551043696169,"sphere":{"center":[-0.25025169474202824,-9.199425332893325,64.98962574878611],"radius":12.0},"projected_sphere":{"center":[157.61260279694787,32.237628072502076],"axes":[228.95961976328093,228.95961976328093],"angle":90.0},"model_confidence":0.9656511172273508,"model_id":169,"model_birth_timestamp":75032.850243,"theta":2.249273640872619,"phi":-1.9695485796750152,"method":"3d c++","id":1}
1944691,1944687,1,75044.879041,117,138,{"topic":"pupil.1","circle_3d":{"center":[-3.8727199463943234,-1.6824833314704533,56.36562976588956],"normal":[-0.30187235430435794,0.626411833451906,-0.718666331908046],"radius":1.5001193254061813},"confidence":0.9999268043761187,"timestamp":75044.879041,"diameter_3d":3.0002386508123626,"ellipse":{"center":[117.48229765065332,101.28923200209753],"axes":[23.592454380061653,33.098429280284584],"angle":-59.93167486123724},"norm_pos":[0.36713218015829163,0.5779615333245935],"diameter":33.098429280284584,"sphere":{"center":[-0.25025169474202824,-9.199425332893325,64.98962574878611],"radius":12.0},"projected_sphere":{"center":[157.61260279694787,32.237628072502076],"axes":[228.95961976328093,228.95961976328093],"angle":90.0},"model_confidence":0.9656602208372722,"model_id":169,"model_birth_timestamp":75032.850243,"theta":2.247737766347065,"phi":-1.968462753231441,"method":"3d c++","id":1}
1944700,1944697,1,75044.887441,117,138,{"topic":"pupil.1","circle_3d":{"center":[-3.8896130721645767,-1.6801973007614297,56.37473987807796],"normal":[-0.3032801147852124,0.6266023360109912,-0.717907155892346],"radius":1.507391823152853},"confidence":0.9998303469395073,"timestamp":75044.887441,"diameter_3d":3.014783646305706,"ellipse":{"center":[117.30440347290912,101.31559158822887],"axes":[23.670764716456734,33.25410270974859],"angle":-59.83391597525306},"norm_pos":[0.366576260852841,0.577851701715713],"diameter":33.25410270974859,"sphere":{"center":[-0.25025169474202824,-9.199425332893325,64.98962574878611],"radius":12.0},"projected_sphere":{"center":[157.61260279694787,32.237628072502076],"axes":[228.95961976328093,228.95961976328093],"angle":90.0},"model_confidence":0.9656273297063089,"model_id":169,"model_birth_timestamp":75032.850243,"theta":2.2479821834845497,"phi":-1.9705054000570263,"method":"3d c++","id":1}
1944710,1944708,1,75044.895841,117,138,{"topic":"pupil.1","circle_3d":{"center":[-3.8659970459401385,-1.6819324395418054,56.363288973903124],"normal":[-0.30131211259984253,0.6264577411126266,-0.7188613979069158],"radius":1.4984118745469883},"confidence":0.9999895234094717,"timestamp":75044.895841,"diameter_3d":2.9968237490939766,"ellipse":{"center":[117.55418624990969,101.29490835520077],"axes":[23.575432386591324,33.06187344680469],"angle":-59.977264994664466},"norm_pos":[0.3673568320309678,0.5779378818533301],"diameter":33.06187344680469,"sphere":{"center":[-0.25025169474202824,-9.199425332893325,64.98962574878611],"radius":12.0},"projected_sphere":{"center":[157.61260279694787,32.237628072502076],"axes":[228.95961976328093,228.95961976328093],"angle":90.0},"model_confidence":0.9656629414169671,"model_id":169,"model_birth_timestamp":75032.850243,"theta":2.2477966620517833,"phi":-1.9677031621642063,"method":"3d c++","id":1}
1944719,1944719,1,75044.904241,117,138,{"topic":"pupil.1","circle_3d":{"center":[-3.885619918477536,-1.6819407861623805,56.37153292220809],"normal":[-0.30294735197795897,0.6264570455609121,-0.7181744022148352],"radius":1.5085119480064022},"confidence":0.999922001615943,"timestamp":75044.904241,"diameter_3d":3.0170238960128044,"ellipse":{"center":[117.34597526268655,101.29500512835423],"axes":[23.700586895625886,33.28061597404963],"angle":-59.85154029300509},"norm_pos":[0.36670617269589545,0.5779374786318574],"diameter":33.28061597404963,"sphere":{"center":[-0.25025169474202824,-9.199425332893325,64.98962574878611],"radius":12.0},"projected_sphere":{"center":[157.61260279694787,32.237628072502076],"axes":[228.95961976328093,228.95961976328093],"angle":90.0},"model_confidence":0.9656830582464582,"model_id":169,"model_birth_timestamp":75032.850243,"theta":2.247795769696072,"phi":-1.9699787101857642,"method":"3d c++","id":1}
1944725,1944724,1,75044.912641,117,138,{"topic":"pupil.1","circle_3d":{"center":[-3.882424420208984,-1.6836840943638602,56.36866553963066],"normal":[-0.30268106045557963,0.6263117698774554,-0.718413350762954],"radius":1.500701596981915},"confidence":0.999989345839565,"timestamp":75044.912641,"diameter_3d":3.00140319396383,"ellipse":{"center":[117.37808115061955,101.27697720576737],"axes":[23.588565714725416,33.109857636887675],"angle":-59.86411938688053},"norm_pos":[0.3668065035956861,0.5780125949759694],"diameter":33.109857636887675,"sphere":{"center":[-0.25025169474202824,-9.199425332893325,64.98962574878611],"radius":12.0},"projected_sphere":{"center":[157.61260279694787,32.237628072502076],"axes":[228.95961976328093,228.95961976328093],"angle":90.0},"model_confidence":0.9657499896441601,"model_id":169,"model_birth_timestamp":75032.850243,"theta":2.247609402774382,"phi":-1.9695448488835625,"method":"3d c++","id":1}
1944736,1944735,1,75044.921041,117,138,{"topic":"pupil.1","circle_3d":{"center":[-3.890824521785668,-1.6831719033676986,56.372656219181415],"normal":[-0.3033810689203033,0.6263544524604688,-0.7180807941337246],"radius":1.5051357159656935},"confidence":0.999997609148445,"timestamp":75044.921041,"diameter_3d":3.010271431931387,"ellipse":{"center":[117.28931779631878,101.28281641527009],"axes":[23.642238371025616,33.20564874517604],"angle":-59.81272676807748},"norm_pos":[0.3665291181134962,0.5779882649363746],"diameter":33.20564874517604,"sphere":{"center":[-0.25025169474202824,-9.199425332893325,64.98962574878611],"radius":12.0},"projected_sphere":{"center":[157.61260279694787,32.237628072502076],"axes":[228.95961976328093,228.95961976328093],"angle":90.0},"model_confidence":0.9658161902876272,"model_id":169,"model_birth_timestamp":75032.850243,"theta":2.2476641552340246,"phi":-1.9705380154674115,"method":"3d c++","id":1}
1944742,1944735,1,75044.929441,117,138,{"topic":"pupil.1","circle_3d":{"center":[-3.887416253106826,-1.6911460810012073,56.364269138710135],"normal":[-0.3030970465303998,0.6256899376576764,-0.7187797175063314],"radius":1.4973421716790123},"confidence":0.999993380378802,"timestamp":75044.929441,"diameter_3d":2.9946843433580246,"ellipse":{"center":[117.31966665061589,101.19440704406219],"axes":[23.54963230420051,33.03862544743171],"angle":-59.798412123464175},"norm_pos":[0.3666239582831746,0.5783566373164075],"diameter":33.03862544743171,"sphere":{"center":[-0.25025169474202824,-9.199425332893325,64.98962574878611],"radius":12.0},"projected_sphere":{"center":[157.61260279694787,32.237628072502076],"axes":[228.95961976328093,228.95961976328093],"angle":90.0},"model_confidence":0.9658313192379753,"model_id":169,"model_birth_timestamp":75032.850243,"theta":2.2468120003262944,"phi":-1.969853927422214,"method":"3d c++","id":1}
1944751,1944746,1,75044.937841,117,138,{"topic":"pupil.1","circle_3d":{"center":[-3.886519182763386,-1.6866910043131629,56.3677708634536],"normal":[-0.3030222906684465,0.6260611940483468,-0.7184879071110424],"radius":1.5021179775737392},"confidence":0.9999885129185475,"timestamp":75044.937841,"diameter_3d":3.0042359551474784,"ellipse":{"center":[117.33262521878322,101.24326620626307],"axes":[23.612879303690864,33.14185116998204],"angle":-59.824317265024774},"norm_pos":[0.36666445380869755,0.5781530574739039],"diameter":33.14185116998204,"sphere":{"center":[-0.25025169474202824,-9.199425332893325,64.98962574878611],"radius":12.0},"projected_sphere":{"center":[157.61260279694787,32.237628072502076],"axes":[228.95961976328093,228.95961976328093],"angle":90.0},"model_confidence":0.9658728776608005,"model_id":169,"model_birth_timestamp":75032.850243,"theta":2.2472880171054808,"phi":-1.969910996352509,"method":"3d c++","id":1}
1944760,1944758,1,75044.946241,117,138,{"topic":"pupil.1","circle_3d":{"center":[-3.8801387003754377,-1.677880054933632,56.37276570826462],"normal":[-0.3024905838027841,0.6267954398299744,-0.7180716700434573],"radius":1.5082391282309997},"confidence":0.9999893211462397,"timestamp":75044.946241,"diameter_3d":3.0164782564619994,"ellipse":{"center":[117.40701758289637,101.34008846228564],"axes":[23.69343804030353,33.273588425195626],"angle":-59.90494335289111},"norm_pos":[0.36689692994655115,0.5777496314071432],"diameter":33.273588425195626,"sphere":{"center":[-0.25025169474202824,-9.199425332893325,64.98962574878611],"radius":12.0},"projected_sphere":{"center":[157.61260279694787,32.237628072502076],"axes":[228.95961976328093,228.95961976328093],"angle":90.0},"model_confidence":0.965927334173522,"model_id":169,"model_birth_timestamp":75032.850243,"theta":2.248229987100531,"phi":-1.9694898291062526,"method":"3d c++","id":1}
1944770,1944763,1,75044.954641,117,138,{"topic":"pupil.1","circle_3d":{"center":[-3.874868066681499,-1.6816757883779339,56.36723640810989],"normal":[-0.3020513643282892,0.626479128709616,-0.7185324450563519],"radius":1.4867396385972733},"confidence":0.999813351578457,"timestamp":75044.954641,"diameter_3d":2.9734792771945466,"ellipse":{"center":[117.45847053545991,101.30229518184012],"axes":[23.375817297206037,32.8022413616208],"angle":-59.921616747435735},"norm_pos":[0.3670577204233122,0.5779071034089995],"diameter":32.8022413616208,"sphere":{"center":[-0.25025169474202824,-9.199425332893325,64.98962574878611],"radius":12.0},"projected_sphere":{"center":[157.61260279694787,32.237628072502076],"axes":[228.95961976328093,228.95961976328093],"angle":90.0},"model_confidence":0.9658776383445922,"model_id":169,"model_birth_timestamp":75032.850243,"theta":2.2478241015091487,"phi":-1.9687410196301958,"method":"3d c++","id":1}
1944774,1944774,1,75044.963041,117,138,{"topic":"pupil.1","circle_3d":{"center":[-3.878950537139587,-1.676907647409399,56.373114135449526],"normal":[-0.30239157019979657,0.6268764737903272,-0.7180426344447152],"radius":1.5013753705423853},"confidence":0.9998388938159597,"timestamp":75044.963041,"diameter_3d":3.0027507410847707,"ellipse":{"center":[117.41957457736387,101.3527586243649],"axes":[23.58464003744712,33.12184596949345],"angle":-59.91696192059689},"norm_pos":[0.3669361705542621,0.5776968390651462],"diameter":33.12184596949345,"sphere":{"center":[-0.25025169474202824,-9.199425332893325,64.98962574878611],"radius":12.0},"projected_sphere":{"center":[157.61260279694787,32.237628072502076],"axes":[228.95961976328093,228.95961976328093],"angle":90.0},"model_confidence":0.965884216072288,"model_id":169,"model_birth_timestamp":75032.850243,"theta":2.2483339899621075,"phi":-1.9693871800171752,"method":"3d c++","id":1}
1944786,1944786,1,75044.971441,117,138,{"topic":"pupil.1","circle_3d":{"center":[-3.8982734651875517,-1.671567680257989,56.38594651696818],"normal":[-0.30400181420379363,0.6273214710529447,-0.7169732693181605],"radius":1.5227895994579042},"confidence":0.9999070283687107,"timestamp":75044.971441,"diameter_3d":3.0455791989158083,"ellipse":{"center":[117.21935772026336,101.41005511643499],"axes":[23.871028981711785,33.58734166635029],"angle":-59.81760972412741},"norm_pos":[0.366310492875823,0.577458103681521],"diameter":33.58734166635029,"sphere":{"center":[-0.25025169474202824,-9.199425332893325,64.98962574878611],"radius":12.0},"projected_sphere":{"center":[157.61260279694787,32.237628072502076],"axes":[228.95961976328093,228.95961976328093],"angle":90.0},"model_confidence":0.9658906259534472,"model_id":169,"model_birth_timestamp":75032.850243,"theta":2.248905275962175,"phi":-1.971825746480109,"method":"3d c++","id":1}
1944793,1944790,1,75044.979841,117,138,{"topic":"pupil.1","circle_3d":{"center":[-3.9017476055011286,-1.6671001567341053,56.39133201954497],"normal":[-0.3042913258965917,0.627693764679935,-0.7165244774367618],"radius":1.5123350786319252},"confidence":0.999944587410916,"timestamp":75044.979841,"diameter_3d":3.0246701572638504,"ellipse":{"center":[117.1840971768635,101.46385866944087],"axes":[23.687315966587025,33.35350561187139],"angle":-59.81569682659773},"norm_pos":[0.36620030367769846,0.577233922210663],"diameter":33.35350561187139,"sphere":{"center":[-0.25025169474202824,-9.199425332893325,64.98962574878611],"radius":12.0},"projected_sphere":{"center":[157.61260279694787,32.237628072502076],"axes":[228.95961976328093,228.95961976328093],"angle":90.0},"model_confidence":0.9659139194250876,"model_id":169,"model_birth_timestamp":75032.850243,"theta":2.2493834273288207,"phi":-1.9723931934513452,"method":"3d c++","id":1}
1944803,1944797,1,75044.988241,117,138,{"topic":"pupil.1","circle_3d":{"center":[-3.886706332808266,-1.6651008853336506,56.38671038338868],"normal":[-0.3030378865055198,0.6278603706299729,-0.7169096137831189],"radius":1.4957239160052138},"confidence":0.9999009426416146,"timestamp":75044.988241,"diameter_3d":2.9914478320104276,"ellipse":{"center":[117.3439142535107,101.48868758459817],"axes":[23.446825797274826,32.98917699062277],"angle":-59.920671873554994},"norm_pos":[0.36669973204222095,0.5771304683975076],"diameter":32.98917699062277,"sphere":{"center":[-0.25025169474202824,-9.199425332893325,64.98962574878611],"radius":12.0},"projected_sphere":{"center":[157.61260279694787,32.237628072502076],"axes":[228.95961976328093,228.95961976328093],"angle":90.0},"model_confidence":0.9658889462286879,"model_id":169,"model_birth_timestamp":75032.850243,"theta":2.2495974656243662,"phi":-1.9707174698381946,"method":"3d c++","id":1}
1944810,1944808,1,75044.996641,117,138,{"topic":"pupil.1","circle_3d":{"center":[-3.903268648524716,-1.6704908677511767,56.38900873865417],"normal":[-0.30441807948189065,0.6274112054285124,-0.7167180841776621],"radius":1.5127887139487848},"confidence":0.9996636167039552,"timestamp":75044.996641,"diameter_3d":3.0255774278975696,"ellipse":{"center":[117.16573086369408,101.42570764287666],"axes":[23.702138329445745,33.36501599797155],"angle":-59.790693911503666},"norm_pos":[0.366142908949044,0.5773928848213472],"diameter":33.36501599797155,"sphere":{"center":[-0.25025169474202824,-9.199425332893325,64.98962574878611],"radius":12.0},"projected_sphere":{"center":[157.61260279694787,32.237628072502076],"axes":[228.95961976328093,228.95961976328093],"angle":90.0},"model_confidence":0.9658138234202251,"model_id":169,"model_birth_timestamp":75032.850243,"theta":2.2490205085033814,"phi":-1.9724458334405972,"method":"3d c++","id":1}
1944820,1944820,1,75045.005041,117,138,{"topic":"pupil.1","circle_3d":{"center":[-3.887783603087034,-1.6805067321009135,56.373697203908904],"normal":[-0.30312765902875044,0.6265765500660343,-0.7179940454064337],"radius":1.5018161086333548},"confidence":0.9999965932653028,"timestamp":75045.005041,"diameter_3d":3.0036322172667096,"ellipse":{"center":[117.32310604986858,101.3133444245615],"axes":[23.58724274981053,33.13161245297728],"angle":-59.84422566513177},"norm_pos":[0.36663470640583934,0.5778610648976603],"diameter":33.13161245297728,"sphere":{"center":[-0.25025169474202824,-9.199425332893325,64.98962574878611],"radius":12.0},"projected_sphere":{"center":[157.61260279694787,32.237628072502076],"axes":[228.95961976328093,228.95961976328093],"angle":90.0},"model_confidence":0.9658798793166001,"model_id":169,"model_birth_timestamp":75032.850243,"theta":2.247949096988192,"phi":-1.9702818173347467,"method":"3d c++","id":1}
1944826,1944824,1,75045.013441,117,138,{"topic":"pupil.1","circle_3d":{"center":[-3.9065044496313464,-1.6796056507611512,56.38241204511976],"normal":[-0.30468772957410983,0.6266516401776812,-0.7172678086388627],"radius":1.5030742734417704},"confidence":0.9999798328996843,"timestamp":75045.013441,"diameter_3d":3.0061485468835407,"ellipse":{"center":[117.12426091959261,101.32599774923247],"axes":[23.5718697678932,33.15487688838677],"angle":-59.72888377896885},"norm_pos":[0.36601331537372694,0.5778083427115314],"diameter":33.15487688838677,"sphere":{"center":[-0.25025169474202824,-9.199425332893325,64.98962574878611],"radius":12.0},"projected_sphere":{"center":[157.61260279694787,32.237628072502076],"axes":[228.95961976328093,228.95961976328093],"angle":90.0},"model_confidence":0.9659335146627201,"model_id":169,"model_birth_timestamp":75032.850243,"theta":2.248045449163751,"phi":-1.9724885422368141,"method":"3d c++","id":1}
1944835,1944831,1,75045.021841,117,138,{"topic":"pupil.1","circle_3d":{"center":[-3.892291434831193,-1.6611018720677961,56.39257823632123],"normal":[-0.30350331167409705,0.6281936217354608,-0.7164206260387405],"radius":1.4954602157260066},"confidence":0.9999045118529559,"timestamp":75045.021841,"diameter_3d":2.9909204314520133,"ellipse":{"center":[117.28695182469079,101.53470925892334],"axes":[23.420981958806077,32.98003017929883],"angle":-59.903059375862796},"norm_pos":[0.3665217244521587,0.5769387114211527],"diameter":32.98003017929883,"sphere":{"center":[-0.25025169474202824,-9.199425332893325,64.98962574878611],"radius":12.0},"projected_sphere":{"center":[157.61260279694787,32.237628072502076],"axes":[228.95961976328093,228.95961976328093],"angle":90.0},"model_confidence":0.9659549206790019,"model_id":169,"model_birth_timestamp":75032.850243,"theta":2.250025703520327,"phi":-1.9715131500580323,"method":"3d c++","id":1}
1944843,1944842,1,75045.030241,117,138,{"topic":"pupil.1","circle_3d":{"center":[-3.8940467984504865,-1.6618390755988122,56.39267567006429],"normal":[-0.30364959197570485,0.6281321881078761,-0.7164125065601519],"radius":1.4942749186172573},"confidence":0.9971203294204464,"timestamp":75045.030241,"diameter_3d":2.9885498372345145,"ellipse":{"center":[117.26763696903274,101.52697598463004],"axes":[23.401614958988503,32.95390020545541],"angle":-59.8885542554311},"norm_pos":[0.3664613655282273,0.5769709333973748],"diameter":32.95390020545541,"sphere":{"center":[-0.25025169474202824,-9.199425332893325,64.98962574878611],"radius":12.0},"projected_sphere":{"center":[157.61260279694787,32.237628072502076],"axes":[228.95961976328093,228.95961976328093],"angle":90.0},"model_confidence":0.9659347720803346,"model_id":169,"model_birth_timestamp":75032.850243,"theta":2.249946748295175,"phi":-1.9716903230036757,"method":"3d c++","id":1}
1944853,1944847,1,75045.038641,117,138,{"topic":"pupil.1","circle_3d":{"center":[-3.8909091381625727,-1.660418972784691,56.392591581010095],"normal":[-0.30338812028504536,0.6282505300090528,-0.7164195139813343],"radius":1.4805745487939759},"confidence":0.9994583305206662,"timestamp":75045.038641,"diameter_3d":2.9611490975879518,"ellipse":{"center":[117.30054012727595,101.54622063997459],"axes":[23.188004499447906,32.651569043296604],"angle":-59.91500581933391},"norm_pos":[0.36656418789773737,0.5768907473334393],"diameter":32.651569043296604,"sphere":{"center":[-0.25025169474202824,-9.199425332893325,64.98962574878611],"radius":12.0},"projected_sphere":{"center":[157.61260279694787,32.237628072502076],"axes":[228.95961976328093,228.95961976328093],"angle":90.0},"model_confidence":0.9657906039573616,"model_id":169,"model_birth_timestamp":75032.850243,"theta":2.250098847197945,"phi":-1.971377377800127,"method":"3d c++","id":1}
1944859,1944858,1,75045.047041,117,138,{"topic":"pupil.1","circle_3d":{"center":[-3.8857354171775955,-1.650403153130788,56.39919373209688],"normal":[-0.3029569768696306,0.6290851816468781,-0.7158693347241022],"radius":1.5000811803314182},"confidence":0.9998322318840945,"timestamp":75045.047041,"diameter_3d":3.0001623606628365,"ellipse":{"center":[117.36427735746088,101.65315977871802],"axes":[23.47219601609572,33.077635959898984],"angle":-59.99294719512653},"norm_pos":[0.3667633667420652,0.5764451675886749],"diameter":33.077635959898984,"sphere":{"center":[-0.25025169474202824,-9.199425332893325,64.98962574878611],"radius":12.0},"projected_sphere":{"center":[157.61260279694787,32.237628072502076],"axes":[228.95961976328093,228.95961976328093],"angle":90.0},"model_confidence":0.9658082699778525,"model_id":169,"model_birth_timestamp":75032.850243,"theta":2.251172114198585,"phi":-1.9711426435672694,"method":"3d c++","id":1}
1944868,1944867,1,75045.055441,117,138,{"topic":"pupil.1","circle_3d":{"center":[-3.8888791890994,-1.6441935290518854,56.40598652363636],"normal":[-0.3032189578631143,0.62960265032012,-0.7153032687624793],"radius":1.4934763141062986},"confidence":0.9997406764581871,"timestamp":75045.055441,"diameter_3d":2.986952628212597,"ellipse":{"center":[117.33411255711209,101.72544731211343],"axes":[23.344550359700424,32.927950971679074],"angle":-60.00079417715946},"norm_pos":[0.3666691017409753,0.5761439695328607],"diameter":32.927950971679074,"sphere":{"center":[-0.25025169474202824,-9.199425332893325,64.98962574878611],"radius":12.0},"projected_sphere":{"center":[157.61260279694787,32.237628072502076],"axes":[228.95961976328093,228.95961976328093],"angle":90.0},"model_confidence":0.9658471967242566,"model_id":169,"model_birth_timestamp":75032.850243,"theta":2.251837988323457,"phi":-1.971737149790138,"method":"3d c++","id":1}
1944879,1944875,1,75045.063841,117,138,{"topic":"pupil.1","circle_3d":{"center":[-3.8822394556649997,-1.6416981072551557,56.405371320627935],"normal":[-0.30266564674358093,0.6298106021365141,-0.7153545356798483],"radius":1.4971050601551525},"confidence":0.9997805040083594,"timestamp":75045.063841,"diameter_3d":2.994210120310305,"ellipse":{"center":[117.4068798588965,101.7516231566145],"axes":[23.40515115678552,33.00806482351305],"angle":-60.05428000077367},"norm_pos":[0.36689649955905157,0.5760349035141062],"diameter":33.00806482351305,"sphere":{"center":[-0.25025169474202824,-9.199425332893325,64.98962574878611],"radius":12.0},"projected_sphere":{"center":[157.61260279694787,32.237628072502076],"axes":[228.95961976328093,228.95961976328093],"angle":90.0},"model_confidence":0.9658233355173573,"model_id":169,"model_birth_timestamp":75032.850243,"theta":2.252105680103754,"phi":-1.9710555405979922,"method":"3d c++","id":1}
1944887,1944886,1,75045.072241,117,138,{"topic":"pupil.1","circle_3d":{"center":[-3.8709048594503117,-1.6462274190423791,56.396601139541374],"normal":[-0.3017210970590236,0.6294331594875788,-0.7160853841037277],"radius":1.494909888128794},"confidence":0.9999000971972414,"timestamp":75045.072241,"diameter_3d":2.989819776257588,"ellipse":{"center":[117.52451538616869,101.69946849431207],"axes":[23.403995287565227,32.964486835046465],"angle":-60.10636593338384},"norm_pos":[0.36726411058177716,0.576252214607033],"diameter":32.964486835046465,"sphere":{"center":[-0.25025169474202824,-9.199425332893325,64.98962574878611],"radius":12.0},"projected_sphere":{"center":[157.61260279694787,32.237628072502076],"axes":[228.95961976328093,228.95961976328093],"angle":90.0},"model_confidence":0.9658355459271184,"model_id":169,"model_birth_timestamp":75032.850243,"theta":2.251619849465481,"phi":-1.9695695791985213,"method":"3d c++","id":1}
1944895,1944892,1,75045.080641,117,138,{"topic":"pupil.1","circle_3d":{"center":[-3.866338024118219,-1.6682283041906834,56.375393863507014],"normal":[-0.30134052744801587,0.6275997523918868,-0.7178526571065917],"radius":1.4927295539298404},"confidence":0.9998857695886111,"timestamp":75045.080641,"diameter_3d":2.985459107859681,"ellipse":{"center":[117.55875962614472,101.4511764392366],"axes":[23.444129126968836,32.92909389984436],"angle":-60.03685650131675},"norm_pos":[0.36737112383170223,0.5772867648365141],"diameter":32.92909389984436,"sphere":{"center":[-0.25025169474202824,-9.199425332893325,64.98962574878611],"radius":12.0},"projected_sphere":{"center":[157.61260279694787,32.237628072502076],"axes":[228.95961976328093,228.95961976328093],"angle":90.0},"model_confidence":0.9658558494566649,"model_id":169,"model_birth_timestamp":75032.850243,"theta":2.2492626662525192,"phi":-1.9682376939578266,"method":"3d c++","id":1}
1944903,1944897,1,75045.089041,117,138,{"topic":"pupil.1","circle_3d":{"center":[-3.8398977195402932,-1.6729468542541035,56.36022466138551],"normal":[-0.29913716873318874,0.6272065398866018,-0.7191167572833833],"radius":1.476741049407822},"confidence":0.9997898299038239,"timestamp":75045.089041,"diameter_3d":2.953482098815644,"ellipse":{"center":[117.836154532622,101.39832006416924],"axes":[23.25135017764228,32.58424949492126],"angle":-60.18552024458543},"norm_pos":[0.36823798291444376,0.5775069997326281],"diameter":32.58424949492126,"sphere":{"center":[-0.25025169474202824,-9.199425332893325,64.98962574878611],"radius":12.0},"projected_sphere":{"center":[157.61260279694787,32.237628072502076],"axes":[228.95961976328093,228.95961976328093],"angle":90.0},"model_confidence":0.9658834749332934,"model_id":169,"model_birth_timestamp":75032.850243,"theta":2.248757702543177,"phi":-1.9650010060049727,"method":"3d c++","id":1}
1944910,1944909,1,75045.097441,118,138,{"topic":"pupil.1","circle_3d":{"center":[-3.7579065550354787,-1.669273508934772,56.32976599881363],"normal":[-0.29230457169112084,0.627512651996546,-0.7216549791643734],"radius":1.486919843393957},"confidence":0.9998030415654598,"timestamp":75045.097441,"diameter_3d":2.973839686787914,"ellipse":{"center":[118.71551612247745,101.4251148280914],"axes":[23.53728029333048,32.8237861004125],"angle":-60.733373690817785},"norm_pos":[0.37098598788274206,0.5773953548829525],"diameter":32.8237861004125,"sphere":{"center":[-0.25025169474202824,-9.199425332893325,64.98962574878611],"radius":12.0},"projected_sphere":{"center":[157.61260279694787,32.237628072502076],"axes":[228.95961976328093,228.95961976328093],"angle":90.0},"model_confidence":0.9659109050025094,"model_id":169,"model_birth_timestamp":75032.850243,"theta":2.2491507941612863,"phi":-1.9556464409171836,"method":"3d c++","id":1}
1944919,1944914,1,75045.105841,119,138,{"topic":"pupil.1","circle_3d":{"center":[-3.6638621240701856,-1.6436236869204226,56.314539275240435],"normal":[-0.28446753577734646,0.6296501371644085,-0.7229238727954733],"radius":1.455547473534987},"confidence":0.9995832525572772,"timestamp":75045.105841,"diameter_3d":2.911094947069974,"ellipse":{"center":[119.7347164233627,101.7100073652985],"axes":[23.11450917221839,32.136042979126756],"angle":-61.464471243900505},"norm_pos":[0.3741709888230084,0.5762083026445897],"diameter":32.136042979126756,"sphere":{"center":[-0.25025169474202824,-9.199425332893325,64.98962574878611],"radius":12.0},"projected_sphere":{"center":[157.61260279694787,32.237628072502076],"axes":[228.95961976328093,228.95961976328093],"angle":90.0},"model_confidence":0.9657961835173645,"model_id":169,"model_birth_timestamp":75032.850243,"theta":2.251899111971995,"phi":-1.9456831238143417,"method":"3d c++","id":1}
1944926,1944925,1,75045.114241,120,138,{"topic":"pupil.1","circle_3d":{"center":[-3.608855949174494,-1.6314869011904385,56.30365514349032],"normal":[-0.2798836878693721,0.6306615359752406,-0.7238308837746495],"radius":1.4890861678235294},"confidence":0.9999120284074001,"timestamp":75045.114241,"diameter_3d":2.978172335647059,"ellipse":{"center":[120.33494231225654,101.83050874354548],"axes":[23.69843976373775,32.881003207927584],"angle":-61.88242609037988},"norm_pos":[0.3760466947258017,0.5757062135685604],"diameter":32.881003207927584,"sphere":{"center":[-0.25025169474202824,-9.199425332893325,64.98962574878611],"radius":12.0},"projected_sphere":{"center":[157.61260279694787,32.237628072502076],"axes":[228.95961976328093,228.95961976328093],"angle":90.0},"model_confidence":0.9657879675090575,"model_id":169,"model_birth_timestamp":75032.850243,"theta":2.253201674510264,"phi":-1.9397587728293328,"method":"3d c++","id":1}
1944937,1944932,1,75045.122641,121,137,{"topic":"pupil.1","circle_3d":{"center":[-3.537816880843176,-1.598861776517662,56.30496405286324],"normal":[-0.273963765508429,0.6333802963646386,-0.7237218079935723],"radius":1.4825195900744026},"confidence":0.8947275463263453,"timestamp":75045.122641,"diameter_3d":2.965039180148805,"ellipse":{"center":[121.1158486080711,102.19128244416541],"axes":[23.606191235797336,32.73215566978342],"angle":-62.497981503294056},"norm_pos":[0.3784870269002222,0.5742029898159775],"diameter":32.73215566978342,"sphere":{"center":[-0.25025169474202824,-9.199425332893325,64.98962574878611],"radius":12.0},"projected_sphere":{"center":[157.61260279694787,32.237628072502076],"axes":[228.95961976328093,228.95961976328093],"angle":90.0},"model_confidence":0.9658064595735039,"model_id":169,"model_birth_timestamp":75032.850243,"theta":2.2567099781494324,"phi":-1.9326743280631027,"method":"3d c++","id":1}
1944944,1944943,1,75045.131041,121,137,{"topic":"pupil.1","circle_3d":{"center":[-3.483079248775748,-1.58252393932489,56.29873171154601],"normal":[-0.26940229616947664,0.6347417827973696,-0.7242411697700085],"radius":1.4743380384509635},"confidence":0.9546665774794403,"timestamp":75045.131041,"diameter_3d":2.948676076901927,"ellipse":{"center":[121.7124336867025,102.37095448663717],"axes":[23.509855264038826,32.55292018741388],"angle":-62.936473041869164},"norm_pos":[0.3803513552709453,0.5734543563056784],"diameter":32.55292018741388,"sphere":{"center":[-0.25025169474202824,-9.199425332893325,64.98962574878611],"radius":12.0},"projected_sphere":{"center":[157.61260279694787,32.237628072502076],"axes":[228.95961976328093,228.95961976328093],"angle":90.0},"model_confidence":0.965763547916576,"model_id":169,"model_birth_timestamp":75032.850243,"theta":2.258470636230998,"phi":-1.926915567546396,"method":"3d c++","id":1}
1944952,1944949,1,75045.139441,122,136,{"topic":"pupil.1","circle_3d":{"center":[-3.4556171981266623,-1.4906746758918965,56.369834840771475],"normal":[-0.26711379194871954,0.6423958880834525,-0.7183159090012198],"radius":1.4868908588629792},"confidence":0.6968279253222065,"timestamp":75045.139441,"diameter_3d":2.9737817177259585,"ellipse":{"center":[122.0623835632515,103.3997355281159],"axes":[23.47052753345398,32.78616391361996],"angle":-63.5018128001463},"norm_pos":[0.38144494863516093,0.5691677686328505],"diameter":32.78616391361996,"sphere":{"center":[-0.25025169474202824,-9.199425332893325,64.98962574878611],"radius":12.0},"projected_sphere":{"center":[157.61260279694787,32.237628072502076],"axes":[228.95961976328093,228.95961976328093],"angle":90.0},"model_confidence":0.965763547916576,"model_id":169,"model_birth_timestamp":75032.850243,"theta":2.268416780993326,"phi":-1.9268123074466845,"method":"3d c++","id":1}
1944965,1944961,1,75045.147841,123,136,{"topic":"pupil.1","circle_3d":{"center":[-3.3656813508451195,-1.4960472213361378,56.33213975525109],"normal":[-0.2596191380085909,0.6419481759630988,-0.7214571661279181],"radius":1.4877707777113387},"confidence":0.6384768874569271,"timestamp":75045.147841,"diameter_3d":2.9755415554226774,"ellipse":{"center":[123.025440904418,103.32841216657451],"axes":[23.63500542369727,32.824642385334364],"angle":-64.09120188751203},"norm_pos":[0.3844545028263063,0.5694649493059396],"diameter":32.824642385334364,"sphere":{"center":[-0.25025169474202824,-9.199425332893325,64.98962574878611],"radius":12.0},"projected_sphere":{"center":[157.61260279694787,32.237628072502076],"axes":[228.95961976328093,228.95961976328093],"angle":90.0},"model_confidence":0.965763547916576,"model_id":169,"model_birth_timestamp":75032.850243,"theta":2.2678327277982966,"phi":-1.916222518246817,"method":"3d c++","id":1}
1944974,1944971,1,75045.156241,122,136,{"topic":"pupil.1","circle_3d":{"center":[-3.452319456407531,-1.4938009226420093,56.36581484537215],"normal":[-0.2668389801387919,0.6421353675209431,-0.7186509086178302],"radius":1.4902512201388047},"confidence":0.526902040492314,"timestamp":75045.156241,"diameter_3d":2.9805024402776095,"ellipse":{"center":[122.0962507831952,103.36320455805918],"axes":[23.538277712241968,32.86257602502315],"angle":-63.511311869537934},"norm_pos":[0.381550783697485,0.5693199810080867],"diameter":32.86257602502315,"sphere":{"center":[-0.25025169474202824,-9.199425332893325,64.98962574878611],"radius":12.0},"projected_sphere":{"center":[157.61260279694787,32.237628072502076],"axes":[228.95961976328093,228.95961976328093],"angle":90.0},"model_confidence":0.9647841314618155,"model_id":169,"model_birth_timestamp":75032.850243,"theta":2.2680768897492993,"phi":-1.926323988718864,"method":"3d c++","id":1}
1944981,1944976,1,75045.164641,122,136,{"topic":"pupil.1","circle_3d":{"center":[-3.439387831769632,-1.4915446993836703,56.36303970104559],"normal":[-0.26576134475230023,0.6423233861258044,-0.7188821706450436],"radius":1.4941457218245633},"confidence":0.558947899480817,"timestamp":75045.164641,"diameter_3d":2.9882914436491266,"ellipse":{"center":[122.23675120767817,103.38600582983874],"axes":[23.612399363146615,32.94963748704377],"angle":-63.60788038577229},"norm_pos":[0.3819898475239943,0.5692249757090053],"diameter":32.94963748704377,"sphere":{"center":[-0.25025169474202824,-9.199425332893325,64.98962574878611],"radius":12.0},"projected_sphere":{"center":[157.61260279694787,32.237628072502076],"axes":[228.95961976328093,228.95961976328093],"angle":90.0},"model_confidence":0.9647841314618155,"model_id":169,"model_birth_timestamp":75032.850243,"theta":2.2683221807314338,"phi":-1.9249008487555685,"method":"3d c++","id":1}
1944989,1944988,1,75045.173041,121,136,{"topic":"pupil.1","circle_3d":{"center":[-3.519669976867712,-1.4892785580920167,56.39517749380643],"normal":[-0.2724515235104737,0.6425122312334425,-0.716204021248307],"radius":1.499273594184343},"confidence":0.5806984722929839,"timestamp":75045.173041,"diameter_3d":2.998547188368686,"ellipse":{"center":[121.37749448030245,103.4197455618992],"axes":[23.563181295785828,33.046554657129015],"angle":-63.07751329176159},"norm_pos":[0.37930467025094516,0.5690843934920866],"diameter":33.046554657129015,"sphere":{"center":[-0.25025169474202824,-9.199425332893325,64.98962574878611],"radius":12.0},"projected_sphere":{"center":[157.61260279694787,32.237628072502076],"axes":[228.95961976328093,228.95961976328093],"angle":90.0},"model_confidence":0.9647841314618155,"model_id":169,"model_birth_timestamp":75032.850243,"theta":2.2685686007455494,"phi":-1.9343019833869504,"method":"3d c++","id":1}
1944997,1944995,1,75045.181441,121,136,{"topic":"pupil.1","circle_3d":{"center":[-3.507854586769865,-1.4870025053468021,56.39273343080334],"normal":[-0.27146690766898635,0.6427019022955435,-0.7164076931652308],"radius":1.508620875781778},"confidence":0.5769846128729641,"timestamp":75045.181441,"diameter_3d":3.017241751563556,"ellipse":{"center":[121.50639382438379,103.44134049407994],"axes":[23.721490879062095,33.25365925510225],"angle":-63.16581381559061},"norm_pos":[0.37970748070119936,0.5689944146080003],"diameter":33.25365925510225,"sphere":{"center":[-0.25025169474202824,-9.199425332893325,64.98962574878611],"radius":12.0},"projected_sphere":{"center":[157.61260279694787,32.237628072502076],"axes":[228.95961976328093,228.95961976328093],"angle":90.0},"model_confidence":0.9647841314618155,"model_id":169,"model_birth_timestamp":75032.850243,"theta":2.2688161497907946,"phi":-1.933006235475968,"method":"3d c++","id":1}
1945005,1944999,1,75045.189841,121,136,{"topic":"pupil.1","circle_3d":{"center":[-3.5031276853405515,-1.4847165477453403,56.39299465572715],"normal":[-0.27107299921654365,0.6428923987623323,-0.7163859244215802],"radius":1.5162527510403074},"confidence":0.5409611455813618,"timestamp":75045.189841,"diameter_3d":3.032505502080615,"ellipse":{"center":[121.55916850188966,103.46437265323229],"axes":[23.841759284977208,33.42158724156807],"angle":-63.20679600646895},"norm_pos":[0.3798724015684052,0.5688984472781988],"diameter":33.42158724156807,"sphere":{"center":[-0.25025169474202824,-9.199425332893325,64.98962574878611],"radius":12.0},"projected_sphere":{"center":[157.61260279694787,32.237628072502076],"axes":[228.95961976328093,228.95961976328093],"angle":90.0},"model_confidence":0.9642576557617466,"model_id":169,"model_birth_timestamp":75032.850243,"theta":2.269064827868025,"phi":-1.9325354038366795,"method":"3d c++","id":1}
1945015,1945012,1,75045.198241,121,137,{"topic":"pupil.1","circle_3d":{"center":[-3.5254933965712025,-1.5747005128954044,56.32150235246169],"normal":[-0.27293680848576457,0.6353937349998269,-0.7223436163603683],"radius":1.475419541371943},"confidence":0.4516918204779267,"timestamp":75045.198241,"diameter_3d":2.950839082743886,"ellipse":{"center":[121.26173222107747,102.46429970349809],"axes":[23.439191687566407,32.56490783193829],"angle":-62.68301367978535},"norm_pos":[0.3789429131908671,0.5730654179020913],"diameter":32.56490783193829,"sphere":{"center":[-0.25025169474202824,-9.199425332893325,64.98962574878611],"radius":12.0},"projected_sphere":{"center":[157.61260279694787,32.237628072502076],"axes":[228.95961976328093,228.95961976328093],"angle":90.0},"model_confidence":0.9642576557617466,"model_id":169,"model_birth_timestamp":75032.850243,"theta":2.2593146349768136,"phi":-1.9320624023725739,"method":"3d c++","id":1}
1945019,1945015,1,75045.206641,120,137,{"topic":"pupil.1","circle_3d":{"center":[-3.6052935693551276,-1.5659472380911517,56.35981079157133],"normal":[-0.27958682288442493,0.6361231745668477,-0.7191512464345653],"radius":1.4905726159941235},"confidence":0.5716482661889299,"timestamp":75045.206641,"diameter_3d":2.981145231988247,"ellipse":{"center":[120.41290542398978,102.56913417809865],"axes":[23.528640691582876,32.87963326816152],"angle":-62.186918560837825},"norm_pos":[0.3762903294499681,0.5726286075912557],"diameter":32.87963326816152,"sphere":{"center":[-0.25025169474202824,-9.199425332893325,64.98962574878611],"radius":12.0},"projected_sphere":{"center":[157.61260279694787,32.237628072502076],"axes":[228.95961976328093,228.95961976328093],"angle":90.0},"model_confidence":0.9642576557617466,"model_id":169,"model_birth_timestamp":75032.850243,"theta":2.260259642007082,"phi":-1.9415872310844764,"method":"3d c++","id":1}
1945027,1945027,1,75045.215041,119,138,{"topic":"pupil.1","circle_3d":{"center":[-3.7091351524980505,-1.6578125893386986,56.32012735199773],"normal":[-0.2882402881463351,0.6284677286295521,-0.7224581997323647],"radius":1.4789463324187784},"confidence":0.6424254452511171,"timestamp":75045.215041,"diameter_3d":2.9578926648375568,"ellipse":{"center":[119.24358836617353,101.54977393586606],"axes":[23.45609549827943,32.65140557932765],"angle":-61.10358365262138},"norm_pos":[0.3726362136442923,0.5768759419338914],"diameter":32.65140557932765,"sphere":{"center":[-0.25025169474202824,-9.199425332893325,64.98962574878611],"radius":12.0},"projected_sphere":{"center":[157.61260279694787,32.237628072502076],"axes":[228.95961976328093,228.95961976328093],"angle":90.0},"model_confidence":0.9642576557617466,"model_id":169,"model_birth_timestamp":75032.850243,"theta":2.2503780502977353,"phi":-1.9504158191267096,"method":"3d c++","id":1}
1945034,1945031,1,75045.223441,118,139,{"topic":"pupil.1","circle_3d":{"center":[-3.7338070524690035,-1.706841383211593,56.287555430372024],"normal":[-0.29029627981058126,0.624381995806811,-0.7251725265345069],"radius":1.5750409589971868},"confidence":0.9935528904031523,"timestamp":75045.223441,"diameter_3d":3.1500819179943735,"ellipse":{"center":[118.9595678733363,100.97249612710937],"axes":[25.09371725130042,34.795810239294525],"angle":-60.723320978075776},"norm_pos":[0.3717486496041759,0.5792812661370443],"diameter":34.795810239294525,"sphere":{"center":[-0.25025169474202824,-9.199425332893325,64.98962574878611],"radius":12.0},"projected_sphere":{"center":[157.61260279694787,32.237628072502076],"axes":[228.95961976328093,228.95961976328093],"angle":90.0},"model_confidence":0.9638148396403201,"model_id":169,"model_birth_timestamp":75032.850243,"theta":2.245136431429481,"phi":-1.9515728472712826,"method":"3d c++","id":1}
1945047,1945043,1,75045.231841,118,139,{"topic":"pupil.1","circle_3d":{"center":[-3.771447021323343,-1.7148219137314467,56.29584089235377],"normal":[-0.2934329438817762,0.6237169515968232,-0.7244820713693614],"radius":1.6191833978394459},"confidence":0.8131037487373711,"timestamp":75045.231841,"diameter_3d":3.2383667956788917,"ellipse":{"center":[118.55686866737676,100.87496143314003],"axes":[25.756097081618,35.767719849086454],"angle":-60.44062059037773},"norm_pos":[0.37049021458555237,0.5796876606952499],"diameter":35.767719849086454,"sphere":{"center":[-0.25025169474202824,-9.199425332893325,64.98962574878611],"radius":12.0},"projected_sphere":{"center":[157.61260279694787,32.237628072502076],"axes":[228.95961976328093,228.95961976328093],"angle":90.0},"model_confidence":0.963690029963904,"model_id":169,"model_birth_timestamp":75032.850243,"theta":2.2442853216536744,"phi":-1.9556265976566871,"method":"3d c++","id":1}
1945055,1945054,1,75045.240241,118,139,{"topic":"pupil.1","circle_3d":{"center":[-3.78552761296185,-1.7261664964301033,56.29179690790407],"normal":[-0.2946063265183185,0.6227715697052685,-0.7248190700735032],"radius":1.6223675726089382},"confidence":0.7989731811869785,"timestamp":75045.240241,"diameter_3d":3.2447351452178763,"ellipse":{"center":[118.39962282348316,100.74788076801455],"axes":[25.818086903346263,35.841455544440315],"angle":-60.297463917052625},"norm_pos":[0.36999882132338485,0.580217163466606],"diameter":35.841455544440315,"sphere":{"center":[-0.25025169474202824,-9.199425332893325,64.98962574878611],"radius":12.0},"projected_sphere":{"center":[157.61260279694787,32.237628072502076],"axes":[228.95961976328093,228.95961976328093],"angle":90.0},"model_confidence":0.9635105623088114,"model_id":169,"model_birth_timestamp":75032.850243,"theta":2.24307643528739,"phi":-1.9568549331863723,"method":"3d c++","id":1}
1945065,1945063,1,75045.248641,117,139,{"topic":"pupil.1","circle_3d":{"center":[-3.8702785006593046,-1.7264420967334528,56.32648962631211],"normal":[-0.3016689004931064,0.6227486030133228,-0.7219280102061668],"radius":1.497680752071577},"confidence":0.8243667805006224,"timestamp":75045.248641,"diameter_3d":2.995361504143154,"ellipse":{"center":[117.47992778700554,100.79304481000425],"axes":[23.69021778918022,33.06845415521449],"angle":-59.74773130196334},"norm_pos":[0.3671247743343923,0.5800289799583156],"diameter":33.06845415521449,"sphere":{"center":[-0.25025169474202824,-9.199425332893325,64.98962574878611],"radius":12.0},"projected_sphere":{"center":[157.61260279694787,32.237628072502076],"axes":[228.95961976328093,228.95961976328093],"angle":90.0},"model_confidence":0.9633690990335397,"model_id":169,"model_birth_timestamp":75032.850243,"theta":2.243047081613282,"phi":-1.9666086106357588,"method":"3d c++","id":1}
1945072,1945071,1,75045.257041,116,140,{"topic":"pupil.1","circle_3d":{"center":[-3.9794748941774496,-1.8219291433140494,56.29103711030366],"normal":[-0.31076859995295175,0.6147913491316063,-0.724882386540204],"radius":1.5085247656660214},"confidence":0.9382250939025606,"timestamp":75045.257041,"diameter_3d":3.017049531332043,"ellipse":{"center":[116.2547164878362,99.72759033941622],"axes":[23.956125379400504,33.33497262766391],"angle":-58.60630368769151},"norm_pos":[0.3632959890244881,0.5844683735857658],"diameter":33.33497262766391,"sphere":{"center":[-0.25025169474202824,-9.199425332893325,64.98962574878611],"radius":12.0},"projected_sphere":{"center":[157.61260279694787,32.237628072502076],"axes":[228.95961976328093,228.95961976328093],"angle":90.0},"model_confidence":0.9633690990335397,"model_id":169,"model_birth_timestamp":75032.850243,"theta":2.232917712228066,"phi":-1.975810154565279,"method":"3d c++","id":1}
1945080,1945077,1,75045.265441,116,140,{"topic":"pupil.1","circle_3d":{"center":[-3.9720506218160563,-1.8165924585382776,56.29238529587388],"normal":[-0.3101499105895023,0.6152360728629206,-0.7247700377426861],"radius":1.5059023047203564},"confidence":0.9952094984543681,"timestamp":75045.265441,"diameter_3d":3.0118046094407127,"ellipse":{"center":[116.3370442759874,99.78747751449711],"axes":[23.91179142740875,33.27581861928453],"angle":-58.678670370560354},"norm_pos":[0.36355326336246063,0.5842188436895954],"diameter":33.27581861928453,"sphere":{"center":[-0.25025169474202824,-9.199425332893325,64.98962574878611],"radius":12.0},"projected_sphere":{"center":[157.61260279694787,32.237628072502076],"axes":[228.95961976328093,228.95961976328093],"angle":90.0},"model_confidence":0.9633690990335397,"model_id":169,"model_birth_timestamp":75032.850243,"theta":2.2334817128500197,"phi":-1.9751450042058047,"method":"3d c++","id":1}
1945088,1945087,1,75045.273841,116,140,{"topic":"pupil.1","circle_3d":{"center":[-3.974235278042699,-1.819094233103196,56.29119720514803],"normal":[-0.3103319652750559,0.6150275916491775,-0.7248690453031734],"radius":1.5103722661237344},"confidence":1.0,"timestamp":75045.273841,"diameter_3d":3.020744532247469,"ellipse":{"center":[116.31263596015526,99.75830688661182],"axes":[23.986363857798523,33.37546569399291],"angle":-58.652967907192135},"norm_pos":[0.36347698737548517,0.5843403879724507],"diameter":33.37546569399291,"sphere":{"center":[-0.25025169474202824,-9.199425332893325,64.98962574878611],"radius":12.0},"projected_sphere":{"center":[157.61260279694787,32.237628072502076],"axes":[228.95961976328093,228.95961976328093],"angle":90.0},"model_confidence":0.9633690990335397,"model_id":169,"model_birth_timestamp":75032.850243,"theta":2.2332172851510133,"phi":-1.9753078718220196,"method":"3d c++","id":1}
1945096,1945087,1,75045.282241,117,140,{"topic":"pupil.1","circle_3d":{"center":[-3.8810469242722125,-1.840988708467469,56.23344299341096],"normal":[-0.30256626912751533,0.613203052035488,-0.7296818962812622],"radius":1.4736391664497537},"confidence":0.9984526532161189,"timestamp":75045.282241,"diameter_3d":2.9472783328995074,"ellipse":{"center":[117.28993148220911,99.50514587358072],"axes":[23.624251340755926,32.594216560040216],"angle":-59.14778733086888},"norm_pos":[0.3665310358819035,0.5853952255267469],"diameter":32.594216560040216,"sphere":{"center":[-0.25025169474202824,-9.199425332893325,64.98962574878611],"radius":12.0},"projected_sphere":{"center":[157.61260279694787,32.237628072502076],"axes":[228.95961976328093,228.95961976328093],"angle":90.0},"model_confidence":0.9634541158293208,"model_id":169,"model_birth_timestamp":75032.850243,"theta":2.2309054464912843,"phi":-1.9638721664854908,"method":"3d c++","id":1}
1945102,1945099,1,75045.290641,117,140,{"topic":"pupil.1","circle_3d":{"center":[-3.876849235122045,-1.8480966381697188,56.2257363894752],"normal":[-0.3022164616983347,0.6126107245603005,-0.7303241132759088],"radius":1.4845643939623345},"confidence":0.9998547580909606,"timestamp":75045.290641,"diameter_3d":2.969128787924669,"ellipse":{"center":[117.33158649810382,99.42099947452942],"axes":[23.82712919956831,32.84045973018549],"angle":-59.14150297775328},"norm_pos":[0.3666612078065744,0.585745835522794],"diameter":32.84045973018549,"sphere":{"center":[-0.25025169474202824,-9.199425332893325,64.98962574878611],"radius":12.0},"projected_sphere":{"center":[157.61260279694787,32.237628072502076],"axes":[228.95961976328093,228.95961976328093],"angle":90.0},"model_confidence":0.963481221544582,"model_id":169,"model_birth_timestamp":75032.850243,"theta":2.2301558120415073,"phi":-1.9631521135964975,"method":"3d c++","id":1}
1945111,1945110,1,75045.299041,117,140,{"topic":"pupil.1","circle_3d":{"center":[-3.8625993790832065,-1.8471375280554723,56.22065726656042],"normal":[-0.3010289736950982,0.6126906504031544,-0.7307473735188076],"radius":1.4591583992533759},"confidence":0.9997555258076121,"timestamp":75045.299041,"diameter_3d":2.9183167985067517,"ellipse":{"center":[117.4818752859347,99.43637067080658],"axes":[23.439994238284136,32.280670797536224],"angle":-59.23858695809517},"norm_pos":[0.36713086026854597,0.5856817888716392],"diameter":32.280670797536224,"sphere":{"center":[-0.25025169474202824,-9.199425332893325,64.98962574878611],"radius":12.0},"projected_sphere":{"center":[157.61260279694787,32.237628072502076],"axes":[228.95961976328093,228.95961976328093],"angle":90.0},"model_confidence":0.9634536522471704,"model_id":169,"model_birth_timestamp":75032.850243,"theta":2.2302569387047413,"phi":-1.9615589763051589,"method":"3d c++","id":1}
1945119,1945114,1,75045.307441,117,140,{"topic":"pupil.1","circle_3d":{"center":[-3.8299724370466137,-1.8157408428057327,56.233667619720265],"normal":[-0.29831006185871545,0.6153070408406327,-0.7296631774221537],"radius":1.4875310312446492},"confidence":0.9831207414246641,"timestamp":75045.307441,"diameter_3d":2.9750620624892985,"ellipse":{"center":[117.85357429426361,99.7792917522317],"axes":[23.859795768358723,32.89908676157449],"angle":-59.5975070653881},"norm_pos":[0.36829241966957377,0.584252951032368],"diameter":32.89908676157449,"sphere":{"center":[-0.25025169474202824,-9.199425332893325,64.98962574878611],"radius":12.0},"projected_sphere":{"center":[157.61260279694787,32.237628072502076],"axes":[228.95961976328093,228.95961976328093],"angle":90.0},"model_confidence":0.9630460527377149,"model_id":169,"model_birth_timestamp":75032.850243,"theta":2.2335717377214643,"phi":-1.9588937100882011,"method":"3d c++","id":1}
1945133,1945127,1,75045.315841,117,140,{"topic":"pupil.1","circle_3d":{"center":[-3.8329057235784356,-1.8209957259650027,56.23043819255318],"normal":[-0.298554502403034,0.6148691339106936,-0.7299322963527444],"radius":1.4753836730795367},"confidence":0.7078004231616091,"timestamp":75045.315841,"diameter_3d":2.9507673461590733,"ellipse":{"center":[117.81761420022006,99.72350771202163],"axes":[23.67511346709745,32.63243457280515],"angle":-59.554000144040856},"norm_pos":[0.3681800443756877,0.5844853845332432],"diameter":32.63243457280515,"sphere":{"center":[-0.25025169474202824,-9.199425332893325,64.98962574878611],"radius":12.0},"projected_sphere":{"center":[157.61260279694787,32.237628072502076],"axes":[228.95961976328093,228.95961976328093],"angle":90.0},"model_confidence":0.9630460527377149,"model_id":169,"model_birth_timestamp":75032.850243,"theta":2.2330163413338195,"phi":-1.9590514769515643,"method":"3d c++","id":1}
1945141,1945139,1,75045.324241,117,140,{"topic":"pupil.1","circle_3d":{"center":[-3.8329894588241857,-1.8234109095166673,56.2284385381417],"normal":[-0.29856148034017976,0.6146678686147214,-0.7300989342203672],"radius":1.472013953843966},"confidence":0.450366391294689,"timestamp":75045.324241,"diameter_3d":2.944027907687932,"ellipse":{"center":[117.81486051329782,99.6970663875383],"axes":[23.62780895825002,32.55909408699033],"angle":-59.542225353504534},"norm_pos":[0.3681714391040557,0.5845955567185904],"diameter":32.55909408699033,"sphere":{"center":[-0.25025169474202824,-9.199425332893325,64.98962574878611],"radius":12.0},"projected_sphere":{"center":[157.61260279694787,32.237628072502076],"axes":[228.95961976328093,228.95961976328093],"angle":90.0},"model_confidence":0.9439663979049717,"model_id":169,"model_birth_timestamp":75032.850243,"theta":2.2327611576692474,"phi":-1.9589796879153318,"method":"3d c++","id":1}
1945153,1945150,1,75045.332641,118,139,{"topic":"pupil.1","circle_3d":{"center":[-3.8049910218998053,-1.7315354920501331,56.29511888289723],"normal":[-0.2962282772631481,0.6223241534035994,-0.7245422388240735],"radius":1.501646739102998},"confidence":0.5099122127977489,"timestamp":75045.332641,"diameter_3d":3.003293478205996,"ellipse":{"center":[118.17470335836447,100.72449781377952],"axes":[23.879032886300433,33.17237229305623],"angle":-60.146834027169604},"norm_pos":[0.36929594799488896,0.5803145924425853],"diameter":33.17237229305623,"sphere":{"center":[-0.25025169474202824,-9.199425332893325,64.98962574878611],"radius":12.0},"projected_sphere":{"center":[157.61260279694787,32.237628072502076],"axes":[228.95961976328093,228.95961976328093],"angle":90.0},"model_confidence":0.9055491090302126,"model_id":169,"model_birth_timestamp":75032.850243,"theta":2.2425047169560504,"phi":-1.9589076896550044,"method":"3d c++","id":1}
1945171,1945166,1,75045.341041,117,139,{"topic":"pupil.1","circle_3d":{"center":[-3.893885062621002,-1.74047893989591,56.32428936830614],"normal":[-0.3036361139899145,0.621578866083118,-0.7221113650399977],"radius":1.4964694960482448},"confidence":0.412489012054162,"timestamp":75045.341041,"diameter_3d":2.9929389920964895,"ellipse":{"center":[117.21885095245344,100.63837362950034],"axes":[23.67246670748725,33.04412095484963],"angle":-59.531895047601495},"norm_pos":[0.366308909226417,0.5806734432104153],"diameter":33.04412095484963,"sphere":{"center":[-0.25025169474202824,-9.199425332893325,64.98962574878611],"radius":12.0},"projected_sphere":{"center":[157.61260279694787,32.237628072502076],"axes":[228.95961976328093,228.95961976328093],"angle":90.0},"model_confidence":0.9055491090302126,"model_id":169,"model_birth_timestamp":75032.850243,"theta":2.2415529489694084,"phi":-1.9688354821707068,"method":"3d c++","id":1}
1945190,1945183,1,75045.357841,113,136,{"topic":"pupil.1","circle_3d":{"center":[-4.301186560789393,-1.4641753468399212,56.75823252744729],"normal":[-0.33757790550394706,0.6446041655044502,-0.6859494351115683],"radius":1.4936614678821898},"confidence":0.2072386131646735,"timestamp":75045.357841,"diameter_3d":2.9873229357643796,"ellipse":{"center":[113.09810784669367,103.81025111448383],"axes":[22.032933646550436,32.73729526690115],"angle":-58.287359006148904},"norm_pos":[0.3534315870209177,0.567457287022984],"diameter":32.73729526690115,"sphere":{"center":[-0.25025169474202824,-9.199425332893325,64.98962574878611],"radius":12.0},"projected_sphere":{"center":[157.61260279694787,32.237628072502076],"axes":[228.95961976328093,228.95961976328093],"angle":90.0},"model_confidence":0.9055491090302126,"model_id":169,"model_birth_timestamp":75032.850243,"theta":2.271301738982667,"phi":-2.028130026870077,"method":"3d c++","id":1}
1945196,1945194,1,75045.374641,104,153,{"topic":"pupil.1","circle_3d":{"center":[-4.96522795228771,-3.036483691475178,55.836093686502466],"normal":[-0.39291468812880687,0.513578470118179,-0.7627943385236372],"radius":1.4985246597881932},"confidence":0.19491742364556933,"timestamp":75045.374641,"diameter_3d":2.9970493195763863,"ellipse":{"center":[104.98373622946784,86.09794531363889],"axes":[25.030166588653074,33.45578317534628],"angle":-45.99612725027242},"norm_pos":[0.32807417571708697,0.6412585611931714],"diameter":33.45578317534628,"sphere":{"center":[-0.25025169474202824,-9.199425332893325,64.98962574878611],"radius":12.0},"projected_sphere":{"center":[157.61260279694787,32.237628072502076],"axes":[228.95961976328093,228.95961976328093],"angle":90.0},"model_confidence":0.9055491090302126,"model_id":169,"model_birth_timestamp":75032.850243,"theta":2.1101464406352957,"phi":-2.046450133604475,"method":"3d c++","id":1}
1945209,1945206,1,75045.391441,109,155,{"topic":"pupil.1","circle_3d":{"center":[-4.5611511947795425,-3.1816744811411573,55.544901285530855],"normal":[-0.35924162500312634,0.5014792376460141,-0.7870603719379382],"radius":1.5249781331068124},"confidence":0.18755683737496823,"timestamp":75045.391441,"diameter_3d":3.049956266213625,"ellipse":{"center":[109.20535635716666,84.29100385819656],"axes":[26.645223936961532,34.21608091814275],"angle":-47.30963560835744},"norm_pos":[0.3412667386161458,0.648787483924181],"diameter":34.21608091814275,"sphere":{"center":[-0.25025169474202824,-9.199425332893325,64.98962574878611],"radius":12.0},"projected_sphere":{"center":[157.61260279694787,32.237628072502076],"axes":[228.95961976328093,228.95961976328093],"angle":90.0},"model_confidence":0.9055491090302126,"model_id":169,"model_birth_timestamp":75032.850243,"theta":2.096104022780454,"phi":-1.9989884078237548,"method":"3d c++","id":1}
1945217,1945210,1,75045.399841,119,138,{"topic":"pupil.1","circle_3d":{"center":[-3.642497875650237,-1.6258208452745002,56.32168591782087],"normal":[-0.2826871817423507,0.6311337073015687,-0.7223283192471032],"radius":1.460404720774347},"confidence":0.3309655941295795,"timestamp":75045.399841,"diameter_3d":2.920809441548694,"ellipse":{"center":[119.97492897603831,101.9067931734083],"axes":[23.172572492793734,32.238159546226235],"angle":-61.683375030017714},"norm_pos":[0.3749216530501197,0.5753883617774653],"diameter":32.238159546226235,"sphere":{"center":[-0.25025169474202824,-9.199425332893325,64.98962574878611],"radius":12.0},"projected_sphere":{"center":[157.61260279694787,32.237628072502076],"axes":[228.95961976328093,228.95961976328093],"angle":90.0},"model_confidence":0.9055491090302126,"model_id":169,"model_birth_timestamp":75032.850243,"theta":2.2538102477597013,"phi":-1.943828433111507,"method":"3d c++","id":1}
1945225,1945223,1,75045.408241,119,137,{"topic":"pupil.1","circle_3d":{"center":[-3.672117974322424,-1.579504496263386,56.37407947427957],"normal":[-0.2851555232983663,0.6349934030524949,-0.7179621895422117],"radius":1.516643568750673},"confidence":0.639669113208841,"timestamp":75045.408241,"diameter_3d":3.033287137501346,"ellipse":{"center":[119.69192118322411,102.41791967770665],"axes":[23.87394887596065,33.44901401848601],"angle":-61.68764687092008},"norm_pos":[0.37403725369757534,0.5732586680095556],"diameter":33.44901401848601,"sphere":{"center":[-0.25025169474202824,-9.199425332893325,64.98962574878611],"radius":12.0},"projected_sphere":{"center":[157.61260279694787,32.237628072502076],"axes":[228.95961976328093,228.95961976328093],"angle":90.0},"model_confidence":0.9055491090302126,"model_id":169,"model_birth_timestamp":75032.850243,"theta":2.258796307256355,"phi":-1.9488636546472715,"method":"3d c++","id":1}
1945235,1945234,1,75045.416641,118,139,{"topic":"pupil.1","circle_3d":{"center":[-3.776071822861239,-1.7439337980101977,56.272731898483954],"normal":[-0.29381834400993423,0.6212909612402606,-0.7264078208585127],"radius":1.4515086096326233},"confidence":0.9959848528241539,"timestamp":75045.416641,"diameter_3d":2.9030172192652466,"ellipse":{"center":[118.471102307954,100.59347001196193],"axes":[23.163759650830247,32.07647344456964],"angle":-60.27948341756189},"norm_pos":[0.37022219471235623,0.5808605416168253],"diameter":32.07647344456964,"sphere":{"center":[-0.25025169474202824,-9.199425332893325,64.98962574878611],"radius":12.0},"projected_sphere":{"center":[157.61260279694787,32.237628072502076],"axes":[228.95961976328093,228.95961976328093],"angle":90.0},"model_confidence":0.904835766213119,"model_id":169,"model_birth_timestamp":75032.850243,"theta":2.2411854730052045,"phi":-1.9551598717126915,"method":"3d c++","id":1}
1945242,1945241,1,75045.425041,118,138,{"topic":"pupil.1","circle_3d":{"center":[-3.7856140344982427,-1.704510724727018,56.310485921422526],"normal":[-0.29461352831301785,0.6245762173471923,-0.7232616522802985],"radius":1.4902982116366918},"confidence":0.8582896390271824,"timestamp":75045.425041,"diameter_3d":2.9805964232733837,"ellipse":{"center":[118.39757951732076,101.03017455299302],"axes":[23.650350156219282,32.91135384926314],"angle":-60.39513278552985},"norm_pos":[0.3699924359916274,0.5790409393625291],"diameter":32.91135384926314,"sphere":{"center":[-0.25025169474202824,-9.199425332893325,64.98962574878611],"radius":12.0},"projected_sphere":{"center":[157.61260279694787,32.237628072502076],"axes":[228.95961976328093,228.95961976328093],"angle":90.0},"model_confidence":0.9046169476845556,"model_id":169,"model_birth_timestamp":75032.850243,"theta":2.245385101363847,"phi":-1.9576143818534808,"method":"3d c++","id":1}
1945250,1945245,1,75045.433441,118,139,{"topic":"pupil.1","circle_3d":{"center":[-3.789180914533856,-1.7126120464865302,56.3049491979993],"normal":[-0.29491076831598567,0.6239011072005662,-0.7237230458989009],"radius":1.498546106957779},"confidence":0.9999147680481081,"timestamp":75045.433441,"diameter_3d":2.997092213915558,"ellipse":{"center":[118.35525230442241,100.93689916285012],"axes":[23.799635341879053,33.09711332693925],"angle":-60.335378234065985},"norm_pos":[0.36986016345132,0.5794295868214578],"diameter":33.09711332693925,"sphere":{"center":[-0.25025169474202824,-9.199425332893325,64.98962574878611],"radius":12.0},"projected_sphere":{"center":[157.61260279694787,32.237628072502076],"axes":[228.95961976328093,228.95961976328093],"angle":90.0},"model_confidence":0.9046407500576392,"model_id":169,"model_birth_timestamp":75032.850243,"theta":2.2445209422669032,"phi":-1.95774390200434,"method":"3d c++","id":1}
1945254,1945250,1,75045.441841,118,139,{"topic":"pupil.1","circle_3d":{"center":[-3.801307633514182,-1.7138067128672452,56.308870275025214],"normal":[-0.2959213282310128,0.62380155166884,-0.7233962894800751],"radius":1.4756942854708763},"confidence":0.9998246197102204,"timestamp":75045.441841,"diameter_3d":2.9513885709417527,"ellipse":{"center":[118.2224248171545,100.93139184776462],"axes":[23.41999981014694,32.590405811640366],"angle":-60.25116131317131},"norm_pos":[0.36944507755360784,0.5794525339676475],"diameter":32.590405811640366,"sphere":{"center":[-0.25025169474202824,-9.199425332893325,64.98962574878611],"radius":12.0},"projected_sphere":{"center":[157.61260279694787,32.237628072502076],"axes":[228.95961976328093,228.95961976328093],"angle":90.0},"model_confidence":0.9046056033440109,"model_id":169,"model_birth_timestamp":75032.850243,"theta":2.244393558965917,"phi":-1.9590990376429396,"method":"3d c++","id":1}
1945262,1945262,1,75045.450241,118,139,{"topic":"pupil.1","circle_3d":{"center":[-3.8108263242383087,-1.7128868942301132,56.31356382449087],"normal":[-0.29671455245802336,0.6238782032219343,-0.7230051603579367],"radius":1.4888813977831536},"confidence":0.999807482446481,"timestamp":75045.450241,"diameter_3d":2.9777627955663073,"ellipse":{"center":[118.12264093057799,100.93964050650978],"axes":[23.6108073245209,32.87930513468311],"angle":-60.193434283807534},"norm_pos":[0.3691332529080562,0.5794181645562093],"diameter":32.87930513468311,"sphere":{"center":[-0.25025169474202824,-9.199425332893325,64.98962574878611],"radius":12.0},"projected_sphere":{"center":[157.61260279694787,32.237628072502076],"axes":[228.95961976328093,228.95961976328093],"angle":90.0},"model_confidence":0.9047488792518599,"model_id":169,"model_birth_timestamp":75032.850243,"theta":2.2444916350193376,"phi":-1.9602279377510599,"method":"3d c++","id":1}
1945272,1945268,1,75045.458641,118,139,{"topic":"pupil.1","circle_3d":{"center":[-3.8183178800794386,-1.7260175233906487,56.30532500491985],"normal":[-0.2973388487781175,0.6227839841252231,-0.723691728655522],"radius":1.480068191197812},"confidence":0.9997799849076229,"timestamp":75045.458641,"diameter_3d":2.960136382395624,"ellipse":{"center":[118.03337975787352,100.79473988111124],"axes":[23.497279975580884,32.689938909142434],"angle":-60.08537711423625},"norm_pos":[0.36885431174335476,0.5800219171620364],"diameter":32.689938909142434,"sphere":{"center":[-0.25025169474202824,-9.199425332893325,64.98962574878611],"radius":12.0},"projected_sphere":{"center":[157.61260279694787,32.237628072502076],"axes":[228.95961976328093,228.95961976328093],"angle":90.0},"model_confidence":0.9049709878089396,"model_id":169,"model_birth_timestamp":75032.850243,"theta":2.2430923024134355,"phi":-1.9606329611494628,"method":"3d c++","id":1}
1945279,1945279,1,75045.467041,117,139,{"topic":"pupil.1","circle_3d":{"center":[-3.836970779549407,-1.7158521304058896,56.321778361476476],"normal":[-0.29889325706728154,0.6236311002072863,-0.7223206156091363],"radius":1.4934378311900154},"confidence":0.9997963868598744,"timestamp":75045.467041,"diameter_3d":2.9868756623800308,"ellipse":{"center":[117.84189258188067,100.90881143637624],"axes":[23.647980860348724,32.976116068081545],"angle":-60.01066577630755},"norm_pos":[0.3682559143183771,0.5795466190150991],"diameter":32.976116068081545,"sphere":{"center":[-0.25025169474202824,-9.199425332893325,64.98962574878611],"radius":12.0},"projected_sphere":{"center":[157.61260279694787,32.237628072502076],"axes":[228.95961976328093,228.95961976328093],"angle":90.0},"model_confidence":0.9049144564979961,"model_id":169,"model_birth_timestamp":75032.850243,"theta":2.2441754929618964,"phi":-1.963138797072291,"method":"3d c++","id":1}
1945286,1945283,1,75045.475441,117,139,{"topic":"pupil.1","circle_3d":{"center":[-3.84235524683033,-1.7258695720188602,56.315367488843954],"normal":[-0.29934196267402513,0.6227963134062054,-0.7228548549951797],"radius":1.4905170133440346},"confidence":0.9991338226059745,"timestamp":75045.475441,"diameter_3d":2.9810340266880693,"ellipse":{"center":[117.77772166162387,100.7972117200485],"axes":[23.622422203099234,32.915752131502956],"angle":-59.93036615120576},"norm_pos":[0.3680553801925746,0.5800116178331313],"diameter":32.915752131502956,"sphere":{"center":[-0.25025169474202824,-9.199425332893325,64.98962574878611],"radius":12.0},"projected_sphere":{"center":[157.61260279694787,32.237628072502076],"axes":[228.95961976328093,228.95961976328093],"angle":90.0},"model_confidence":0.9047002811467197,"model_id":169,"model_birth_timestamp":75032.850243,"theta":2.243108060919956,"phi":-1.96340764535746,"method":"3d c++","id":1}
1945299,1945295,1,75045.483841,117,139,{"topic":"pupil.1","circle_3d":{"center":[-3.8556140215649357,-1.7240833892373786,56.32241020296378],"normal":[-0.3004468605685756,0.6229451619713289,-0.7222679621518607],"radius":1.5017124325786928},"confidence":0.9997733883165814,"timestamp":75045.483841,"diameter_3d":3.0034248651573856,"ellipse":{"center":[117.63844330295902,100.8163648074405],"axes":[23.77204162687896,33.15934392402283],"angle":-59.852884922569274},"norm_pos":[0.3676201353217469,0.5799318133023312],"diameter":33.15934392402283,"sphere":{"center":[-0.25025169474202824,-9.199425332893325,64.98962574878611],"radius":12.0},"projected_sphere":{"center":[157.61260279694787,32.237628072502076],"axes":[228.95961976328093,228.95961976328093],"angle":90.0},"model_confidence":0.9046954263526863,"model_id":169,"model_birth_timestamp":75032.850243,"theta":2.2432983253365775,"phi":-1.9649996582330558,"method":"3d c++","id":1}
1945307,1945307,1,75045.492241,117,139,{"topic":"pupil.1","circle_3d":{"center":[-3.861271569096687,-1.7193645485636786,56.32883905647291],"normal":[-0.3009183228628882,0.6233383986941372,-0.7217322243594334],"radius":1.5177005979670393},"confidence":0.9999799447187482,"timestamp":75045.492241,"diameter_3d":3.0354011959340785,"ellipse":{"center":[117.582773582312,100.86616211056005],"axes":[24.001244445523504,33.50877017555996],"angle":-59.83786538092616},"norm_pos":[0.367446167444725,0.5797243245393331],"diameter":33.50877017555996,"sphere":{"center":[-0.25025169474202824,-9.199425332893325,64.98962574878611],"radius":12.0},"projected_sphere":{"center":[157.61260279694787,32.237628072502076],"axes":[228.95961976328093,228.95961976328093],"angle":90.0},"model_confidence":0.9047417918822909,"model_id":169,"model_birth_timestamp":75032.850243,"theta":2.243801115597635,"phi":-1.9658194843435222,"method":"3d c++","id":1}
1945316,1945312,1,75045.500641,117,139,{"topic":"pupil.1","circle_3d":{"center":[-3.8589511627552633,-1.7231074852507886,56.32464106382661],"normal":[-0.3007249556677696,0.6230264873035447,-0.7220820570799582],"radius":1.5157478816057834},"confidence":0.9999252220469256,"timestamp":75045.500641,"diameter_3d":3.031495763211567,"ellipse":{"center":[117.60495477086835,100.82405316360737],"axes":[23.98567229333913,33.468138484075894],"angle":-59.83576950266729},"norm_pos":[0.3675154836589636,0.5798997784849693],"diameter":33.468138484075894,"sphere":{"center":[-0.25025169474202824,-9.199425332893325,64.98962574878611],"radius":12.0},"projected_sphere":{"center":[157.61260279694787,32.237628072502076],"axes":[228.95961976328093,228.95961976328093],"angle":90.0},"model_confidence":0.9047856428362921,"model_id":169,"model_birth_timestamp":75032.850243,"theta":2.2434022909316065,"phi":-1.965419201526987,"method":"3d c++","id":1}
1945322,1945318,1,75045.509041,117,139,{"topic":"pupil.1","circle_3d":{"center":[-3.880500397693488,-1.719163286738966,56.33705537486936],"normal":[-0.30252072524595497,0.6233551705128633,-0.7210475311597293],"radius":1.5096794948939265},"confidence":0.9997571760998711,"timestamp":75045.509041,"diameter_3d":3.019358989787853,"ellipse":{"center":[117.37677762259577,100.87357585459894],"axes":[23.84056563097253,33.327417139955756],"angle":-59.71524010766768},"norm_pos":[0.36680243007061175,0.579693433939171],"diameter":33.327417139955756,"sphere":{"center":[-0.25025169474202824,-9.199425332893325,64.98962574878611],"radius":12.0},"projected_sphere":{"center":[157.61260279694787,32.237628072502076],"axes":[228.95961976328093,228.95961976328093],"angle":90.0},"model_confidence":0.9048310351480238,"model_id":169,"model_birth_timestamp":75032.850243,"theta":2.243822564430625,"phi":-1.9680479057727096,"method":"3d c++","id":1}
1945332,1945329,1,75045.517441,117,139,{"topic":"pupil.1","circle_3d":{"center":[-3.8831806739062658,-1.713426331766664,56.34314403727597],"normal":[-0.30274408159701977,0.6238332500938885,-0.7205401426258451],"radius":1.516427074308427},"confidence":0.9999914725272832,"timestamp":75045.517441,"diameter_3d":3.032854148616854,"ellipse":{"center":[117.35259158732403,100.93694231036676],"axes":[23.925143240885152,33.47277505456315],"angle":-59.72418007610068},"norm_pos":[0.3667268487103876,0.5794294070401385],"diameter":33.47277505456315,"sphere":{"center":[-0.25025169474202824,-9.199425332893325,64.98962574878611],"radius":12.0},"projected_sphere":{"center":[157.61260279694787,32.237628072502076],"axes":[228.95961976328093,228.95961976328093],"angle":90.0},"model_confidence":0.9049489681280387,"model_id":169,"model_birth_timestamp":75032.850243,"theta":2.244434116331531,"phi":-1.9685626015644553,"method":"3d c++","id":1}
1945339,1945334,1,75045.525841,117,139,{"topic":"pupil.1","circle_3d":{"center":[-3.8826636112667603,-1.7342042749481674,56.324981600022625],"normal":[-0.30270099304372766,0.6221017548287632,-0.7220536790636238],"radius":1.5140519884371988},"confidence":0.999837066597068,"timestamp":75045.525841,"diameter_3d":3.0281039768743976,"ellipse":{"center":[117.34455351766161,100.70275304371705],"axes":[23.95135306751869,33.43155621299026],"angle":-59.6325916925297},"norm_pos":[0.36670172974269255,0.5804051956511789],"diameter":33.43155621299026,"sphere":{"center":[-0.25025169474202824,-9.199425332893325,64.98962574878611],"radius":12.0},"projected_sphere":{"center":[157.61260279694787,32.237628072502076],"axes":[228.95961976328093,228.95961976328093],"angle":90.0},"model_confidence":0.9050153603008315,"model_id":169,"model_birth_timestamp":75032.850243,"theta":2.24222062787595,"phi":-1.9677630371666055,"method":"3d c++","id":1}
1945346,1945345,1,75045.534241,117,139,{"topic":"pupil.1","circle_3d":{"center":[-3.8760993678826563,-1.7158805494016702,56.33804865991639],"normal":[-0.302153972761719,0.6236287319576379,-0.7209647574058103],"radius":1.510908385629761},"confidence":0.9995848416578783,"timestamp":75045.534241,"diameter_3d":3.021816771259522,"ellipse":{"center":[117.42597945839762,100.90965245717481],"axes":[23.85767714292095,33.353740612638795],"angle":-59.758444243887055},"norm_pos":[0.36695618580749256,0.5795431147617716],"diameter":33.353740612638795,"sphere":{"center":[-0.25025169474202824,-9.199425332893325,64.98962574878611],"radius":12.0},"projected_sphere":{"center":[157.61260279694787,32.237628072502076],"axes":[228.95961976328093,228.95961976328093],"angle":90.0},"model_confidence":0.9049564537424226,"model_id":169,"model_birth_timestamp":75032.850243,"theta":2.2441724634238485,"phi":-1.9676562457804803,"method":"3d c++","id":1}
1945356,1945352,1,75045.542641,117,139,{"topic":"pupil.1","circle_3d":{"center":[-3.8991972573425926,-1.7381169154024754,56.32855924515864],"normal":[-0.30407879688338035,0.6217757014575708,-0.7217555419689562],"radius":1.5319203437185485},"confidence":0.9998686090174573,"timestamp":75045.542641,"diameter_3d":3.063840687437097,"ellipse":{"center":[117.16758671483765,100.6561606957686],"axes":[24.217096574328178,33.824771813749116],"angle":-59.50855658725891},"norm_pos":[0.36614870848386766,0.5805993304342975],"diameter":33.824771813749116,"sphere":{"center":[-0.25025169474202824,-9.199425332893325,64.98962574878611],"radius":12.0},"projected_sphere":{"center":[157.61260279694787,32.237628072502076],"axes":[228.95961976328093,228.95961976328093],"angle":90.0},"model_confidence":0.9050249363192875,"model_id":169,"model_birth_timestamp":75032.850243,"theta":2.241804247371961,"phi":-1.9695326215907527,"method":"3d c++","id":1}
1945363,1945362,1,75045.551041,117,139,{"topic":"pupil.1","circle_3d":{"center":[-3.889487842484676,-1.7196904112559697,56.3403757371954],"normal":[-0.303269678978554,0.6233112434697796,-0.7207708342992257],"radius":1.5275691241123512},"confidence":0.9998867010854545,"timestamp":75045.551041,"diameter_3d":3.0551382482247025,"ellipse":{"center":[117.28250883650665,100.86407120022574],"axes":[24.109146644159278,33.72082671689367],"angle":-59.65514259497775},"norm_pos":[0.36650784011408327,0.5797330366657261],"diameter":33.72082671689367,"sphere":{"center":[-0.25025169474202824,-9.199425332893325,64.98962574878611],"radius":12.0},"projected_sphere":{"center":[157.61260279694787,32.237628072502076],"axes":[228.95961976328093,228.95961976328093],"angle":90.0},"model_confidence":0.905040942359181,"model_id":169,"model_birth_timestamp":75032.850243,"theta":2.243766388604663,"phi":-1.9690679925438754,"method":"3d c++","id":1}
1945370,1945368,1,75045.559441,117,139,{"topic":"pupil.1","circle_3d":{"center":[-3.9068814098457714,-1.7326829767514402,56.336486566176305],"normal":[-0.30471914292531194,0.6222285296784904,-0.7210949318841504],"radius":1.5329720627618095},"confidence":0.9999652706004851,"timestamp":75045.559441,"diameter_3d":3.065944125523619,"ellipse":{"center":[117.08921442210232,100.71846984911997],"axes":[24.203574104781097,33.843386634384174],"angle":-59.484329809164194},"norm_pos":[0.3659037950690697,0.5803397089620002],"diameter":33.843386634384174,"sphere":{"center":[-0.25025169474202824,-9.199425332893325,64.98962574878611],"radius":12.0},"projected_sphere":{"center":[157.61260279694787,32.237628072502076],"axes":[228.95961976328093,228.95961976328093],"angle":90.0},"model_confidence":0.9052067954786192,"model_id":169,"model_birth_timestamp":75032.850243,"theta":2.2423825605778904,"phi":-1.9706140709822446,"method":"3d c++","id":1}
1945383,1945379,1,75045.567841,117,139,{"topic":"pupil.1","circle_3d":{"center":[-3.9068532426434888,-1.7283605156680002,56.34020636846337],"normal":[-0.30471679565845505,0.6225887347687771,-0.7207849483602281],"radius":1.537865224206587},"confidence":0.9999766894010529,"timestamp":75045.567841,"diameter_3d":3.075730448413174,"ellipse":{"center":[117.09284186319863,100.76594284077586],"axes":[24.26767476460696,33.949109893313896],"angle":-59.504316146921155},"norm_pos":[0.3659151308224957,0.5801419048301006],"diameter":33.949109893313896,"sphere":{"center":[-0.25025169474202824,-9.199425332893325,64.98962574878611],"radius":12.0},"projected_sphere":{"center":[157.61260279694787,32.237628072502076],"axes":[228.95961976328093,228.95961976328093],"angle":90.0},"model_confidence":0.9053723560375926,"model_id":169,"model_birth_timestamp":75032.850243,"theta":2.2428427733890164,"phi":-1.9707654979951403,"method":"3d c++","id":1}
1945391,1945388,1,75045.576241,117,139,{"topic":"pupil.1","circle_3d":{"center":[-3.902936048899069,-1.7363135342090947,56.33168954613154],"normal":[-0.30439036284642007,0.6219259832236859,-0.7214946835545474],"radius":1.5440961858831992},"confidence":0.9999386005668317,"timestamp":75045.576241,"diameter_3d":3.0881923717663984,"ellipse":{"center":[117.13021811087299,100.67372844345945],"axes":[24.397525239413383,34.09190895997612],"angle":-59.49285208398277},"norm_pos":[0.36603193159647807,0.5805261314855856],"diameter":34.09190895997612,"sphere":{"center":[-0.25025169474202824,-9.199425332893325,64.98962574878611],"radius":12.0},"projected_sphere":{"center":[157.61260279694787,32.237628072502076],"axes":[228.95961976328093,228.95961976328093],"angle":90.0},"model_confidence":0.9054397793289426,"model_id":169,"model_birth_timestamp":75032.850243,"theta":2.2419961448504395,"phi":-1.97002861903623,"method":"3d c++","id":1}
1945399,1945395,1,75045.584641,117,139,{"topic":"pupil.1","circle_3d":{"center":[-3.910300527888127,-1.737334873281693,56.333919624410186],"normal":[-0.30500406942884156,0.6218408716343027,-0.721308843697994],"radius":1.5178617295791537},"confidence":0.9998521133191428,"timestamp":75045.584641,"diameter_3d":3.0357234591583073,"ellipse":{"center":[117.04807027307325,100.67061273293831],"axes":[23.972924252199668,33.511430598387705],"angle":-59.441172413787456},"norm_pos":[0.3657752196033539,0.5805391136127571],"diameter":33.511430598387705,"sphere":{"center":[-0.25025169474202824,-9.199425332893325,64.98962574878611],"radius":12.0},"projected_sphere":{"center":[157.61260279694787,32.237628072502076],"axes":[228.95961976328093,228.95961976328093],"angle":90.0},"model_confidence":0.9055538130716578,"model_id":169,"model_birth_timestamp":75032.850243,"theta":2.2418874607470576,"phi":-1.9708428791215316,"method":"3d c++","id":1}
1945407,1945407,1,75045.593041,117,139,{"topic":"pupil.1","circle_3d":{"center":[-3.9016579937454217,-1.7250351076417587,56.34088463806588],"normal":[-0.30428385825028276,0.6228658521042972,-0.7207284258933525],"radius":1.5315805861243448},"confidence":0.9997121725634875,"timestamp":75045.593041,"diameter_3d":3.0631611722486896,"ellipse":{"center":[117.14969268562135,100.80445532271695],"axes":[24.167431624526824,33.80965698051134],"angle":-59.5527907571462},"norm_pos":[0.3660927896425667,0.579981436155346],"diameter":33.80965698051134,"sphere":{"center":[-0.25025169474202824,-9.199425332893325,64.98962574878611],"radius":12.0},"projected_sphere":{"center":[157.61260279694787,32.237628072502076],"axes":[228.95961976328093,228.95961976328093],"angle":90.0},"model_confidence":0.90554407870721,"model_id":169,"model_birth_timestamp":75032.850243,"theta":2.2431969445841187,"phi":-1.9702839130668048,"method":"3d c++","id":1}
1945415,1945412,1,75045.601441,117,139,{"topic":"pupil.1","circle_3d":{"center":[-3.915364847804159,-1.7221643393056532,56.34916779743751],"normal":[-0.3054260960885109,0.6231050827989727,-0.7200381626123833],"radius":1.552429168564229},"confidence":0.9999949265592215,"timestamp":75045.601441,"diameter_3d":3.104858337128458,"ellipse":{"center":[117.00770523051287,100.83318923345107],"axes":[24.46319472940319,34.26544497384443],"angle":-59.47830831058104},"norm_pos":[0.3656490788453527,0.5798617115272873],"diameter":34.26544497384443,"sphere":{"center":[-0.25025169474202824,-9.199425332893325,64.98962574878611],"radius":12.0},"projected_sphere":{"center":[157.61260279694787,32.237628072502076],"axes":[228.95961976328093,228.95961976328093],"angle":90.0},"model_confidence":0.9055969936626718,"model_id":169,"model_birth_timestamp":75032.850243,"theta":2.2435027749084147,"phi":-1.971972584734561,"method":"3d c++","id":1}
1945423,1945423,1,75045.609841,117,139,{"topic":"pupil.1","circle_3d":{"center":[-3.9024939339816407,-1.7335341421698374,56.333899588943055],"normal":[-0.30435351993663434,0.6221575992269573,-0.7213105133202548],"radius":1.549137629824994},"confidence":0.9903805330893987,"timestamp":75045.609841,"diameter_3d":3.098275259649988,"ellipse":{"center":[117.13728566062039,100.70365430024967],"axes":[24.469448280979453,34.20183713342998],"angle":-59.50841681296964},"norm_pos":[0.36605401768943874,0.5804014404156264],"diameter":34.20183713342998,"sphere":{"center":[-0.25025169474202824,-9.199425332893325,64.98962574878611],"radius":12.0},"projected_sphere":{"center":[157.61260279694787,32.237628072502076],"axes":[228.95961976328093,228.95961976328093],"angle":90.0},"model_confidence":0.9055043985810696,"model_id":169,"model_birth_timestamp":75032.850243,"theta":2.242291956761413,"phi":-1.9700767015886154,"method":"3d c++","id":1}
1945433,1945430,1,75045.618241,117,139,{"topic":"pupil.1","circle_3d":{"center":[-3.899687680794295,-1.7336595980049427,56.33260784563532],"normal":[-0.30411966550435554,0.6221471445740319,-0.721418158595899],"radius":1.5433310105764957},"confidence":0.9999115163830117,"timestamp":75045.618241,"diameter_3d":3.0866620211529914,"ellipse":{"center":[117.16648898159451,100.70342738362348],"axes":[24.383033567360414,34.07427605669781],"angle":-59.52582511314404},"norm_pos":[0.36614527806748287,0.5804023859015688],"diameter":34.07427605669781,"sphere":{"center":[-0.25025169474202824,-9.199425332893325,64.98962574878611],"radius":12.0},"projected_sphere":{"center":[157.61260279694787,32.237628072502076],"axes":[228.95961976328093,228.95961976328093],"angle":90.0},"model_confidence":0.9055549446315925,"model_id":169,"model_birth_timestamp":75032.850243,"theta":2.242278602943609,"phi":-1.9697480424311826,"method":"3d c++","id":1}
1945439,1945439,1,75045.626641,117,139,{"topic":"pupil.1","circle_3d":{"center":[-3.9067077587185053,-1.7361544944246168,56.33341887487926],"normal":[-0.30470467199803974,0.621939236539059,-0.721350572825571],"radius":1.5674817611225353},"confidence":0.9998325792699921,"timestamp":75045.626641,"diameter_3d":3.1349635222450707,"ellipse":{"center":[117.09273821072506,100.66952091684992],"axes":[24.759993989094426,34.6074992444225],"angle":-59.469356364358106},"norm_pos":[0.3659148069085158,0.5805436628464586],"diameter":34.6074992444225,"sphere":{"center":[-0.25025169474202824,-9.199425332893325,64.98962574878611],"radius":12.0},"projected_sphere":{"center":[157.61260279694787,32.237628072502076],"axes":[228.95961976328093,228.95961976328093],"angle":90.0},"model_confidence":0.9055453995433504,"model_id":169,"model_birth_timestamp":75032.850243,"theta":2.2420130696494533,"phi":-1.9704699732165534,"method":"3d c++","id":1}
1945447,1945445,1,75045.635041,117,139,{"topic":"pupil.1","circle_3d":{"center":[-3.8965540564176155,-1.741590213538295,56.32445555889637],"normal":[-0.30385853013963227,0.6214862599462525,-0.722097515824145],"radius":1.5385035516015224},"confidence":0.9998242876852692,"timestamp":75045.635041,"diameter_3d":3.077007103203045,"ellipse":{"center":[117.19430378083217,100.61466178691748],"axes":[24.336550184987164,33.972642300491344],"angle":-59.509509351811374},"norm_pos":[0.36623219931510054,0.5807722425545105],"diameter":33.972642300491344,"sphere":{"center":[-0.25025169474202824,-9.199425332893325,64.98962574878611],"radius":12.0},"projected_sphere":{"center":[157.61260279694787,32.237628072502076],"axes":[228.95961976328093,228.95961976328093],"angle":90.0},"model_confidence":0.9056497056439294,"model_id":169,"model_birth_timestamp":75032.850243,"theta":2.2414347366682277,"phi":-1.969104041869545,"method":"3d c++","id":1}
1945456,1945450,1,75045.643441,117,139,{"topic":"pupil.1","circle_3d":{"center":[-3.8775406326761295,-1.7406622826013738,56.31727723639684],"normal":[-0.3022740781611751,0.6215635875243293,-0.7226957093657727],"radius":1.538133256369741},"confidence":0.9997883363694604,"timestamp":75045.643441,"diameter_3d":3.076266512739482,"ellipse":{"center":[117.39779157738042,100.62229989962138],"axes":[24.361357451934964,33.968093526516036],"angle":-59.63581721855715},"norm_pos":[0.3668680986793138,0.5807404170849109],"diameter":33.968093526516036,"sphere":{"center":[-0.25025169474202824,-9.199425332893325,64.98962574878611],"radius":12.0},"projected_sphere":{"center":[157.61260279694787,32.237628072502076],"axes":[228.95961976328093,228.95961976328093],"angle":90.0},"model_confidence":0.9056576604617339,"model_id":169,"model_birth_timestamp":75032.850243,"theta":2.24153344503176,"phi":-1.9669435702025508,"method":"3d c++","id":1}
1945468,1945462,1,75045.651841,117,139,{"topic":"pupil.1","circle_3d":{"center":[-3.8766829353558188,-1.7448359255234482,56.31333084689226],"normal":[-0.3022026033844825,0.6212157839474898,-0.7230245751578206],"radius":1.5384480961106364},"confidence":0.9997547311619809,"timestamp":75045.651841,"diameter_3d":3.0768961922212728,"ellipse":{"center":[117.40432985287097,100.57489967236978],"axes":[24.380621206457295,33.97749505211913],"angle":-59.622189673205696},"norm_pos":[0.36688853079022177,0.5809379180317926],"diameter":33.97749505211913,"sphere":{"center":[-0.25025169474202824,-9.199425332893325,64.98962574878611],"radius":12.0},"projected_sphere":{"center":[157.61260279694787,32.237628072502076],"axes":[228.95961976328093,228.95961976328093],"angle":90.0},"model_confidence":0.905608884436826,"model_id":169,"model_birth_timestamp":75032.850243,"theta":2.241089535847147,"phi":-1.966697490509239,"method":"3d c++","id":1}
1945474,1945472,1,75045.660241,117,139,{"topic":"pupil.1","circle_3d":{"center":[-3.8768589138689085,-1.7438106280892152,56.31428544124281],"normal":[-0.3022172682605733,0.6213012254003425,-0.7229450256286085],"radius":1.5571319279879996},"confidence":0.9998931471888994,"timestamp":75045.660241,"diameter_3d":3.114263855975999,"ellipse":{"center":[117.40520311103703,100.58126767293525],"axes":[24.673441517479578,34.38968909139276],"angle":-59.625683000974135},"norm_pos":[0.3668912597219907,0.5809113846961032],"diameter":34.38968909139276,"sphere":{"center":[-0.25025169474202824,-9.199425332893325,64.98962574878611],"radius":12.0},"projected_sphere":{"center":[157.61260279694787,32.237628072502076],"axes":[228.95961976328093,228.95961976328093],"angle":90.0},"model_confidence":0.9056960113653312,"model_id":169,"model_birth_timestamp":75032.850243,"theta":2.2411985721323022,"phi":-1.9667539090830006,"method":"3d c++","id":1}
1945483,1945478,1,75045.668641,117,139,{"topic":"pupil.1","circle_3d":{"center":[-3.874104092456054,-1.7462581011520815,56.31103185257914],"normal":[-0.30198769980950213,0.6210972693117703,-0.7232161580172474],"radius":1.57615566595811},"confidence":0.9998929932990541,"timestamp":75045.668641,"diameter_3d":3.15231133191622,"ellipse":{"center":[117.43522610245503,100.5477597348148],"axes":[24.987727226443,34.81195958938473],"angle":-59.63209621255575},"norm_pos":[0.36698508157017196,0.5810510011049383],"diameter":34.81195958938473,"sphere":{"center":[-0.25025169474202824,-9.199425332893325,64.98962574878611],"radius":12.0},"projected_sphere":{"center":[157.61260279694787,32.237628072502076],"axes":[228.95961976328093,228.95961976328093],"angle":90.0},"model_confidence":0.9058448401753738,"model_id":169,"model_birth_timestamp":75032.850243,"theta":2.240938308752807,"phi":-1.9663502262375139,"method":"3d c++","id":1}
1945491,1945489,1,75045.677041,117,139,{"topic":"pupil.1","circle_3d":{"center":[-3.8709014973382145,-1.7435538496280971,56.312018046660334],"normal":[-0.3017208168830155,0.6213226236054357,-0.7231339751771478],"radius":1.5558938408049683},"confidence":0.9998575380969826,"timestamp":75045.677041,"diameter_3d":3.1117876816099366,"ellipse":{"center":[117.46883246900828,100.58359582902779],"axes":[24.66359432930102,34.36349827207343],"angle":-59.66520162208326},"norm_pos":[0.36709010146565085,0.5809016840457175],"diameter":34.36349827207343,"sphere":{"center":[-0.25025169474202824,-9.199425332893325,64.98962574878611],"radius":12.0},"projected_sphere":{"center":[157.61260279694787,32.237628072502076],"axes":[228.95961976328093,228.95961976328093],"angle":90.0},"model_confidence":0.9059454617668106,"model_id":169,"model_birth_timestamp":75032.850243,"theta":2.2412258809716388,"phi":-1.9660763354376773,"method":"3d c++","id":1}
1945500,1945500,1,75045.685441,117,138,{"topic":"pupil.1","circle_3d":{"center":[-3.8291923572302102,-1.7035485882317642,56.329197609067464],"normal":[-0.2982450552073485,0.6246563953884634,-0.7217023449765543],"radius":1.5816851332125912},"confidence":0.999737281365795,"timestamp":75045.685441,"diameter_3d":3.1633702664251824,"ellipse":{"center":[117.94246279289999,101.02196342457101],"axes":[25.02133033817753,34.9202316739468],"angle":-60.11629193512621},"norm_pos":[0.36857019622781245,0.5790751523976208],"diameter":34.9202316739468,"sphere":{"center":[-0.25025169474202824,-9.199425332893325,64.98962574878611],"radius":12.0},"projected_sphere":{"center":[157.61260279694787,32.237628072502076],"axes":[228.95961976328093,228.95961976328093],"angle":90.0},"model_confidence":0.9059801032068715,"model_id":169,"model_birth_timestamp":75032.850243,"theta":2.245487771074309,"phi":-1.9626745240823669,"method":"3d c++","id":1}
1945506,1945506,1,75045.693841,118,138,{"topic":"pupil.1","circle_3d":{"center":[-3.7581244173975636,-1.6227850981767764,56.370498663325336],"normal":[-0.2923227268879613,0.6313866862263791,-0.7182605904550649],"radius":1.5820921647062798},"confidence":0.9997388481753174,"timestamp":75045.693841,"diameter_3d":3.1641843294125596,"ellipse":{"center":[118.75247579132034,101.92316664820476],"axes":[24.895646484503565,34.89924277108178],"angle":-60.93703789440261},"norm_pos":[0.371101486847876,0.5753201389658136],"diameter":34.89924277108178,"sphere":{"center":[-0.25025169474202824,-9.199425332893325,64.98962574878611],"radius":12.0},"projected_sphere":{"center":[157.61260279694787,32.237628072502076],"axes":[228.95961976328093,228.95961976328093],"angle":90.0},"model_confidence":0.9061154731742072,"model_id":169,"model_birth_timestamp":75032.850243,"theta":2.25413643180815,"phi":-1.957311435122944,"method":"3d c++","id":1}
1945518,1945512,1,75045.702241,119,137,{"topic":"pupil.1","circle_3d":{"center":[-3.733691169317692,-1.5751082899439073,56.40269154293831],"normal":[-0.2902866228813053,0.6353597535791181,-0.715577850487317],"radius":1.5723335616374905},"confidence":0.9998571935129921,"timestamp":75045.702241,"diameter_3d":3.144667123274981,"ellipse":{"center":[119.04238904335078,102.46009757679309],"axes":[24.631222922708048,34.66220376458734],"angle":-61.30392701467349},"norm_pos":[0.37200746576047117,0.5730829267633621],"diameter":34.66220376458734,"sphere":{"center":[-0.25025169474202824,-9.199425332893325,64.98962574878611],"radius":12.0},"projected_sphere":{"center":[157.61260279694787,32.237628072502076],"axes":[228.95961976328093,228.95961976328093],"angle":90.0},"model_confidence":0.9062648426862441,"model_id":169,"model_birth_timestamp":75032.850243,"theta":2.2592706291240763,"phi":-1.9561788456856304,"method":"3d c++","id":1}
1945523,1945519,1,75045.710641,119,137,{"topic":"pupil.1","circle_3d":{"center":[-3.7192117106616185,-1.5492319415997482,56.41986160478779],"normal":[-0.28908000132663253,0.6375161159411314,-0.7141470119998599],"radius":1.5722454801467731},"confidence":0.9999438876780308,"timestamp":75045.710641,"diameter_3d":3.1444909602935462,"ellipse":{"center":[119.21331877173006,102.74966412720663],"axes":[24.571133095318423,34.6486541976872],"angle":-61.5096817124666},"norm_pos":[0.37254162116165646,0.5718763994699724],"diameter":34.6486541976872,"sphere":{"center":[-0.25025169474202824,-9.199425332893325,64.98962574878611],"radius":12.0},"projected_sphere":{"center":[157.61260279694787,32.237628072502076],"axes":[228.95961976328093,228.95961976328093],"angle":90.0},"model_confidence":0.9065415079290262,"model_id":169,"model_birth_timestamp":75032.850243,"theta":2.2620662812087686,"phi":-1.9554257018250636,"method":"3d c++","id":1}
1945530,1945528,1,75045.719041,119,137,{"topic":"pupil.1","circle_3d":{"center":[-3.733258366548187,-1.56800195842166,56.40883080870502],"normal":[-0.2902505559838466,0.6359519478726388,-0.7150662450067576],"radius":1.5738933116899743},"confidence":0.9998281085765995,"timestamp":75045.719041,"diameter_3d":3.1477866233799485,"ellipse":{"center":[119.05165834568723,102.53966296509215],"axes":[24.63343576155289,34.69265942870034],"angle":-61.33747883907398},"norm_pos":[0.3720364323302726,0.572751404312116],"diameter":34.69265942870034,"sphere":{"center":[-0.25025169474202824,-9.199425332893325,64.98962574878611],"radius":12.0},"projected_sphere":{"center":[157.61260279694787,32.237628072502076],"axes":[228.95961976328093,228.95961976328093],"angle":90.0},"model_confidence":0.9065262318096234,"model_id":169,"model_birth_timestamp":75032.850243,"theta":2.260037747497523,"phi":-1.9563847443668425,"method":"3d c++","id":1}
1945540,1945535,1,75045.727441,119,137,{"topic":"pupil.1","circle_3d":{"center":[-3.725018711758605,-1.5712378591006662,56.402615207152515],"normal":[-0.2895639180847147,0.6356822894827215,-0.7155842118027996],"radius":1.5873121305368671},"confidence":0.9999907763170921,"timestamp":75045.727441,"diameter_3d":3.1746242610737343,"ellipse":{"center":[119.13906809102457,102.49819753949731],"axes":[24.86859358972492,34.99218901749455],"angle":-61.37703226656504},"norm_pos":[0.3723095877844518,0.5729241769187612],"diameter":34.99218901749455,"sphere":{"center":[-0.25025169474202824,-9.199425332893325,64.98962574878611],"radius":12.0},"projected_sphere":{"center":[157.61260279694787,32.237628072502076],"axes":[228.95961976328093,228.95961976328093],"angle":90.0},"model_confidence":0.9066458143119571,"model_id":169,"model_birth_timestamp":75032.850243,"theta":2.259688376535597,"phi":-1.955308208337668,"method":"3d c++","id":1}
1945551,1945546,1,75045.735841,119,137,{"topic":"pupil.1","circle_3d":{"center":[-3.722467518085937,-1.5718961621091214,56.400998616062495],"normal":[-0.28935131861199237,0.6356274308986837,-0.7157189277269677],"radius":1.5670306406270502},"confidence":0.9998446888490568,"timestamp":75045.735841,"diameter_3d":3.1340612812541004,"ellipse":{"center":[119.16372245736252,102.49627608338781],"axes":[24.557119820271826,34.54582728349453],"angle":-61.39087993785691},"norm_pos":[0.37238663267925787,0.5729321829858841],"diameter":34.54582728349453,"sphere":{"center":[-0.25025169474202824,-9.199425332893325,64.98962574878611],"radius":12.0},"projected_sphere":{"center":[157.61260279694787,32.237628072502076],"axes":[228.95961976328093,228.95961976328093],"angle":90.0},"model_confidence":0.9066703014561917,"model_id":169,"model_birth_timestamp":75032.850243,"theta":2.2596173137431137,"phi":-1.95498747005686,"method":"3d c++","id":1}
1945559,1945556,1,75045.744241,119,137,{"topic":"pupil.1","circle_3d":{"center":[-3.71337094717143,-1.5796108055386604,56.39048441885278],"normal":[-0.28859327103578347,0.6349845439462221,-0.7165951108277778],"radius":1.5770190810231022},"confidence":0.9999910035002411,"timestamp":75045.744241,"diameter_3d":3.1540381620462044,"ellipse":{"center":[119.25714514863519,102.40521594251938],"axes":[24.75449811484235,34.772432102991495],"angle":-61.41680008125263},"norm_pos":[0.37267857858948494,0.5733116002395027],"diameter":34.772432102991495,"sphere":{"center":[-0.25025169474202824,-9.199425332893325,64.98962574878611],"radius":12.0},"projected_sphere":{"center":[157.61260279694787,32.237628072502076],"axes":[228.95961976328093,228.95961976328093],"angle":90.0},"model_confidence":0.9066983532007855,"model_id":169,"model_birth_timestamp":75032.850243,"theta":2.2587848394723253,"phi":-1.9536526401121523,"method":"3d c++","id":1}
1945567,1945563,1,75045.752641,119,137,{"topic":"pupil.1","circle_3d":{"center":[-3.71763289706054,-1.5910810903511035,56.382049697145156],"normal":[-0.28894843352654265,0.6340286868785184,-0.7172980043034128],"radius":1.578502226872543},"confidence":0.9998402797443786,"timestamp":75045.752641,"diameter_3d":3.157004453745086,"ellipse":{"center":[119.20459073997384,102.27607094180249],"axes":[24.80751209087059,34.810750604607165],"angle":-61.339293026483205},"norm_pos":[0.37251434606241823,0.5738497044091563],"diameter":34.810750604607165,"sphere":{"center":[-0.25025169474202824,-9.199425332893325,64.98962574878611],"radius":12.0},"projected_sphere":{"center":[157.61260279694787,32.237628072502076],"axes":[228.95961976328093,228.95961976328093],"angle":90.0},"model_confidence":0.9068280403266793,"model_id":169,"model_birth_timestamp":75032.850243,"theta":2.257548152067509,"phi":-1.9537391103270403,"method":"3d c++","id":1}
1945574,1945573,1,75045.761041,119,137,{"topic":"pupil.1","circle_3d":{"center":[-3.7075596296838085,-1.5925577493954766,56.37669434245771],"normal":[-0.28810899457848166,0.6339056319581541,-0.7177442838607003],"radius":1.59113313233988},"confidence":0.9996655534570734,"timestamp":75045.761041,"diameter_3d":3.18226626467976,"ellipse":{"center":[119.31270173884278,102.25437056242777],"axes":[25.02853597156931,35.092409557807024],"angle":-61.398657256640604},"norm_pos":[0.37285219293388366,0.573940122656551],"diameter":35.092409557807024,"sphere":{"center":[-0.25025169474202824,-9.199425332893325,64.98962574878611],"radius":12.0},"projected_sphere":{"center":[157.61260279694787,32.237628072502076],"axes":[228.95961976328093,228.95961976328093],"angle":90.0},"model_confidence":0.9068468425818876,"model_id":169,"model_birth_timestamp":75032.850243,"theta":2.25738903480546,"phi":-1.9525167438225928,"method":"3d c++","id":1}
1945583,1945579,1,75045.769441,119,137,{"topic":"pupil.1","circle_3d":{"center":[-3.7037963049882987,-1.5907220112589888,56.376806036961796],"normal":[-0.2877953841871892,0.6340586101361947,-0.71773497598536],"radius":1.5833789191598187},"confidence":0.9998991975350532,"timestamp":75045.769441,"diameter_3d":3.1667578383196373,"ellipse":{"center":[119.35323258050934,102.27680353807936],"axes":[24.907038121062463,34.92108062954585],"angle":-61.43125994145103},"norm_pos":[0.3729788518140917,0.5738466519246693],"diameter":34.92108062954585,"sphere":{"center":[-0.25025169474202824,-9.199425332893325,64.98962574878611],"radius":12.0},"projected_sphere":{"center":[157.61260279694787,32.237628072502076],"axes":[228.95961976328093,228.95961976328093],"angle":90.0},"model_confidence":0.9069175110873573,"model_id":169,"model_birth_timestamp":75032.850243,"theta":2.2575868477402383,"phi":-1.9521448615485673,"method":"3d c++","id":1}
1945591,1945590,1,75045.777841,119,137,{"topic":"pupil.1","circle_3d":{"center":[-3.697857520040648,-1.585746492926198,56.37882389325583],"normal":[-0.2873004854415516,0.6344732366639273,-0.7175668212941906],"radius":1.563948739638302},"confidence":0.9999797524104167,"timestamp":75045.777841,"diameter_3d":3.127897479276604,"ellipse":{"center":[119.41773260405552,102.33768411927615],"axes":[24.595381169467405,34.49083973669595],"angle":-61.49173191492849},"norm_pos":[0.37318041438767346,0.5735929828363494],"diameter":34.49083973669595,"sphere":{"center":[-0.25025169474202824,-9.199425332893325,64.98962574878611],"radius":12.0},"projected_sphere":{"center":[157.61260279694787,32.237628072502076],"axes":[228.95961976328093,228.95961976328093],"angle":90.0},"model_confidence":0.907175690902573,"model_id":169,"model_birth_timestamp":75032.850243,"theta":2.2581231541955713,"phi":-1.9516315461701679,"method":"3d c++","id":1}
1945599,1945594,1,75045.786241,119,137,{"topic":"pupil.1","circle_3d":{"center":[-3.7019902313331357,-1.5802012172068487,56.38538697072134],"normal":[-0.2876448780492589,0.634935342973873,-0.7170198981720641],"radius":1.58541613244228},"confidence":0.9999433561311517,"timestamp":75045.786241,"diameter_3d":3.17083226488456,"ellipse":{"center":[119.3793077918545,102.39457432478719],"axes":[24.90807534524741,34.9604183395792],"angle":-61.48856300007918},"norm_pos":[0.3730603368495453,0.5733559403133868],"diameter":34.9604183395792,"sphere":{"center":[-0.25025169474202824,-9.199425332893325,64.98962574878611],"radius":12.0},"projected_sphere":{"center":[157.61260279694787,32.237628072502076],"axes":[228.95961976328093,228.95961976328093],"angle":90.0},"model_confidence":0.9073252604995474,"model_id":169,"model_birth_timestamp":75032.850243,"theta":2.258721152608086,"phi":-1.9523085214504359,"method":"3d c++","id":1}
1945606,1945601,1,75045.794641,119,137,{"topic":"pupil.1","circle_3d":{"center":[-3.7022368931097787,-1.5770200719525107,56.38830397662622],"normal":[-0.2876654331973125,0.6352004384117346,-0.7167768143466575],"radius":1.5718808613490445},"confidence":0.9999998708096449,"timestamp":75045.794641,"diameter_3d":3.143761722698089,"ellipse":{"center":[119.37720085782341,102.4343759476887],"axes":[24.68458579992667,34.65998294395138],"angle":-61.50073704130506},"norm_pos":[0.3730537526806982,0.5731901002179638],"diameter":34.65998294395138,"sphere":{"center":[-0.25025169474202824,-9.199425332893325,64.98962574878611],"radius":12.0},"projected_sphere":{"center":[157.61260279694787,32.237628072502076],"axes":[228.95961976328093,228.95961976328093],"angle":90.0},"model_confidence":0.9074474687590817,"model_id":169,"model_birth_timestamp":75032.850243,"theta":2.2590643376312145,"phi":-1.9524504049201519,"method":"3d c++","id":1}
1945616,1945613,1,75045.803041,119,137,{"topic":"pupil.1","circle_3d":{"center":[-3.705812264830731,-1.5835521408846933,56.383954556502935],"normal":[-0.2879633808407252,0.6346560993340526,-0.7171392660235979],"radius":1.5776400910369879},"confidence":0.9998450894949779,"timestamp":75045.803041,"diameter_3d":3.1552801820739758,"ellipse":{"center":[119.33553050915893,102.35957376217647],"axes":[24.790059489919866,34.789972157562204],"angle":-61.44912589125386},"norm_pos":[0.3729235328411217,0.5735017759909313],"diameter":34.789972157562204,"sphere":{"center":[-0.25025169474202824,-9.199425332893325,64.98962574878611],"radius":12.0},"projected_sphere":{"center":[157.61260279694787,32.237628072502076],"axes":[228.95961976328093,228.95961976328093],"angle":90.0},"model_confidence":0.9075092010163321,"model_id":169,"model_birth_timestamp":75032.850243,"theta":2.258359756374099,"phi":-1.9526335233410803,"method":"3d c++","id":1}
1945622,1945618,1,75045.811441,119,137,{"topic":"pupil.1","circle_3d":{"center":[-3.7154062779725083,-1.5745396414310733,56.39580111091672],"normal":[-0.28876288193587335,0.6354071409551877,-0.7161520531557828],"radius":1.5721213595387888},"confidence":0.9997865372258762,"timestamp":75045.811441,"diameter_3d":3.1442427190775777,"ellipse":{"center":[119.23804622446067,102.4640600538783],"axes":[24.65768890685472,34.661095993654975],"angle":-61.42545799072289},"norm_pos":[0.3726188944514396,0.5730664164421737],"diameter":34.661095993654975,"sphere":{"center":[-0.25025169474202824,-9.199425332893325,64.98962574878611],"radius":12.0},"projected_sphere":{"center":[157.61260279694787,32.237628072502076],"axes":[228.95961976328093,228.95961976328093],"angle":90.0},"model_confidence":0.9076137676003238,"model_id":169,"model_birth_timestamp":75032.850243,"theta":2.2593319960929703,"phi":-1.9540707371518162,"method":"3d c++","id":1}
1945635,1945630,1,75045.819841,119,137,{"topic":"pupil.1","circle_3d":{"center":[-3.694612386060546,-1.5769583398369154,56.385302627943574],"normal":[-0.2870300576098765,0.6352055827547008,-0.7170269267368777],"radius":1.5515224438997917},"confidence":0.9999430754517749,"timestamp":75045.819841,"diameter_3d":3.1030448877995833,"ellipse":{"center":[119.45657870844511,102.43985481664896],"axes":[24.377361182084172,34.212463559263206],"angle":-61.55095702718401},"norm_pos":[0.37330180846389094,0.573167271597296],"diameter":34.212463559263206,"sphere":{"center":[-0.25025169474202824,-9.199425332893325,64.98962574878611],"radius":12.0},"projected_sphere":{"center":[157.61260279694787,32.237628072502076],"axes":[228.95961976328093,228.95961976328093],"angle":90.0},"model_confidence":0.9078772902297305,"model_id":169,"model_birth_timestamp":75032.850243,"theta":2.2590709983094297,"phi":-1.9515663209332537,"method":"3d c++","id":1}
1945643,1945641,1,75045.828241,119,137,{"topic":"pupil.1","circle_3d":{"center":[-3.699276288541717,-1.574384931449094,56.38945201637186],"normal":[-0.28741871614997405,0.6354200334536859,-0.7166811443678544],"radius":1.548522951698416},"confidence":0.9999470083489663,"timestamp":75045.828241,"diameter_3d":3.097045903396832,"ellipse":{"center":[119.40801194533914,102.47034388834194],"axes":[24.31414070607529,34.14389502482148],"angle":-61.53155100327632},"norm_pos":[0.37315003732918484,0.5730402337985752],"diameter":34.14389502482148,"sphere":{"center":[-0.25025169474202824,-9.199425332893325,64.98962574878611],"radius":12.0},"projected_sphere":{"center":[157.61260279694787,32.237628072502076],"axes":[228.95961976328093,228.95961976328093],"angle":90.0},"model_confidence":0.908091937504163,"model_id":169,"model_birth_timestamp":75032.850243,"theta":2.259348692500976,"phi":-1.9522000278189189,"method":"3d c++","id":1}
1945654,1945654,1,75045.836641,119,137,{"topic":"pupil.1","circle_3d":{"center":[-3.687544717924921,-1.580264086776138,56.37955033805687],"normal":[-0.28644108526524104,0.6349301038430989,-0.7175062842274363],"radius":1.549108212075067},"confidence":0.9999516991779925,"timestamp":75045.836641,"diameter_3d":3.098216424150134,"ellipse":{"center":[119.5298332606121,102.4023182257159],"axes":[24.361826515505694,34.16251354508936],"angle":-61.58300913791848},"norm_pos":[0.3735307289394128,0.5733236740595171],"diameter":34.16251354508936,"sphere":{"center":[-0.25025169474202824,-9.199425332893325,64.98962574878611],"radius":12.0},"projected_sphere":{"center":[157.61260279694787,32.237628072502076],"axes":[228.95961976328093,228.95961976328093],"angle":90.0},"model_confidence":0.9083473510816176,"model_id":169,"model_birth_timestamp":75032.850243,"theta":2.2587143711537325,"phi":-1.950627977310776,"method":"3d c++","id":1}
1945659,1945657,1,75045.845041,119,137,{"topic":"pupil.1","circle_3d":{"center":[-3.7069262982394044,-1.5812285708965188,56.38645896085054],"normal":[-0.2880562169581147,0.6348497301664006,-0.7169305656612974],"radius":1.563784284491184},"confidence":0.9998797781268757,"timestamp":75045.845041,"diameter_3d":3.127568568982368,"ellipse":{"center":[119.323590265989,102.3899009927898],"axes":[24.56282210685307,34.48276836361414],"angle":-61.45194571058465},"norm_pos":[0.3728862195812156,0.5733754125300425],"diameter":34.48276836361414,"sphere":{"center":[-0.25025169474202824,-9.199425332893325,64.98962574878611],"radius":12.0},"projected_sphere":{"center":[157.61260279694787,32.237628072502076],"axes":[228.95961976328093,228.95961976328093],"angle":90.0},"model_confidence":0.9083681837100399,"model_id":169,"model_birth_timestamp":75032.850243,"theta":2.258610341377303,"phi":-1.9528456768866471,"method":"3d c++","id":1}
1945666,1945663,1,75045.853441,119,137,{"topic":"pupil.1","circle_3d":{"center":[-3.689495939688741,-1.5862862769481492,56.3750037177018],"normal":[-0.2866036870788927,0.634428254662098,-0.7178851692570256],"radius":1.523159726015714},"confidence":0.9998857087755887,"timestamp":75045.853441,"diameter_3d":3.046319452031428,"ellipse":{"center":[119.50252138072548,102.34198954134489],"axes":[23.96901715619473,33.59296393035362],"angle":-61.54433926730121},"norm_pos":[0.3734453793147671,0.5735750435777296],"diameter":33.59296393035362,"sphere":{"center":[-0.25025169474202824,-9.199425332893325,64.98962574878611],"radius":12.0},"projected_sphere":{"center":[157.61260279694787,32.237628072502076],"axes":[228.95961976328093,228.95961976328093],"angle":90.0},"model_confidence":0.9084215088098646,"model_id":169,"model_birth_timestamp":75032.850243,"theta":2.258064959967859,"phi":-1.9506416072953459,"method":"3d c++","id":1}
1945675,1945674,1,75045.861841,119,137,{"topic":"pupil.1","circle_3d":{"center":[-3.696157710888618,-1.5790233215212401,56.38409235956723],"normal":[-0.2871588346788825,0.6350335009476737,-0.7171277824349068],"radius":1.5430118390980665},"confidence":0.9997373813014555,"timestamp":75045.861841,"diameter_3d":3.086023678196133,"ellipse":{"center":[119.43787784650242,102.41919851758556],"axes":[24.247481105495126,34.025554870753496],"angle":-61.53197158255193},"norm_pos":[0.37324336827032006,0.5732533395100602],"diameter":34.025554870753496,"sphere":{"center":[-0.25025169474202824,-9.199425332893325,64.98962574878611],"radius":12.0},"projected_sphere":{"center":[157.61260279694787,32.237628072502076],"axes":[228.95961976328093,228.95961976328093],"angle":90.0},"model_confidence":0.9085500844129291,"model_id":169,"model_birth_timestamp":75032.850243,"theta":2.2588482138443524,"phi":-1.9516725655691043,"method":"3d c++","id":1}
1945685,1945681,1,75045.870241,119,137,{"topic":"pupil.1","circle_3d":{"center":[-3.6974481553782206,-1.5800745569302608,56.38367836836318],"normal":[-0.28726637171968267,0.634945897996922,-0.7171622817019111],"radius":1.5465918452381873},"confidence":0.999978163663461,"timestamp":75045.870241,"diameter_3d":3.0931836904763745,"ellipse":{"center":[119.42380340180956,102.40651140252311],"axes":[24.30493588473419,34.10484549852976],"angle":-61.51897660556523},"norm_pos":[0.3731993856306549,0.573306202489487],"diameter":34.10484549852976,"sphere":{"center":[-0.25025169474202824,-9.199425332893325,64.98962574878611],"radius":12.0},"projected_sphere":{"center":[157.61260279694787,32.237628072502076],"axes":[228.95961976328093,228.95961976328093],"angle":90.0},"model_confidence":0.9087289050373482,"model_id":169,"model_birth_timestamp":75032.850243,"theta":2.2587348149905355,"phi":-1.9517851868378844,"method":"3d c++","id":1}
1945691,1945690,1,75045.878641,119,137,{"topic":"pupil.1","circle_3d":{"center":[-3.7028479489438673,-1.573388400862636,56.39176904977237],"normal":[-0.2877163545168199,0.6355030776692241,-0.7164880582511448],"radius":1.5335908230653277},"confidence":0.999996340165219,"timestamp":75045.878641,"diameter_3d":3.0671816461306554,"ellipse":{"center":[119.36889516345583,102.48627021919357],"axes":[24.0703926440732,33.81324531489311],"angle":-61.51255917989147},"norm_pos":[0.3730277973857995,0.5729738740866934],"diameter":33.81324531489311,"sphere":{"center":[-0.25025169474202824,-9.199425332893325,64.98962574878611],"radius":12.0},"projected_sphere":{"center":[157.61260279694787,32.237628072502076],"axes":[228.95961976328093,228.95961976328093],"angle":90.0},"model_confidence":0.9088652516187068,"model_id":169,"model_birth_timestamp":75032.850243,"theta":2.2594562442679265,"phi":-1.9526509059050254,"method":"3d c++","id":1}
1945701,1945697,1,75045.887041,119,137,{"topic":"pupil.1","circle_3d":{"center":[-3.7118425107337507,-1.5568151036143876,56.41012122311781],"normal":[-0.28846590133264355,0.6368841857732448,-0.7149587104723578],"radius":1.5363521022520237},"confidence":0.9999933870514454,"timestamp":75045.887041,"diameter_3d":3.0727042045040474,"ellipse":{"center":[119.28346418237524,102.67345157673779],"axes":[24.04624818468745,33.86310014835575],"angle":-61.52520969013722},"norm_pos":[0.3727608255699226,0.5721939517635926],"diameter":33.86310014835575,"sphere":{"center":[-0.25025169474202824,-9.199425332893325,64.98962574878611],"radius":12.0},"projected_sphere":{"center":[157.61260279694787,32.237628072502076],"axes":[228.95961976328093,228.95961976328093],"angle":90.0},"model_confidence":0.9089055525822176,"model_id":169,"model_birth_timestamp":75032.850243,"theta":2.26124633627092,"phi":-1.9542923160993628,"method":"3d c++","id":1}
1945706,1945701,1,75045.895441,119,137,{"topic":"pupil.1","circle_3d":{"center":[-3.70694173201305,-1.550646014151269,56.41364365229039],"normal":[-0.2880575031059185,0.637398276561838,-0.7146651747079764],"radius":1.5214274027842518},"confidence":0.9999595092288007,"timestamp":75045.895441,"diameter_3d":3.0428548055685036,"ellipse":{"center":[119.3381512947258,102.74645583816081],"axes":[23.80130531804373,33.53163552274044],"angle":-61.583695033441444},"norm_pos":[0.37293172279601816,0.5718897673409966],"diameter":33.53163552274044,"sphere":{"center":[-0.25025169474202824,-9.199425332893325,64.98962574878611],"radius":12.0},"projected_sphere":{"center":[157.61260279694787,32.237628072502076],"axes":[228.95961976328093,228.95961976328093],"angle":90.0},"model_confidence":0.9091772539910448,"model_id":169,"model_birth_timestamp":75032.850243,"theta":2.2619133395398685,"phi":-1.9539433345279422,"method":"3d c++","id":1}
1945719,1945718,1,75045.903841,119,137,{"topic":"pupil.1","circle_3d":{"center":[-3.709401354399426,-1.5390987439976804,56.424949445296846],"normal":[-0.28826247163811647,0.638360549074637,-0.713723025290772],"radius":1.521018924875106},"confidence":0.9999813238562537,"timestamp":75045.903841,"diameter_3d":3.042037849750212,"ellipse":{"center":[119.31911154168787,102.87694155392248],"axes":[23.754519660656538,33.51576322858764],"angle":-61.61714740383883},"norm_pos":[0.3728722235677746,0.5713460768586563],"diameter":33.51576322858764,"sphere":{"center":[-0.25025169474202824,-9.199425332893325,64.98962574878611],"radius":12.0},"projected_sphere":{"center":[157.61260279694787,32.237628072502076],"axes":[228.95961976328093,228.95961976328093],"angle":90.0},"model_confidence":0.9092589135162199,"model_id":169,"model_birth_timestamp":75032.850243,"theta":2.263162823245106,"phi":-1.9546478878222153,"method":"3d c++","id":1}
1945727,1945723,1,75045.912241,119,137,{"topic":"pupil.1","circle_3d":{"center":[-3.712591707321073,-1.5365308975747887,56.42853641912377],"normal":[-0.28852833438158704,0.6385745362765447,-0.7134241108051949],"radius":1.5013216542310703},"confidence":0.999982950977002,"timestamp":75045.912241,"diameter_3d":3.0026433084621407,"ellipse":{"center":[119.28464845031571,102.91171926933657],"axes":[23.433448256240844,33.07953245620535],"angle":-61.60745099696868},"norm_pos":[0.3727645264072366,0.5712011697110977],"diameter":33.07953245620535,"sphere":{"center":[-0.25025169474202824,-9.199425332893325,64.98962574878611],"radius":12.0},"projected_sphere":{"center":[157.61260279694787,32.237628072502076],"axes":[228.95961976328093,228.95961976328093],"angle":90.0},"model_confidence":0.9093681268934728,"model_id":169,"model_birth_timestamp":75032.850243,"theta":2.2634408555348715,"phi":-1.9551136832619962,"method":"3d c++","id":1}
1945735,1945734,1,75045.920641,119,136,{"topic":"pupil.1","circle_3d":{"center":[-3.7016158307628637,-1.5256815740771774,56.43382407246031],"normal":[-0.28761367800173626,0.6394786465680123,-0.71298347302715],"radius":1.5145543214835486},"confidence":0.9999849410116642,"timestamp":75045.920641,"diameter_3d":3.0291086429670973,"ellipse":{"center":[119.41006737445721,103.02876073252754],"axes":[23.62431554770259,33.36748268553332],"angle":-61.72513237987795},"norm_pos":[0.3731564605451788,0.5707134969478018],"diameter":33.36748268553332,"sphere":{"center":[-0.25025169474202824,-9.199425332893325,64.98962574878611],"radius":12.0},"projected_sphere":{"center":[157.61260279694787,32.237628072502076],"axes":[228.95961976328093,228.95961976328093],"angle":90.0},"model_confidence":0.9095349626624616,"model_id":169,"model_birth_timestamp":75032.850243,"theta":2.26461626960376,"phi":-1.9542256475013047,"method":"3d c++","id":1}
1945742,1945740,1,75045.929041,119,136,{"topic":"pupil.1","circle_3d":{"center":[-3.702791318911963,-1.5191832417464983,56.44013152018328],"normal":[-0.28771163534749455,0.6400201742622356,-0.7124578523835694],"radius":1.517636106305851},"confidence":0.9999825885463418,"timestamp":75045.929041,"diameter_3d":3.035272212611702,"ellipse":{"center":[119.40193506977987,103.10120615064616],"axes":[23.64999401870985,33.431576004796675],"angle":-61.74513684068634},"norm_pos":[0.3731310470930621,0.5704116410389743],"diameter":33.431576004796675,"sphere":{"center":[-0.25025169474202824,-9.199425332893325,64.98962574878611],"radius":12.0},"projected_sphere":{"center":[157.61260279694787,32.237628072502076],"axes":[228.95961976328093,228.95961976328093],"angle":90.0},"model_confidence":0.9095947964870232,"model_id":169,"model_birth_timestamp":75032.850243,"theta":2.2653208484621126,"phi":-1.954599796788367,"method":"3d c++","id":1}
1945751,1945745,1,75045.937441,119,136,{"topic":"pupil.1","circle_3d":{"center":[-3.707086294714408,-1.5205199642949108,56.44066634494378],"normal":[-0.2880695499976983,0.6399087807165346,-0.7124132836535276],"radius":1.5166959692700344},"confidence":0.9999989795021316,"timestamp":75045.937441,"diameter_3d":3.0333919385400687,"ellipse":{"center":[119.35513278991556,103.08698748800666],"axes":[23.632401648264263,33.41071439974216],"angle":-61.71152267470595},"norm_pos":[0.3729847899684861,0.5704708854666389],"diameter":33.41071439974216,"sphere":{"center":[-0.25025169474202824,-9.199425332893325,64.98962574878611],"radius":12.0},"projected_sphere":{"center":[157.61260279694787,32.237628072502076],"axes":[228.95961976328093,228.95961976328093],"angle":90.0},"model_confidence":0.9096769675377092,"model_id":169,"model_birth_timestamp":75032.850243,"theta":2.2651758811346663,"phi":-1.9550533900031308,"method":"3d c++","id":1}
1945759,1945757,1,75045.945841,119,136,{"topic":"pupil.1","circle_3d":{"center":[-3.7096728878403398,-1.5163373391248758,56.44547196454549],"normal":[-0.2882850994248593,0.6402573328140374,-0.7120128153533853],"radius":1.517577523485533},"confidence":0.9998988238563589,"timestamp":75045.945841,"diameter_3d":3.035155046971066,"ellipse":{"center":[119.33025679646275,103.13415665273646],"axes":[23.62864956693245,33.42729880136998],"angle":-61.712514269450025},"norm_pos":[0.37290705248894607,0.5702743472802647],"diameter":33.42729880136998,"sphere":{"center":[-0.25025169474202824,-9.199425332893325,64.98962574878611],"radius":12.0},"projected_sphere":{"center":[157.61260279694787,32.237628072502076],"axes":[228.95961976328093,228.95961976328093],"angle":90.0},"model_confidence":0.9097865334118604,"model_id":169,"model_birth_timestamp":75032.850243,"theta":2.2656295444321404,"phi":-1.9555089649981894,"method":"3d c++","id":1}
1945768,1945763,1,75045.954241,119,136,{"topic":"pupil.1","circle_3d":{"center":[-3.688500826631613,-1.5165161492498456,56.43676953679779],"normal":[-0.2865207609907987,0.64024243197029,-0.7127380176656933],"radius":1.506153953499459},"confidence":0.9998824475746498,"timestamp":75045.954241,"diameter_3d":3.012307906998918,"ellipse":{"center":[119.55507149910227,103.13252602868312],"axes":[23.486127544422477,33.17999129999087],"angle":-61.84956112176084},"norm_pos":[0.3736095984346946,0.5702811415471537],"diameter":33.17999129999087,"sphere":{"center":[-0.25025169474202824,-9.199425332893325,64.98962574878611],"radius":12.0},"projected_sphere":{"center":[157.61260279694787,32.237628072502076],"axes":[228.95961976328093,228.95961976328093],"angle":90.0},"model_confidence":0.9099809497398192,"model_id":169,"model_birth_timestamp":75032.850243,"theta":2.265610146502455,"phi":-1.953025745970475,"method":"3d c++","id":1}
1945775,1945774,1,75045.962641,119,136,{"topic":"pupil.1","circle_3d":{"center":[-3.6996393782099686,-1.5084131222806691,56.448545267644],"normal":[-0.28744897362232835,0.6409176842177213,-0.7117567067618424],"radius":1.4870372570094201},"confidence":0.9998148071440851,"timestamp":75045.962641,"diameter_3d":2.9740745140188403,"ellipse":{"center":[119.43932121415878,103.23039745944577],"axes":[23.144660061624894,32.75208956726534],"angle":-61.811495846200415},"norm_pos":[0.3732478787942462,0.569873343918976],"diameter":32.75208956726534,"sphere":{"center":[-0.25025169474202824,-9.199425332893325,64.98962574878611],"radius":12.0},"projected_sphere":{"center":[157.61260279694787,32.237628072502076],"axes":[228.95961976328093,228.95961976328093],"angle":90.0},"model_confidence":0.9101302677478773,"model_id":169,"model_birth_timestamp":75032.850243,"theta":2.2664895056436887,"phi":-1.9546245380021,"method":"3d c++","id":1}
1945783,1945779,1,75045.971041,119,136,{"topic":"pupil.1","circle_3d":{"center":[-3.6750950359130803,-1.4931940130543264,56.452386913333],"normal":[-0.28540361176425433,0.6421859433199165,-0.7114365696210926],"radius":1.484486048926239},"confidence":0.999976747151206,"timestamp":75045.971041,"diameter_3d":2.968972097852478,"ellipse":{"center":[119.71080215585164,103.3991453662574],"axes":[23.09759980790911,32.692548090407165],"angle":-62.035619803948464},"norm_pos":[0.3740962567370364,0.5691702276405941],"diameter":32.692548090407165,"sphere":{"center":[-0.25025169474202824,-9.199425332893325,64.98962574878611],"radius":12.0},"projected_sphere":{"center":[157.61260279694787,32.237628072502076],"axes":[228.95961976328093,228.95961976328093],"angle":90.0},"model_confidence":0.9102494479475975,"model_id":169,"model_birth_timestamp":75032.850243,"theta":2.2681428664944177,"phi":-1.9523068047200454,"method":"3d c++","id":1}
1945792,1945785,1,75045.979441,119,136,{"topic":"pupil.1","circle_3d":{"center":[-3.67645542205438,-1.4813652530572519,56.463625712251286],"normal":[-0.2855169772760293,0.6431716733196727,-0.7105000030445684],"radius":1.4834297780344632},"confidence":0.9999807675095848,"timestamp":75045.979441,"diameter_3d":2.9668595560689264,"ellipse":{"center":[119.7036455602229,103.532650370978],"axes":[23.042281864293116,32.66259327106406],"angle":-62.076509442066424},"norm_pos":[0.37407389237569655,0.5686139567875916],"diameter":32.66259327106406,"sphere":{"center":[-0.25025169474202824,-9.199425332893325,64.98962574878611],"radius":12.0},"projected_sphere":{"center":[157.61260279694787,32.237628072502076],"axes":[228.95961976328093,228.95961976328093],"angle":90.0},"model_confidence":0.910416024514904,"model_id":169,"model_birth_timestamp":75032.850243,"theta":2.2694294925828937,"phi":-1.9528996047068972,"method":"3d c++","id":1}
1945803,1945802,1,75045.987841,119,136,{"topic":"pupil.1","circle_3d":{"center":[-3.6823683476183593,-1.4551881040284318,56.489780748780994],"normal":[-0.2860097210730276,0.6453531024054078,-0.708320416667093],"radius":1.489250420714907},"confidence":0.999959482745332,"timestamp":75045.987841,"diameter_3d":2.978500841429814,"ellipse":{"center":[119.65772572335396,103.82609759133273],"axes":[23.04133500027325,32.775310086423005],"angle":-62.147685771479814},"norm_pos":[0.37393039288548113,0.5673912600361136],"diameter":32.775310086423005,"sphere":{"center":[-0.25025169474202824,-9.199425332893325,64.98962574878611],"radius":12.0},"projected_sphere":{"center":[157.61260279694787,32.237628072502076],"axes":[228.95961976328093,228.95961976328093],"angle":90.0},"model_confidence":0.9107018609669115,"model_id":169,"model_birth_timestamp":75032.850243,"theta":2.272281765682414,"phi":-1.9545620520192304,"method":"3d c++","id":1}
1945811,1945808,1,75045.996241,119,135,{"topic":"pupil.1","circle_3d":{"center":[-3.6587382081828186,-1.4252986450534086,56.507575647006036],"normal":[-0.2840405427867325,0.6478438906533264,-0.706837508481673],"radius":1.4655507076949137},"confidence":0.9993072547865484,"timestamp":75045.996241,"diameter_3d":2.9311014153898274,"ellipse":{"center":[119.92663876772966,104.16534975154276],"axes":[22.61965838323375,32.24207427183818],"angle":-62.42538773747145},"norm_pos":[0.3747707461491552,0.5659777093685718],"diameter":32.24207427183818,"sphere":{"center":[-0.25025169474202824,-9.199425332893325,64.98962574878611],"radius":12.0},"projected_sphere":{"center":[157.61260279694787,32.237628072502076],"axes":[228.95961976328093,228.95961976328093],"angle":90.0},"model_confidence":0.9107737311603303,"model_id":169,"model_birth_timestamp":75032.850243,"theta":2.2755469624888938,"phi":-1.9528939433049743,"method":"3d c++","id":1}
1945818,1945814,1,75046.004641,120,135,{"topic":"pupil.1","circle_3d":{"center":[-3.6285501912174065,-1.419892443993481,56.50045810412048],"normal":[-0.2815248747062815,0.6482944074083203,-0.7074306370554693],"radius":1.462334258814855},"confidence":0.9997231506275611,"timestamp":75046.004641,"diameter_3d":2.92466851762971,"ellipse":{"center":[120.25201768042442,104.22325172049437],"axes":[22.600959678870357,32.17427321284264],"angle":-62.64423435134674},"norm_pos":[0.3757875552513263,0.5657364511646068],"diameter":32.17427321284264,"sphere":{"center":[-0.25025169474202824,-9.199425332893325,64.98962574878611],"radius":12.0},"projected_sphere":{"center":[157.61260279694787,32.237628072502076],"axes":[228.95961976328093,228.95961976328093],"angle":90.0},"model_confidence":0.9108155891855207,"model_id":169,"model_birth_timestamp":75032.850243,"theta":2.276138516744117,"phi":-1.9495376953991774,"method":"3d c++","id":1}
1945828,1945825,1,75046.013041,120,135,{"topic":"pupil.1","circle_3d":{"center":[-3.593949523463198,-1.4172300998118814,56.48920680708625],"normal":[-0.2786414857267641,0.6485162694234536,-0.7083682451416551],"radius":1.452643215538318},"confidence":0.9989990282953416,"timestamp":75046.013041,"diameter_3d":2.905286431076636,"ellipse":{"center":[120.62238633125479,104.25158759285331],"axes":[22.49669406569856,31.966195173492828],"angle":-62.881527772338075},"norm_pos":[0.3769449572851712,0.5656183850297778],"diameter":31.966195173492828,"sphere":{"center":[-0.25025169474202824,-9.199425332893325,64.98962574878611],"radius":12.0},"projected_sphere":{"center":[157.61260279694787,32.237628072502076],"axes":[228.95961976328093,228.95961976328093],"angle":90.0},"model_confidence":0.9106982078643022,"model_id":169,"model_birth_timestamp":75032.850243,"theta":2.2764299437643825,"phi":-1.9455627452936055,"method":"3d c++","id":1}
1945837,1945836,1,75046.021441,120,135,{"topic":"pupil.1","circle_3d":{"center":[-3.566825954006842,-1.4216250696811468,56.474570948706514],"normal":[-0.2763811882720678,0.6481500219343482,-0.7095879000066332],"radius":1.446723976951257},"confidence":0.999816206093921,"timestamp":75046.021441,"diameter_3d":2.893447953902514,"ellipse":{"center":[120.90904294578198,104.20056639564609],"axes":[22.46002054041,31.8433640152311],"angle":-63.041918384809264},"norm_pos":[0.3778407592055687,0.5658309733514746],"diameter":31.8433640152311,"sphere":{"center":[-0.25025169474202824,-9.199425332893325,64.98962574878611],"radius":12.0},"projected_sphere":{"center":[157.61260279694787,32.237628072502076],"axes":[228.95961976328093,228.95961976328093],"angle":90.0},"model_confidence":0.9107761757656374,"model_id":169,"model_birth_timestamp":75032.850243,"theta":2.2759488979335214,"phi":-1.9422143006004506,"method":"3d c++","id":1}
1945842,1945841,1,75046.029841,121,135,{"topic":"pupil.1","circle_3d":{"center":[-3.544103008320475,-1.3889366212649197,56.49569794066561],"normal":[-0.27448760946487055,0.6508740593023671,-0.7078273173433755],"radius":1.4626509212710896},"confidence":0.9998463091142622,"timestamp":75046.029841,"diameter_3d":2.9253018425421793,"ellipse":{"center":[121.17375179352518,104.56079235269921],"axes":[22.64102205142005,32.18069937538598],"angle":-63.324046014592824},"norm_pos":[0.3786679743547662,0.5643300318637533],"diameter":32.18069937538598,"sphere":{"center":[-0.25025169474202824,-9.199425332893325,64.98962574878611],"radius":12.0},"projected_sphere":{"center":[157.61260279694787,32.237628072502076],"axes":[228.95961976328093,228.95961976328093],"angle":90.0},"model_confidence":0.9109827219312749,"model_id":169,"model_birth_timestamp":75032.850243,"theta":2.2795315076971,"phi":-1.9407318145388341,"method":"3d c++","id":1}
1945851,1945847,1,75046.038241,121,134,{"topic":"pupil.1","circle_3d":{"center":[-3.488773128305794,-1.293647939469741,56.562843282744836],"normal":[-0.2698767861303138,0.6588147827852987,-0.7022318721701064],"radius":1.4380511745494604},"confidence":0.991973507534746,"timestamp":75046.038241,"diameter_3d":2.876102349098921,"ellipse":{"center":[121.82209372841534,105.62987608664754],"axes":[22.04861031453401,31.59841276780694],"angle":-64.06641691085582},"norm_pos":[0.38069404290129794,0.5598755163056353],"diameter":31.59841276780694,"sphere":{"center":[-0.25025169474202824,-9.199425332893325,64.98962574878611],"radius":12.0},"projected_sphere":{"center":[157.61260279694787,32.237628072502076],"axes":[228.95961976328093,228.95961976328093],"angle":90.0},"model_confidence":0.9109862326390661,"model_id":169,"model_birth_timestamp":75032.850243,"theta":2.290038551346408,"phi":-1.9377066526778668,"method":"3d c++","id":1}
1945860,1945859,1,75046.046641,122,130,{"topic":"pupil.1","circle_3d":{"center":[-3.4578622341017513,-0.9492046007942214,56.887459834696806],"normal":[-0.2673008782799769,0.6875183943415919,-0.6751804928407753],"radius":1.5173381401429304},"confidence":0.5017031775438088,"timestamp":75046.046641,"diameter_3d":3.034676280285861,"ellipse":{"center":[122.37879990153455,109.44605584485357],"axes":[22.138724283271976,33.14450939641481],"angle":-65.55122405026805},"norm_pos":[0.3824337496922955,0.5439747673131101],"diameter":33.14450939641481,"sphere":{"center":[-0.25025169474202824,-9.199425332893325,64.98962574878611],"radius":12.0},"projected_sphere":{"center":[157.61260279694787,32.237628072502076],"axes":[228.95961976328093,228.95961976328093],"angle":90.0},"model_confidence":0.9109862326390661,"model_id":169,"model_birth_timestamp":75032.850243,"theta":2.328862422650603,"phi":-1.9477592896808882,"method":"3d c++","id":1}
1945869,1945869,1,75046.055041,122,128,{"topic":"pupil.1","circle_3d":{"center":[-3.47832586055015,-0.8025416142016226,57.04784502940004],"normal":[-0.2690061804840102,0.6997403098909754,-0.6618150599488396],"radius":1.513687149668176},"confidence":0.5314825673902078,"timestamp":75046.055041,"diameter_3d":3.027374299336352,"ellipse":{"center":[122.26008829042132,111.0722456246878],"axes":[21.527045205245404,32.970248073122974],"angle":-65.93622541113848},"norm_pos":[0.38206277590756665,0.5371989765638008],"diameter":32.970248073122974,"sphere":{"center":[-0.25025169474202824,-9.199425332893325,64.98962574878611],"radius":12.0},"projected_sphere":{"center":[157.61260279694787,32.237628072502076],"axes":[228.95961976328093,228.95961976328093],"angle":90.0},"model_confidence":0.9109862326390661,"model_id":169,"model_birth_timestamp":75032.850243,"theta":2.3458302492941168,"phi":-1.9568654993677295,"method":"3d c++","id":1}
1945878,1945875,1,75046.063441,121,128,{"topic":"pupil.1","circle_3d":{"center":[-3.6009329411164606,-0.7266859819622731,57.18029651533852],"normal":[-0.27922343719786935,0.7060616125775877,-0.6507774361206327],"radius":1.5094812595103781},"confidence":0.5144962187550748,"timestamp":75046.063441,"diameter_3d":3.0189625190207563,"ellipse":{"center":[121.01831081584942,111.9188414931293],"axes":[20.988270802512503,32.80490040221549],"angle":-65.43716702066598},"norm_pos":[0.37818222129952944,0.5336714937786279],"diameter":32.80490040221549,"sphere":{"center":[-0.25025169474202824,-9.199425332893325,64.98962574878611],"radius":12.0},"projected_sphere":{"center":[157.61260279694787,32.237628072502076],"axes":[228.95961976328093,228.95961976328093],"angle":90.0},"model_confidence":0.9109862326390661,"model_id":169,"model_birth_timestamp":75032.850243,"theta":2.3547174887999245,"phi":-1.9761019282844459,"method":"3d c++","id":1}
1945888,1945886,1,75046.071841,120,129,{"topic":"pupil.1","circle_3d":{"center":[-3.6476685178933077,-0.8416208694823286,57.07731486756084],"normal":[-0.28311806859593996,0.6964837052842496,-0.6593592401021063],"radius":1.4027367430244118},"confidence":0.7318940164799539,"timestamp":75046.071841,"diameter_3d":2.8054734860488235,"ellipse":{"center":[120.4337466674243,110.68277786757237],"axes":[19.82122536208786,30.54209456293868],"angle":-64.74410372023891},"norm_pos":[0.37635545833570094,0.5388217588851152],"diameter":30.54209456293868,"sphere":{"center":[-0.25025169474202824,-9.199425332893325,64.98962574878611],"radius":12.0},"projected_sphere":{"center":[157.61260279694787,32.237628072502076],"axes":[228.95961976328093,228.95961976328093],"angle":90.0},"model_confidence":0.911099932454551,"model_id":169,"model_birth_timestamp":75032.850243,"theta":2.341281831092153,"phi":-1.976374087319273,"method":"3d c++","id":1}
1945896,1945892,1,75046.080241,120,129,{"topic":"pupil.1","circle_3d":{"center":[-3.6363670599265183,-0.8145673441238959,57.10112910862514],"normal":[-0.28217628043204085,0.6987381657307857,-0.6573747200134146],"radius":1.4170631505732914},"confidence":0.7142707041422401,"timestamp":75046.080241,"diameter_3d":2.8341263011465827,"ellipse":{"center":[120.57362604627284,110.97693873473884],"axes":[19.949494008202507,30.84056762597747],"angle":-64.91048803549106},"norm_pos":[0.3767925813946026,0.5375960886052549],"diameter":30.84056762597747,"sphere":{"center":[-0.25025169474202824,-9.199425332893325,64.98962574878611],"radius":12.0},"projected_sphere":{"center":[157.61260279694787,32.237628072502076],"axes":[228.95961976328093,228.95961976328093],"angle":90.0},"model_confidence":0.9109996725019998,"model_id":169,"model_birth_timestamp":75032.850243,"theta":2.3444284285405628,"phi":-1.9762589126307282,"method":"3d c++","id":1}
1945903,1945902,1,75046.088641,121,128,{"topic":"pupil.1","circle_3d":{"center":[-3.595701915589347,-0.8024736359154812,57.09664373826224],"normal":[-0.2787875184039432,0.6997459747481536,-0.6577485008769897],"radius":1.3892876911524683},"confidence":0.9900884132137975,"timestamp":75046.088641,"diameter_3d":2.7785753823049366,"ellipse":{"center":[121.00927103397457,111.11418013708],"axes":[19.580240660104906,30.236978032389118],"angle":-65.20456649283011},"norm_pos":[0.3781539719811705,0.5370242494288333],"diameter":30.236978032389118,"sphere":{"center":[-0.25025169474202824,-9.199425332893325,64.98962574878611],"radius":12.0},"projected_sphere":{"center":[157.61260279694787,32.237628072502076],"axes":[228.95961976328093,228.95961976328093],"angle":90.0},"model_confidence":0.9109163591176084,"model_id":169,"model_birth_timestamp":75032.850243,"theta":2.345838178886232,"phi":-1.9716935628509544,"method":"3d c++","id":1}
1945914,1945913,1,75046.097041,120,128,{"topic":"pupil.1","circle_3d":{"center":[-3.620122903974034,-0.7856830989851495,57.12496366739068],"normal":[-0.2808226007693338,0.7011451861590147,-0.6553885067829524],"radius":1.4134063286463963},"confidence":0.9997760623148397,"timestamp":75046.097041,"diameter_3d":2.8268126572927925,"ellipse":{"center":[120.76551748485477,111.29521446367131],"axes":[19.824807266927643,30.747267538246547],"angle":-65.11296769308186},"norm_pos":[0.37739224214017114,0.5362699397347028],"diameter":30.747267538246547,"sphere":{"center":[-0.25025169474202824,-9.199425332893325,64.98962574878611],"radius":12.0},"projected_sphere":{"center":[157.61260279694787,32.237628072502076],"axes":[228.95961976328093,228.95961976328093],"angle":90.0},"model_confidence":0.911234201789346,"model_id":169,"model_birth_timestamp":75032.850243,"theta":2.347798667725107,"phi":-1.9756131037043325,"method":"3d c++","id":1}
1945921,1945918,1,75046.105441,120,128,{"topic":"pupil.1","circle_3d":{"center":[-3.618559837392749,-0.7818851248230807,57.12835885968525],"normal":[-0.28069234522089337,0.7014616840058537,-0.6551055740917388],"radius":1.3844264623507478},"confidence":0.9985162692847296,"timestamp":75046.105441,"diameter_3d":2.7688529247014957,"ellipse":{"center":[120.78246775781133,111.34417348391563],"axes":[19.407701530130293,30.11474030507109],"angle":-65.1360611554503},"norm_pos":[0.3774452117431604,0.5360659438170182],"diameter":30.11474030507109,"sphere":{"center":[-0.25025169474202824,-9.199425332893325,64.98962574878611],"radius":12.0},"projected_sphere":{"center":[157.61260279694787,32.237628072502076],"axes":[228.95961976328093,228.95961976328093],"angle":90.0},"model_confidence":0.9109981136836032,"model_id":169,"model_birth_timestamp":75032.850243,"theta":2.3482426491188875,"phi":-1.9756014657575431,"method":"3d c++","id":1}
1945927,1945924,1,75046.113841,120,128,{"topic":"pupil.1","circle_3d":{"center":[-3.6436877803935346,-0.7979303103142215,57.1220039405027],"normal":[-0.28278634047095885,0.7001245852149253,-0.6556351506902843],"radius":1.4028687756954883},"confidence":0.9988873816379927,"timestamp":75046.113841,"diameter_3d":2.8057375513909766,"ellipse":{"center":[120.50730719606656,111.16460222336393],"axes":[19.681688312586406,30.520344210511496],"angle":-64.92464824045175},"norm_pos":[0.376585334987708,0.5368141574026504],"diameter":30.520344210511496,"sphere":{"center":[-0.25025169474202824,-9.199425332893325,64.98962574878611],"radius":12.0},"projected_sphere":{"center":[157.61260279694787,32.237628072502076],"axes":[228.95961976328093,228.95961976328093],"angle":90.0},"model_confidence":0.9108683517991656,"model_id":169,"model_birth_timestamp":75032.850243,"theta":2.346368292520084,"phi":-1.978005023764566,"method":"3d c++","id":1}
1945939,1945936,1,75046.122241,120,128,{"topic":"pupil.1","circle_3d":{"center":[-3.648628702196252,-0.8051411196541274,57.116441751027025],"normal":[-0.2831980839545186,0.6995236844365998,-0.6560986664799234],"radius":1.4221325145608765},"confidence":0.9992752687406617,"timestamp":75046.122241,"diameter_3d":2.844265029121753,"ellipse":{"center":[120.4515242597316,111.08062025892804],"axes":[19.969080244340635,30.942839899620033],"angle":-64.86858251198251},"norm_pos":[0.37641101331166127,0.5371640822544665],"diameter":30.942839899620033,"sphere":{"center":[-0.25025169474202824,-9.199425332893325,64.98962574878611],"radius":12.0},"projected_sphere":{"center":[157.61260279694787,32.237628072502076],"axes":[228.95961976328093,228.95961976328093],"angle":90.0},"model_confidence":0.9109243044128967,"model_id":169,"model_birth_timestamp":75032.850243,"theta":2.345527066039716,"phi":-1.9782772014815087,"method":"3d c++","id":1}
1945948,1945941,1,75046.130641,120,129,{"topic":"pupil.1","circle_3d":{"center":[-3.668782005075398,-0.8135928118226072,57.11615996516294],"normal":[-0.28487752586111414,0.6988193767558932,-0.6561221486352639],"radius":1.413875008291299},"confidence":0.9989191580540379,"timestamp":75046.130641,"diameter_3d":2.827750016582598,"ellipse":{"center":[120.23224400066793,110.9910490342703],"axes":[19.84992843928506,30.76393430271688],"angle":-64.71467799681179},"norm_pos":[0.3757257625020873,0.5375372956905404],"diameter":30.76393430271688,"sphere":{"center":[-0.25025169474202824,-9.199425332893325,64.98962574878611],"radius":12.0},"projected_sphere":{"center":[157.61260279694787,32.237628072502076],"axes":[228.95961976328093,228.95961976328093],"angle":90.0},"model_confidence":0.910733316682022,"model_id":169,"model_birth_timestamp":75032.850243,"theta":2.344541956751228,"phi":-1.9804198434773144,"method":"3d c++","id":1}
1945952,1945948,1,75046.139041,120,129,{"topic":"pupil.1","circle_3d":{"center":[-3.6793336709785534,-0.8286718392022419,57.10471086350623],"normal":[-0.28575683135304375,0.6975627911409237,-0.6570762404399906],"radius":1.4294353718411406},"confidence":0.9991776859311288,"timestamp":75046.139041,"diameter_3d":2.858870743682281,"ellipse":{"center":[120.1113034718305,110.82157243597835],"axes":[20.103491899759536,31.10937632500295],"angle":-64.59579200171811},"norm_pos":[0.3753478233494703,0.5382434481834235],"diameter":31.10937632500295,"sphere":{"center":[-0.25025169474202824,-9.199425332893325,64.98962574878611],"radius":12.0},"projected_sphere":{"center":[157.61260279694787,32.237628072502076],"axes":[228.95961976328093,228.95961976328093],"angle":90.0},"model_confidence":0.9106638153758673,"model_id":169,"model_birth_timestamp":75032.850243,"theta":2.3427867309769956,"phi":-1.9810151913908713,"method":"3d c++","id":1}
1945961,1945958,1,75046.147441,119,129,{"topic":"pupil.1","circle_3d":{"center":[-3.6924573326985164,-0.8337887830954767,57.10499858812043],"normal":[-0.28685046982970736,0.6971363791498206,-0.6570522633888066],"radius":1.4397041409514677},"confidence":0.9994009775413959,"timestamp":75046.147441,"diameter_3d":2.8794082819029354,"ellipse":{"center":[119.97009369152822,110.76354517193025],"axes":[20.244379421496642,31.33322682478934],"angle":-64.4968731586458},"norm_pos":[0.3749065427860257,0.5384852284502906],"diameter":31.33322682478934,"sphere":{"center":[-0.25025169474202824,-9.199425332893325,64.98962574878611],"radius":12.0},"projected_sphere":{"center":[157.61260279694787,32.237628072502076],"axes":[228.95961976328093,228.95961976328093],"angle":90.0},"model_confidence":0.910633227858304,"model_id":169,"model_birth_timestamp":75032.850243,"theta":2.342191791006627,"phi":-1.982427398651408,"method":"3d c++","id":1}
1945971,1945969,1,75046.155841,119,129,{"topic":"pupil.1","circle_3d":{"center":[-3.6961210862386262,-0.8451568665919833,57.094552441355084],"normal":[-0.28715578262471647,0.6961890388584451,-0.6579227756192523],"radius":1.4100565247724606},"confidence":0.9978794826923804,"timestamp":75046.155841,"diameter_3d":2.820113049544921,"ellipse":{"center":[119.920737487188,110.64584221238712],"axes":[19.859849966884166,30.69364049881773],"angle":-64.43339875414503},"norm_pos":[0.3747523046474625,0.538975657448387],"diameter":30.69364049881773,"sphere":{"center":[-0.25025169474202824,-9.199425332893325,64.98962574878611],"radius":12.0},"projected_sphere":{"center":[157.61260279694787,32.237628072502076],"axes":[228.95961976328093,228.95961976328093],"angle":90.0},"model_confidence":0.910168442080217,"model_id":169,"model_birth_timestamp":75032.850243,"theta":2.3408712695256675,"phi":-1.9823319952023861,"method":"3d c++","id":1}
1945987,1945985,1,75046.164241,119,129,{"topic":"pupil.1","circle_3d":{"center":[-3.708523568277887,-0.8476604375479582,57.09732704805338],"normal":[-0.28818932279465487,0.6959804079454472,-0.6576915583943943],"radius":1.4369763553936892},"confidence":0.9994322377450213,"timestamp":75046.164241,"diameter_3d":2.8739527107873784,"ellipse":{"center":[119.79041371698003,110.6124223413579],"axes":[20.227670713596634,31.27869839471439],"angle":-64.34828562174604},"norm_pos":[0.3743450428655626,0.5391149069110088],"diameter":31.27869839471439,"sphere":{"center":[-0.25025169474202824,-9.199425332893325,64.98962574878611],"radius":12.0},"projected_sphere":{"center":[157.61260279694787,32.237628072502076],"axes":[228.95961976328093,228.95961976328093],"angle":90.0},"model_confidence":0.9103264959905655,"model_id":169,"model_birth_timestamp":75032.850243,"theta":2.34058068088877,"phi":-1.9837799766461988,"method":"3d c++","id":1}
1945992,1945991,1,75046.172641,119,129,{"topic":"pupil.1","circle_3d":{"center":[-3.726472495304644,-0.863803481285295,57.088151374169016],"normal":[-0.2896850667135513,0.6946351543006691,-0.6584561978847577],"radius":1.4208718827732711},"confidence":0.9985692780443461,"timestamp":75046.172641,"diameter_3d":2.8417437655465423,"ellipse":{"center":[119.5881077288233,110.43972827039262],"axes":[20.026687806922666,30.933738782420583],"angle":-64.1797340367861},"norm_pos":[0.3737128366525728,0.5398344655400307],"diameter":30.933738782420583,"sphere":{"center":[-0.25025169474202824,-9.199425332893325,64.98962574878611],"radius":12.0},"projected_sphere":{"center":[157.61260279694787,32.237628072502076],"axes":[228.95961976328093,228.95961976328093],"angle":90.0},"model_confidence":0.9100640359864909,"model_id":169,"model_birth_timestamp":75032.850243,"theta":2.3387089239172933,"phi":-1.9852578272151624,"method":"3d c++","id":1}
1945997,1945991,1,75046.181041,119,129,{"topic":"pupil.1","circle_3d":{"center":[-3.7425650936166366,-0.8818722993906523,57.076215696292216],"normal":[-0.291026116572884,0.693129419458556,-0.6594508377078244],"radius":1.4236526580853976},"confidence":0.9989502793141085,"timestamp":75046.181041,"diameter_3d":2.8473053161707953,"ellipse":{"center":[119.40551326307917,110.24076866724278],"axes":[20.1011050291578,31.001505801213387],"angle":-64.01512191705854},"norm_pos":[0.3731422289471224,0.5406634638864884],"diameter":31.001505801213387,"sphere":{"center":[-0.25025169474202824,-9.199425332893325,64.98962574878611],"radius":12.0},"projected_sphere":{"center":[157.61260279694787,32.237628072502076],"axes":[228.95961976328093,228.95961976328093],"angle":90.0},"model_confidence":0.9099804898929476,"model_id":169,"model_birth_timestamp":75032.850243,"theta":2.3366178809541474,"phi":-1.9864050998735479,"method":"3d c++","id":1}
1946005,1946004,1,75046.189441,119,130,{"topic":"pupil.1","circle_3d":{"center":[-3.762710439264159,-0.91688006782889,57.04846226349073],"normal":[-0.29270489537684424,0.6902121054220363,-0.6617636237746153],"radius":1.4294172256105107},"confidence":0.9993092241820057,"timestamp":75046.189441,"diameter_3d":2.8588344512210213,"ellipse":{"center":[119.16802879741945,109.85402038589068],"axes":[20.26832112846171,31.14333232996842],"angle":-63.76251221713926},"norm_pos":[0.3724000899919358,0.5422749150587889],"diameter":31.14333232996842,"sphere":{"center":[-0.25025169474202824,-9.199425332893325,64.98962574878611],"radius":12.0},"projected_sphere":{"center":[157.61260279694787,32.237628072502076],"axes":[228.95961976328093,228.95961976328093],"angle":90.0},"model_confidence":0.9099484239220024,"model_id":169,"model_birth_timestamp":75032.850243,"theta":2.332578460938072,"phi":-1.987237160906448,"method":"3d c++","id":1}
1946012,1946008,1,75046.197841,118,130,{"topic":"pupil.1","circle_3d":{"center":[-3.7794199641393615,-0.9426144168870856,57.02909531271596],"normal":[-0.2940973557831111,0.6880675763338533,-0.6633775363391794],"radius":1.4213401189068797},"confidence":0.998519654777415,"timestamp":75046.197841,"diameter_3d":2.8426802378137594,"ellipse":{"center":[118.97235916811823,109.57281841533911],"axes":[20.212674877310253,30.97868123556448],"angle":-63.56429922544294},"norm_pos":[0.3717886224003695,0.543446589936087],"diameter":30.97868123556448,"sphere":{"center":[-0.25025169474202824,-9.199425332893325,64.98962574878611],"radius":12.0},"projected_sphere":{"center":[157.61260279694787,32.237628072502076],"axes":[228.95961976328093,228.95961976328093],"angle":90.0},"model_confidence":0.9095905284999262,"model_id":169,"model_birth_timestamp":75032.850243,"theta":2.329618968772549,"phi":-1.9880924153098338,"method":"3d c++","id":1}
1946020,1946020,1,75046.206241,118,130,{"topic":"pupil.1","circle_3d":{"center":[-3.801847947330693,-0.984365339876982,56.99594365792582],"normal":[-0.2959663543823887,0.6845883327513619,-0.6661401742383573],"radius":1.4303238720445561},"confidence":0.9992513962924188,"timestamp":75046.206241,"diameter_3d":2.8606477440891123,"ellipse":{"center":[118.70613778459283,109.11023084689471],"axes":[20.44341802397255,31.193997338208533],"angle":-63.2695901023024},"norm_pos":[0.3709566805768526,0.5453740381379387],"diameter":31.193997338208533,"sphere":{"center":[-0.25025169474202824,-9.199425332893325,64.98962574878611],"radius":12.0},"projected_sphere":{"center":[157.61260279694787,32.237628072502076],"axes":[228.95961976328093,228.95961976328093],"angle":90.0},"model_confidence":0.9094856231603665,"model_id":169,"model_birth_timestamp":75032.850243,"theta":2.324835120161012,"phi":-1.9889003760796709,"method":"3d c++","id":1}
1946034,1946033,1,75046.214641,118,131,{"topic":"pupil.1","circle_3d":{"center":[-3.795115686308986,-1.002226498993016,56.974647859933555],"normal":[-0.29540533263057983,0.6830999028250258,-0.6679148240710463],"radius":1.434844419168494},"confidence":0.9992220057910237,"timestamp":75046.214641,"diameter_3d":2.869688838336988,"ellipse":{"center":[118.76452494132923,108.9104338169363],"axes":[20.578988387771954,31.304412568860876],"angle":-63.24285198339544},"norm_pos":[0.37113914044165386,0.5462065257627654],"diameter":31.304412568860876,"sphere":{"center":[-0.25025169474202824,-9.199425332893325,64.98962574878611],"radius":12.0},"projected_sphere":{"center":[157.61260279694787,32.237628072502076],"axes":[228.95961976328093,228.95961976328093],"angle":90.0},"model_confidence":0.9095240635389024,"model_id":169,"model_birth_timestamp":75032.850243,"theta":2.3227951346079134,"phi":-1.9872117378189031,"method":"3d c++","id":1}
1946040,1946037,1,75046.223041,118,131,{"topic":"pupil.1","circle_3d":{"center":[-3.835297576084264,-1.0272052230004451,56.967016166852474],"normal":[-0.2987538234451863,0.6810183424910734,-0.66855079849447],"radius":1.4400708212206992},"confidence":0.9994639384956127,"timestamp":75046.223041,"diameter_3d":2.8801416424413984,"ellipse":{"center":[118.3229783422569,108.63601803141191],"axes":[20.670201433291876,31.4242709092456],"angle":-62.901233974192564},"norm_pos":[0.3697593073195528,0.547349924869117],"diameter":31.4242709092456,"sphere":{"center":[-0.25025169474202824,-9.199425332893325,64.98962574878611],"radius":12.0},"projected_sphere":{"center":[157.61260279694787,32.237628072502076],"axes":[228.95961976328093,228.95961976328093],"angle":90.0},"model_confidence":0.9095673423435313,"model_id":169,"model_birth_timestamp":75032.850243,"theta":2.319948735988471,"phi":-1.991042460700323,"method":"3d c++","id":1}
1946044,1946043,1,75046.231441,118,131,{"topic":"pupil.1","circle_3d":{"center":[-3.8281337433997153,-1.0544748654366707,56.93614563590505],"normal":[-0.2981568373881406,0.6787458722880545,-0.6711233427400882],"radius":1.4305720015790164},"confidence":0.9991500243575345,"timestamp":75046.231441,"diameter_3d":2.861144003158033,"ellipse":{"center":[118.37783192519704,108.33506547135309],"axes":[20.635791618427675,31.23409105423001],"angle":-62.839733626208044},"norm_pos":[0.3699307247662408,0.5486038938693621],"diameter":31.23409105423001,"sphere":{"center":[-0.25025169474202824,-9.199425332893325,64.98962574878611],"radius":12.0},"projected_sphere":{"center":[157.61260279694787,32.237628072502076],"axes":[228.95961976328093,228.95961976328093],"angle":90.0},"model_confidence":0.9095619081651574,"model_id":169,"model_birth_timestamp":75032.850243,"theta":2.3168498582476422,"phi":-1.9888710816842023,"method":"3d c++","id":1}
1946055,1946053,1,75046.239841,117,131,{"topic":"pupil.1","circle_3d":{"center":[-3.865853893224867,-1.0791788819706447,56.92804908422454],"normal":[-0.3013001832069032,0.6766872042435567,-0.6717980553801309],"radius":1.4460910239092741},"confidence":0.9998719394887545,"timestamp":75046.239841,"diameter_3d":2.8921820478185483,"ellipse":{"center":[117.96331016383505,108.06063147555368],"axes":[20.878034061340855,31.579068456962506],"angle":-62.51268297713696},"norm_pos":[0.3686353442619845,0.5497473688518597],"diameter":31.579068456962506,"sphere":{"center":[-0.25025169474202824,-9.199425332893325,64.98962574878611],"radius":12.0},"projected_sphere":{"center":[157.61260279694787,32.237628072502076],"axes":[228.95961976328093,228.95961976328093],"angle":90.0},"model_confidence":0.909782661754599,"model_id":169,"model_birth_timestamp":75032.850243,"theta":2.314050177416365,"phi":-1.9924006093054984,"method":"3d c++","id":1}
1946063,1946058,1,75046.248241,117,132,{"topic":"pupil.1","circle_3d":{"center":[-3.8794677510878794,-1.092399560186589,56.92086351799568],"normal":[-0.30243467136215424,0.6755854810588947,-0.6723968525658695],"radius":1.4466539068458486},"confidence":0.9996736581662229,"timestamp":75046.248241,"diameter_3d":2.893307813691697,"ellipse":{"center":[117.81012232235382,107.91504112770897],"axes":[20.906753859133783,31.595984852189428],"angle":-62.37767620663237},"norm_pos":[0.3681566322573557,0.5503539953012127],"diameter":31.595984852189428,"sphere":{"center":[-0.25025169474202824,-9.199425332893325,64.98962574878611],"radius":12.0},"projected_sphere":{"center":[157.61260279694787,32.237628072502076],"axes":[228.95961976328093,228.95961976328093],"angle":90.0},"model_confidence":0.9099304131387043,"model_id":169,"model_birth_timestamp":75032.850243,"theta":2.312554848085255,"phi":-1.9934722521436194,"method":"3d c++","id":1}
1946073,1946069,1,75046.256641,117,132,{"topic":"pupil.1","circle_3d":{"center":[-3.896281711612264,-1.1274798540626083,56.8933203381148],"normal":[-0.3038358347391863,0.672662123235893,-0.6746921175559428],"radius":1.4391871056758212},"confidence":0.9995477156373697,"timestamp":75046.256641,"diameter_3d":2.8783742113516424,"ellipse":{"center":[117.6064754468139,107.52878532713784],"axes":[20.88520923526261,31.449172436113415],"angle":-62.13634072526801},"norm_pos":[0.36752023577129345,0.551963394470259],"diameter":31.449172436113415,"sphere":{"center":[-0.25025169474202824,-9.199425332893325,64.98962574878611],"radius":12.0},"projected_sphere":{"center":[157.61260279694787,32.237628072502076],"axes":[228.95961976328093,228.95961976328093],"angle":90.0},"model_confidence":0.9100548356250626,"model_id":169,"model_birth_timestamp":75032.850243,"theta":2.308596965895529,"phi":-1.993926783354872,"method":"3d c++","id":1}
1946084,1946081,1,75046.265041,117,132,{"topic":"pupil.1","circle_3d":{"center":[-3.9203482170083643,-1.159233981132905,56.872624175278474],"normal":[-0.305841376855528,0.670015945980035,-0.6764167977923033],"radius":1.4557533973203463},"confidence":0.9997303831363921,"timestamp":75046.265041,"diameter_3d":2.9115067946406925,"ellipse":{"center":[117.33098299339574,107.17388645321013],"axes":[21.188849879836436,31.824179259026508],"angle":-61.862570114620496},"norm_pos":[0.3666593218543617,0.5534421397782912],"diameter":31.824179259026508,"sphere":{"center":[-0.25025169474202824,-9.199425332893325,64.98962574878611],"radius":12.0},"projected_sphere":{"center":[157.61260279694787,32.237628072502076],"axes":[228.95961976328093,228.95961976328093],"angle":90.0},"model_confidence":0.9101102739882738,"model_id":169,"model_birth_timestamp":75032.850243,"theta":2.3050265945422077,"phi":-1.9954361683968136,"method":"3d c++","id":1}
1946088,1946086,1,75046.273441,117,132,{"topic":"pupil.1","circle_3d":{"center":[-3.9227664781489113,-1.1536499897569286,56.87925372936331],"normal":[-0.30604289861724027,0.6704812785946997,-0.6758643349519001],"radius":1.4375047414298243},"confidence":0.9990151642965649,"timestamp":75046.273441,"diameter_3d":2.8750094828596486,"ellipse":{"center":[117.30783167724323,107.24100888759318],"axes":[20.900790988331195,31.421415543817385],"angle":-61.87030136709731},"norm_pos":[0.36658697399138507,0.5531624629683618],"diameter":31.421415543817385,"sphere":{"center":[-0.25025169474202824,-9.199425332893325,64.98962574878611],"radius":12.0},"projected_sphere":{"center":[157.61260279694787,32.237628072502076],"axes":[228.95961976328093,228.95961976328093],"angle":90.0},"model_confidence":0.9101292942975348,"model_id":169,"model_birth_timestamp":75032.850243,"theta":2.305653612012606,"phi":-1.9959904479872999,"method":"3d c++","id":1}
1946097,1946092,1,75046.281841,117,132,{"topic":"pupil.1","circle_3d":{"center":[-3.9492205429526845,-1.1736413891653807,56.87147192241858],"normal":[-0.3082474040175547,0.6688153286439954,-0.6765128188639613],"radius":1.4307169220623017},"confidence":0.9989059490372969,"timestamp":75046.281841,"diameter_3d":2.8614338441246034,"ellipse":{"center":[117.01355636477172,107.02323301623795],"axes":[20.821325669655252,31.27841636440881],"angle":-61.62879905442924},"norm_pos":[0.3656673636399116,0.5540698624323419],"diameter":31.27841636440881,"sphere":{"center":[-0.25025169474202824,-9.199425332893325,64.98962574878611],"radius":12.0},"projected_sphere":{"center":[157.61260279694787,32.237628072502076],"axes":[228.95961976328093,228.95961976328093],"angle":90.0},"model_confidence":0.9101604392647511,"model_id":169,"model_birth_timestamp":75032.850243,"theta":2.3034104456070565,"phi":-1.9983319194869604,"method":"3d c++","id":1}
1946103,1946103,1,75046.290241,116,132,{"topic":"pupil.1","circle_3d":{"center":[-3.970613780856478,-1.174230035776267,56.88067104479791],"normal":[-0.3100301738428708,0.6687662747597548,-0.6757462253323503],"radius":1.4271015754805145},"confidence":0.9985567055263653,"timestamp":75046.290241,"diameter_3d":2.854203150961029,"ellipse":{"center":[116.78724507852866,107.02006667467889],"axes":[20.733865724794338,31.19495023579876],"angle":-61.4966013546391},"norm_pos":[0.36496014087040207,0.5540830555221713],"diameter":31.19495023579876,"sphere":{"center":[-0.25025169474202824,-9.199425332893325,64.98962574878611],"radius":12.0},"projected_sphere":{"center":[157.61260279694787,32.237628072502076],"axes":[228.95961976328093,228.95961976328093],"angle":90.0},"model_confidence":0.9099359018803765,"model_id":169,"model_birth_timestamp":75032.850243,"theta":2.303344464247686,"phi":-2.0009415079093014,"method":"3d c++","id":1}
1946110,1946108,1,75046.298641,116,133,{"topic":"pupil.1","circle_3d":{"center":[-4.001576003975971,-1.2006664749952627,56.86882390043716],"normal":[-0.3126103591028286,0.6665632381581719,-0.6767334873624127],"radius":1.439217623227777},"confidence":0.9988234406549455,"timestamp":75046.298641,"diameter_3d":2.878435246455554,"ellipse":{"center":[116.44257275296209,106.72626188041528],"axes":[20.941580847792824,31.46785467460535],"angle":-61.20150811789944},"norm_pos":[0.3638830398530065,0.5553072421649363],"diameter":31.46785467460535,"sphere":{"center":[-0.25025169474202824,-9.199425332893325,64.98962574878611],"radius":12.0},"projected_sphere":{"center":[157.61260279694787,32.237628072502076],"axes":[228.95961976328093,228.95961976328093],"angle":90.0},"model_confidence":0.9096721916430628,"model_id":169,"model_birth_timestamp":75032.850243,"theta":2.300385227726152,"phi":-2.003535188156396,"method":"3d c++","id":1}
1946122,1946121,1,75046.307041,116,133,{"topic":"pupil.1","circle_3d":{"center":[-4.004543687419645,-1.207878192696791,56.86309721935035],"normal":[-0.3128576660564681,0.6659622616830445,-0.6772107107863132],"radius":1.429206113796686},"confidence":0.9986210231086121,"timestamp":75046.307041,"diameter_3d":2.858412227593372,"ellipse":{"center":[116.40500897096419,106.64883601667327],"axes":[20.813741630608902,31.252249954782947],"angle":-61.154050610095965},"norm_pos":[0.3637656530342631,0.5556298499305281],"diameter":31.252249954782947,"sphere":{"center":[-0.25025169474202824,-9.199425332893325,64.98962574878611],"radius":12.0},"projected_sphere":{"center":[157.61260279694787,32.237628072502076],"axes":[228.95961976328093,228.95961976328093],"angle":90.0},"model_confidence":0.9094291362758078,"model_id":169,"model_birth_timestamp":75032.850243,"theta":2.2995793235102733,"phi":-2.0035678731352506,"method":"3d c++","id":1}
1946127,1946125,1,75046.315441,116,133,{"topic":"pupil.1","circle_3d":{"center":[-4.016590156691523,-1.2083718259887695,56.86818754857623],"normal":[-0.31386153849579124,0.6659211255753796,-0.6767865166841567],"radius":1.4370896213175453},"confidence":0.9987435269919963,"timestamp":75046.315441,"diameter_3d":2.8741792426350905,"ellipse":{"center":[116.2784792230143,106.64277715576291],"axes":[20.90914237379432,31.422255809736246],"angle":-61.07927139899215},"norm_pos":[0.3633702475719197,0.5556550951843212],"diameter":31.422255809736246,"sphere":{"center":[-0.25025169474202824,-9.199425332893325,64.98962574878611],"radius":12.0},"projected_sphere":{"center":[157.61260279694787,32.237628072502076],"axes":[228.95961976328093,228.95961976328093],"angle":90.0},"model_confidence":0.909338102058399,"model_id":169,"model_birth_timestamp":75032.850243,"theta":2.2995241815552157,"phi":-2.0050279166387077,"method":"3d c++","id":1}
1946143,1946137,1,75046.323841,116,133,{"topic":"pupil.1","circle_3d":{"center":[-4.034466630913671,-1.2158879484070422,56.86910555932994],"normal":[-0.3153512446809702,0.6652947820405236,-0.6767100157880147],"radius":1.4318026962297936},"confidence":0.9978980435270783,"timestamp":75046.323841,"diameter_3d":2.8636053924595872,"ellipse":{"center":[116.08410104542574,106.56255583473802],"axes":[20.824963425085393,31.30678551327501],"angle":-60.940643519811516},"norm_pos":[0.36276281576695546,0.5559893506885916],"diameter":31.30678551327501,"sphere":{"center":[-0.25025169474202824,-9.199425332893325,64.98962574878611],"radius":12.0},"projected_sphere":{"center":[157.61260279694787,32.237628072502076],"axes":[228.95961976328093,228.95961976328093],"angle":90.0},"model_confidence":0.9089911103894566,"model_id":169,"model_birth_timestamp":75032.850243,"theta":2.298684918163697,"phi":-2.0068812159688103,"method":"3d c++","id":1}
1946150,1946143,1,75046.332241,116,133,{"topic":"pupil.1","circle_3d":{"center":[-4.034555977523098,-1.2312402447258926,56.85408228224185],"normal":[-0.31535869023175583,0.6640154240139527,-0.6779619555453551],"radius":1.4441390675673602},"confidence":0.9983460997776084,"timestamp":75046.332241,"diameter_3d":2.8882781351347204,"ellipse":{"center":[116.0729354806478,106.38836268430434],"axes":[21.053860218597784,31.585254588743933],"angle":-60.87664149606246},"norm_pos":[0.36272792337702436,0.5567151554820653],"diameter":31.585254588743933,"sphere":{"center":[-0.25025169474202824,-9.199425332893325,64.98962574878611],"radius":12.0},"projected_sphere":{"center":[157.61260279694787,32.237628072502076],"axes":[228.95961976328093,228.95961976328093],"angle":90.0},"model_confidence":0.908675105589074,"model_id":169,"model_birth_timestamp":75032.850243,"theta":2.296972600672408,"phi":-2.006183008165338,"method":"3d c++","id":1}
1946156,1946154,1,75046.340641,115,133,{"topic":"pupil.1","circle_3d":{"center":[-4.0488453213402895,-1.2368529699353168,56.85524637328214],"normal":[-0.31654946888318847,0.6635476969131674,-0.6778649479586644],"radius":1.4565107177967394},"confidence":0.9993476076370669,"timestamp":75046.340641,"diameter_3d":2.9130214355934787,"ellipse":{"center":[115.91947559240454,106.32439018711396],"axes":[21.227042296657604,31.85582742619011],"angle":-60.767319956131786},"norm_pos":[0.3622483612262642,0.5569817075536918],"diameter":31.85582742619011,"sphere":{"center":[-0.25025169474202824,-9.199425332893325,64.98962574878611],"radius":12.0},"projected_sphere":{"center":[157.61260279694787,32.237628072502076],"axes":[228.95961976328093,228.95961976328093],"angle":90.0},"model_confidence":0.9087179069374396,"model_id":169,"model_birth_timestamp":75032.850243,"theta":2.296347235572559,"phi":-2.0076808706254616,"method":"3d c++","id":1}
1946162,1946158,1,75046.349041,115,133,{"topic":"pupil.1","circle_3d":{"center":[-4.061884677788684,-1.2395332557477001,56.85872345428366],"normal":[-0.31763608192055465,0.6633243397621355,-0.6775751912085372],"radius":1.4441955565696603},"confidence":0.9988277399830201,"timestamp":75046.349041,"diameter_3d":2.8883911131393205,"ellipse":{"center":[115.77897370701002,106.29929991079082],"axes":[21.03287939925338,31.584897887460066],"angle":-60.67787375256259},"norm_pos":[0.3618092928344063,0.5570862503717049],"diameter":31.584897887460066,"sphere":{"center":[-0.25025169474202824,-9.199425332893325,64.98962574878611],"radius":12.0},"projected_sphere":{"center":[157.61260279694787,32.237628072502076],"axes":[228.95961976328093,228.95961976328093],"angle":90.0},"model_confidence":0.9086976981417361,"model_id":169,"model_birth_timestamp":75032.850243,"theta":2.2960487227451716,"phi":-2.009160366320733,"method":"3d c++","id":1}
1946172,1946171,1,75046.357441,115,133,{"topic":"pupil.1","circle_3d":{"center":[-4.060051106596472,-1.2366857189145701,56.86065248757981],"normal":[-0.31748328432120365,0.6635616344982296,-0.6774144384338584],"radius":1.464958621439918},"confidence":0.9992297131771621,"timestamp":75046.357441,"diameter_3d":2.929917242879836,"ellipse":{"center":[115.80244903420585,106.3254607203175],"axes":[21.329500946270546,32.03795619503142],"angle":-60.700651852913296},"norm_pos":[0.3618826532318933,0.5569772469986771],"diameter":32.03795619503142,"sphere":{"center":[-0.25025169474202824,-9.199425332893325,64.98962574878611],"radius":12.0},"projected_sphere":{"center":[157.61260279694787,32.237628072502076],"axes":[228.95961976328093,228.95961976328093],"angle":90.0},"model_confidence":0.9087891463979592,"model_id":169,"model_birth_timestamp":75032.850243,"theta":2.29636586552463,"phi":-2.0090666419251333,"method":"3d c++","id":1}
1946180,1946177,1,75046.365841,115,133,{"topic":"pupil.1","circle_3d":{"center":[-4.065721627052667,-1.244598531400558,56.85556650669267],"normal":[-0.3179558276925532,0.6629022334577306,-0.6778382701744539],"radius":1.4376697019515752},"confidence":0.9986582839221793,"timestamp":75046.365841,"diameter_3d":2.8753394039031503,"ellipse":{"center":[115.73415743578519,106.24498590250124],"axes":[20.94717759849744,31.444083953012097],"angle":-60.63378094927799},"norm_pos":[0.3616692419868287,0.5573125587395782],"diameter":31.444083953012097,"sphere":{"center":[-0.25025169474202824,-9.199425332893325,64.98962574878611],"radius":12.0},"projected_sphere":{"center":[157.61260279694787,32.237628072502076],"axes":[228.95961976328093,228.95961976328093],"angle":90.0},"model_confidence":0.9086501691812354,"model_id":169,"model_birth_timestamp":75032.850243,"theta":2.2954848007944553,"phi":-2.009397905187683,"method":"3d c++","id":1}
1946189,1946188,1,75046.374241,115,133,{"topic":"pupil.1","circle_3d":{"center":[-4.064657017553533,-1.2507902042463446,56.84901694938134],"normal":[-0.3178671102342921,0.6623862607205817,-0.6783840666170645],"radius":1.4412977697372733},"confidence":0.998808020510313,"timestamp":75046.374241,"diameter_3d":2.8825955394745466,"ellipse":{"center":[115.74109956206148,106.17490633982703],"axes":[21.021808904613092,31.52718111997722],"angle":-60.61435354373663},"norm_pos":[0.3616909361314421,0.5576045569173873],"diameter":31.52718111997722,"sphere":{"center":[-0.25025169474202824,-9.199425332893325,64.98962574878611],"radius":12.0},"projected_sphere":{"center":[157.61260279694787,32.237628072502076],"axes":[228.95961976328093,228.95961976328093],"angle":90.0},"model_confidence":0.9085274715208258,"model_id":169,"model_birth_timestamp":75032.850243,"theta":2.2947958581676846,"phi":-2.0089812993005736,"method":"3d c++","id":1}
1946204,1946204,1,75046.382641,115,133,{"topic":"pupil.1","circle_3d":{"center":[-4.065967165287225,-1.2557672905456716,56.84477385608189],"normal":[-0.3179762892120998,0.6619715035289712,-0.6787376577253516],"radius":1.4543997291221262},"confidence":0.9992266803901267,"timestamp":75046.382641,"diameter_3d":2.9087994582442525,"ellipse":{"center":[115.72488463154163,106.11622025212768],"axes":[21.226762923344868,31.81638814800353],"angle":-60.58567078983694},"norm_pos":[0.36164026447356756,0.5578490822828013],"diameter":31.81638814800353,"sphere":{"center":[-0.25025169474202824,-9.199425332893325,64.98962574878611],"radius":12.0},"projected_sphere":{"center":[157.61260279694787,32.237628072502076],"axes":[228.95961976328093,228.95961976328093],"angle":90.0},"model_confidence":0.9084804141619718,"model_id":169,"model_birth_timestamp":75032.850243,"theta":2.2942423657623436,"phi":-2.0089130385584624,"method":"3d c++","id":1}
1946205,1946204,1,75046.391041,115,133,{"topic":"pupil.1","circle_3d":{"center":[-4.065436619264844,-1.2532752732052916,56.84695645545154],"normal":[-0.317932077043568,0.6621791716406694,-0.6785557744445474],"radius":1.434952039295115},"confidence":0.9985599531337614,"timestamp":75046.391041,"diameter_3d":2.86990407859023,"ellipse":{"center":[115.73041689546739,106.14891458717457],"axes":[20.93573155261581,31.389533854980904],"angle":-60.59932389540455},"norm_pos":[0.36165755279833556,0.5577128558867726],"diameter":31.389533854980904,"sphere":{"center":[-0.25025169474202824,-9.199425332893325,64.98962574878611],"radius":12.0},"projected_sphere":{"center":[157.61260279694787,32.237628072502076],"axes":[228.95961976328093,228.95961976328093],"angle":90.0},"model_confidence":0.9081702188722285,"model_id":169,"model_birth_timestamp":75032.850243,"theta":2.294519464483585,"phi":-2.008962581510219,"method":"3d c++","id":1}
1946212,1946211,1,75046.399441,115,133,{"topic":"pupil.1","circle_3d":{"center":[-4.071531436751102,-1.1915488301548027,56.9105332842701],"normal":[-0.31843997850075617,0.6673230418948769,-0.6732577053763339],"radius":1.4514667369250767},"confidence":0.9984204788182102,"timestamp":75046.399441,"diameter_3d":2.9029334738501533,"ellipse":{"center":[115.71425885953431,106.83304430284322],"axes":[20.96560333189045,31.714457755681856],"angle":-60.81869280141899},"norm_pos":[0.3616070589360447,0.5548623154048199],"diameter":31.714457755681856,"sphere":{"center":[-0.25025169474202824,-9.199425332893325,64.98962574878611],"radius":12.0},"projected_sphere":{"center":[157.61260279694787,32.237628072502076],"axes":[228.95961976328093,228.95961976328093],"angle":90.0},"model_confidence":0.9080301314377981,"model_id":169,"model_birth_timestamp":75032.850243,"theta":2.301404949996938,"phi":-2.0125983286594202,"method":"3d c++","id":1}
1946224,1946223,1,75046.407841,115,132,{"topic":"pupil.1","circle_3d":{"center":[-4.048808616488423,-1.1328547126132982,56.95834915410406],"normal":[-0.3165464101455329,0.672214218356669,-0.6692730495568372],"radius":1.4534929693521734},"confidence":0.9993451626250257,"timestamp":75046.407841,"diameter_3d":2.906985938704347,"ellipse":{"center":[115.99783909711658,107.48256891349072],"axes":[20.842581788937053,31.730305442266474],"angle":-61.19419042700099},"norm_pos":[0.3624932471784893,0.5521559628604553],"diameter":31.730305442266474,"sphere":{"center":[-0.25025169474202824,-9.199425332893325,64.98962574878611],"radius":12.0},"projected_sphere":{"center":[157.61260279694787,32.237628072502076],"axes":[228.95961976328093,228.95961976328093],"angle":90.0},"model_confidence":0.907977190743392,"model_id":169,"model_birth_timestamp":75032.850243,"theta":2.3079918143635303,"phi":-2.01258747295662,"method":"3d c++","id":1}
1946230,1946228,1,75046.416241,115,132,{"topic":"pupil.1","circle_3d":{"center":[-4.059941457234324,-1.1334871126267192,56.96298856124588],"normal":[-0.31747414687435804,0.6721615183555505,-0.6688864322950194],"radius":1.4002514912144146},"confidence":0.996210056449627,"timestamp":75046.416241,"diameter_3d":2.8005029824288292,"ellipse":{"center":[115.875363439881,107.49021433918827],"axes":[20.061321956226713,30.56546737146183],"angle":-61.12542733233457},"norm_pos":[0.36211051074962813,0.5521241069200489],"diameter":30.56546737146183,"sphere":{"center":[-0.25025169474202824,-9.199425332893325,64.98962574878611],"radius":12.0},"projected_sphere":{"center":[157.61260279694787,32.237628072502076],"axes":[228.95961976328093,228.95961976328093],"angle":90.0},"model_confidence":0.9069288529029662,"model_id":169,"model_birth_timestamp":75032.850243,"theta":2.3079206347575423,"phi":-2.0139434402318184,"method":"3d c++","id":1}
1946239,1946239,1,75046.424641,115,132,{"topic":"pupil.1","circle_3d":{"center":[-4.07060718072747,-1.1688874676067744,56.932619756800015],"normal":[-0.31836295716545354,0.6692114887738793,-0.6714171659988412],"radius":1.4310873291216475},"confidence":0.9983531587320477,"timestamp":75046.424641,"diameter_3d":2.862174658243295,"ellipse":{"center":[115.73919617739328,107.09024011545377],"axes":[20.59949358932591,31.256433282513946],"angle":-60.91737252076186},"norm_pos":[0.361684988054354,0.5537906661856093],"diameter":31.256433282513946,"sphere":{"center":[-0.25025169474202824,-9.199425332893325,64.98962574878611],"radius":12.0},"projected_sphere":{"center":[157.61260279694787,32.237628072502076],"axes":[228.95961976328093,228.95961976328093],"angle":90.0},"model_confidence":0.906883704380923,"model_id":169,"model_birth_timestamp":75032.850243,"theta":2.30394345599112,"phi":-2.0135636886816943,"method":"3d c++","id":1}
1946249,1946246,1,75046.433041,116,133,{"topic":"pupil.1","circle_3d":{"center":[-4.039210215977095,-1.1769224712802018,56.90982122393717],"normal":[-0.3157465434362555,0.6685419051344269,-0.6733170437374116],"radius":1.4290245482003987},"confidence":0.9984739671283227,"timestamp":75046.433041,"diameter_3d":2.8580490964007974,"ellipse":{"center":[116.06307790731745,106.9976477269499],"axes":[20.651137670684133,31.223085149325282],"angle":-61.07219859817826},"norm_pos":[0.362697118460367,0.5541764678043755],"diameter":31.223085149325282,"sphere":{"center":[-0.25025169474202824,-9.199425332893325,64.98962574878611],"radius":12.0},"projected_sphere":{"center":[157.61260279694787,32.237628072502076],"axes":[228.95961976328093,228.95961976328093],"angle":90.0},"model_confidence":0.9066076486210606,"model_id":169,"model_birth_timestamp":75032.850243,"theta":2.3030427192336878,"phi":-2.0092901684362263,"method":"3d c++","id":1}
1946257,1946251,1,75046.441441,116,133,{"topic":"pupil.1","circle_3d":{"center":[-4.0434834085076625,-1.1935110529697308,56.895385221831276],"normal":[-0.31610264281380285,0.6671595233269662,-0.674520043912903],"radius":1.4215609405967495},"confidence":0.998311002695644,"timestamp":75046.441441,"diameter_3d":2.843121881193499,"ellipse":{"center":[116.0049375021459,106.81541565978515],"axes":[20.588840671203748,31.068266720873215],"angle":-60.978596943794514},"norm_pos":[0.36251542969420597,0.5549357680842286],"diameter":31.068266720873215,"sphere":{"center":[-0.25025169474202824,-9.199425332893325,64.98962574878611],"radius":12.0},"projected_sphere":{"center":[157.61260279694787,32.237628072502076],"axes":[228.95961976328093,228.95961976328093],"angle":90.0},"model_confidence":0.9062842660585324,"model_id":169,"model_birth_timestamp":75032.850243,"theta":2.3011854153201172,"phi":-2.0090373130244705,"method":"3d c++","id":1}
1946262,1946262,1,75046.449841,116,133,{"topic":"pupil.1","circle_3d":{"center":[-4.039322056283704,-1.2101008721623403,56.87706508913912],"normal":[-0.31575586346180634,0.6657770383942487,-0.6760467216372493],"radius":1.4401393925696395},"confidence":0.9988552992176528,"timestamp":75046.449841,"diameter_3d":2.880278785139279,"ellipse":{"center":[116.03809693469992,106.62548511786188],"axes":[20.91907426840825,31.484764706704414],"angle":-60.93527148272824},"norm_pos":[0.36261905292093727,0.5557271453422421],"diameter":31.484764706704414,"sphere":{"center":[-0.25025169474202824,-9.199425332893325,64.98962574878611],"radius":12.0},"projected_sphere":{"center":[157.61260279694787,32.237628072502076],"axes":[228.95961976328093,228.95961976328093],"angle":90.0},"model_confidence":0.9061247780859705,"model_id":169,"model_birth_timestamp":75032.850243,"theta":2.299331057580499,"phi":-2.007748229784368,"method":"3d c++","id":1}
1946273,1946268,1,75046.458241,115,133,{"topic":"pupil.1","circle_3d":{"center":[-4.05990406989721,-1.2330869729067606,56.86411026269656],"normal":[-0.31747103126293186,0.6638615299988804,-0.6771262905074623],"radius":1.439520102015346},"confidence":0.998728236754353,"timestamp":75046.458241,"diameter_3d":2.879040204030692,"ellipse":{"center":[115.80418486391338,106.37208682105067],"axes":[20.947576605195824,31.479444125890378],"angle":-60.71656483592554},"norm_pos":[0.3618880776997293,0.5567829715789555],"diameter":31.479444125890378,"sphere":{"center":[-0.25025169474202824,-9.199425332893325,64.98962574878611],"radius":12.0},"projected_sphere":{"center":[157.61260279694787,32.237628072502076],"axes":[228.95961976328093,228.95961976328093],"angle":90.0},"model_confidence":0.9060718031256965,"model_id":169,"model_birth_timestamp":75032.850243,"theta":2.296766801461517,"phi":-2.0092153169970186,"method":"3d c++","id":1}
1946278,1946273,1,75046.466641,116,133,{"topic":"pupil.1","circle_3d":{"center":[-4.0403115045576925,-1.242500889501697,56.84574460769761],"normal":[-0.3158383174846387,0.6630770369493023,-0.6786567617573748],"radius":1.4052999366014167},"confidence":0.99743238611778,"timestamp":75046.466641,"diameter_3d":2.8105998732028334,"ellipse":{"center":[116.00020989536577,106.27336977965555],"axes":[20.512582380255388,30.74038956387743],"angle":-60.79541012840005},"norm_pos":[0.36250065592301806,0.5571942925847686],"diameter":30.74038956387743,"sphere":{"center":[-0.25025169474202824,-9.199425332893325,64.98962574878611],"radius":12.0},"projected_sphere":{"center":[157.61260279694787,32.237628072502076],"axes":[228.95961976328093,228.95961976328093],"angle":90.0},"model_confidence":0.9054647099801749,"model_id":169,"model_birth_timestamp":75032.850243,"theta":2.295718299085454,"phi":-2.006372493154761,"method":"3d c++","id":1}
1946289,1946286,1,75046.475041,115,133,{"topic":"pupil.1","circle_3d":{"center":[-4.04021726446464,-1.2543615722862587,56.83412926971107],"normal":[-0.315830464143551,0.6620886467172555,-0.6796247065895871],"radius":1.4055489021204248},"confidence":0.9977956737002552,"timestamp":75046.475041,"diameter_3d":2.8110978042408497,"ellipse":{"center":[115.99242961217254,106.14105798366214],"axes":[20.553410150671983,30.75233843929865],"angle":-60.74667058104947},"norm_pos":[0.3624763425380392,0.5577455917347411],"diameter":30.75233843929865,"sphere":{"center":[-0.25025169474202824,-9.199425332893325,64.98962574878611],"radius":12.0},"projected_sphere":{"center":[157.61260279694787,32.237628072502076],"axes":[228.95961976328093,228.95961976328093],"angle":90.0},"model_confidence":0.9050339146674302,"model_id":169,"model_birth_timestamp":75032.850243,"theta":2.2943986656172255,"phi":-2.0058180314126863,"method":"3d c++","id":1}
1946294,1946290,1,75046.483441,116,133,{"topic":"pupil.1","circle_3d":{"center":[-4.029459253381102,-1.2574006677266336,56.82618073784807],"normal":[-0.31493396321992284,0.6618353887638909,-0.6802870842448369],"radius":1.4071997837602366},"confidence":0.9975506446212515,"timestamp":75046.483441,"diameter_3d":2.814399567520473,"ellipse":{"center":[116.10372427904909,106.10541981237316],"axes":[20.60555739848656,30.792514765730893],"angle":-60.798960353043555},"norm_pos":[0.3628241383720284,0.5578940841151119],"diameter":30.792514765730893,"sphere":{"center":[-0.25025169474202824,-9.199425332893325,64.98962574878611],"radius":12.0},"projected_sphere":{"center":[157.61260279694787,32.237628072502076],"axes":[228.95961976328093,228.95961976328093],"angle":90.0},"model_confidence":0.9045661786372339,"model_id":169,"model_birth_timestamp":75032.850243,"theta":2.2940607799247195,"phi":-2.0043611527916143,"method":"3d c++","id":1}
1946307,1946300,1,75046.491841,116,134,{"topic":"pupil.1","circle_3d":{"center":[-4.0355124016846915,-1.2678560215077264,56.818823484677516],"normal":[-0.31543839224522197,0.6609641092821332,-0.6809001886757161],"radius":1.4323138428075322},"confidence":0.9992713104594184,"timestamp":75046.491841,"diameter_3d":2.8646276856150643,"ellipse":{"center":[116.03462214797776,105.98321896978355],"axes":[20.996113604369615,31.34669069012912],"angle":-60.7187401607502},"norm_pos":[0.3626081942124305,0.5584032542925685],"diameter":31.34669069012912,"sphere":{"center":[-0.25025169474202824,-9.199425332893325,64.98962574878611],"radius":12.0},"projected_sphere":{"center":[157.61260279694787,32.237628072502076],"axes":[228.95961976328093,228.95961976328093],"angle":90.0},"model_confidence":0.904506854330378,"model_id":169,"model_birth_timestamp":75032.850243,"theta":2.2928991257433666,"phi":-2.004627918722562,"method":"3d c++","id":1}
1946317,1946307,1,75046.500241,116,133,{"topic":"pupil.1","circle_3d":{"center":[-4.036743762391871,-1.265712315611287,56.82147567786832],"normal":[-0.31554100563748694,0.6611427514401699,-0.6806791725764827],"radius":1.4166097654316963},"confidence":0.998449941552774,"timestamp":75046.500241,"diameter_3d":2.8332195308633925,"ellipse":{"center":[116.0217042221087,106.01125935358208],"axes":[20.756905920540735,31.00143451451923],"angle":-60.72029714713386},"norm_pos":[0.3625678256940897,0.5582864193600747],"diameter":31.00143451451923,"sphere":{"center":[-0.25025169474202824,-9.199425332893325,64.98962574878611],"radius":12.0},"projected_sphere":{"center":[157.61260279694787,32.237628072502076],"axes":[228.95961976328093,228.95961976328093],"angle":90.0},"model_confidence":0.9042815567963935,"model_id":169,"model_birth_timestamp":75032.850243,"theta":2.2931372077296874,"phi":-2.0048758483396067,"method":"3d c++","id":1}
1946325,1946324,1,75046.508641,116,134,{"topic":"pupil.1","circle_3d":{"center":[-4.033727266499293,-1.273713734110701,56.81231517312381],"normal":[-0.3152896309797721,0.6604759665652187,-0.681442547971859],"radius":1.413695766833438},"confidence":0.9989269762451279,"timestamp":75046.508641,"diameter_3d":2.827391533666876,"ellipse":{"center":[116.04732704002186,105.92234691763225],"axes":[20.744396449567464,30.94269105501095],"angle":-60.705129597925946},"norm_pos":[0.3626478970000683,0.558656887843199],"diameter":30.94269105501095,"sphere":{"center":[-0.25025169474202824,-9.199425332893325,64.98962574878611],"radius":12.0},"projected_sphere":{"center":[157.61260279694787,32.237628072502076],"axes":[228.95961976328093,228.95961976328093],"angle":90.0},"model_confidence":0.9040936251504261,"model_id":169,"model_birth_timestamp":75032.850243,"theta":2.292248817107822,"phi":-2.004144516343796,"method":"3d c++","id":1}
1946334,1946330,1,75046.517041,116,134,{"topic":"pupil.1","circle_3d":{"center":[-4.026820585683595,-1.2786003461453967,56.80439154680496],"normal":[-0.3147140742451306,0.6600687488956607,-0.6821028501650961],"radius":1.4088914999961235},"confidence":0.9984121534441047,"timestamp":75046.517041,"diameter_3d":2.817782999992247,"ellipse":{"center":[116.11610533125864,105.86815678861308],"axes":[20.700917469266436,30.841688532653734],"angle":-60.72651489410012},"norm_pos":[0.36286282916018325,0.5588826800474456],"diameter":30.841688532653734,"sphere":{"center":[-0.25025169474202824,-9.199425332893325,64.98962574878611],"radius":12.0},"projected_sphere":{"center":[157.61260279694787,32.237628072502076],"axes":[228.95961976328093,228.95961976328093],"angle":90.0},"model_confidence":0.9037282340794373,"model_id":169,"model_birth_timestamp":75032.850243,"theta":2.291706602116837,"phi":-2.0030800615745483,"method":"3d c++","id":1}
1946339,1946335,1,75046.525441,116,134,{"topic":"pupil.1","circle_3d":{"center":[-4.032070308332798,-1.2773611649153498,56.808015437096984],"normal":[-0.31515155113256416,0.6601720139981646,-0.6818008593074271],"radius":1.399217515247339},"confidence":0.99831058912824,"timestamp":75046.525441,"diameter_3d":2.798435030494678,"ellipse":{"center":[116.0607299136399,105.8850577629914],"axes":[20.54590336017852,30.62802641465548],"angle":-60.69995289999599},"norm_pos":[0.3626897809801247,0.5588122593208692],"diameter":30.62802641465548,"sphere":{"center":[-0.25025169474202824,-9.199425332893325,64.98962574878611],"radius":12.0},"projected_sphere":{"center":[157.61260279694787,32.237628072502076],"axes":[228.95961976328093,228.95961976328093],"angle":90.0},"model_confidence":0.9032822156456954,"model_id":169,"model_birth_timestamp":75032.850243,"theta":2.2918440763259205,"phi":-2.003777361105136,"method":"3d c++","id":1}
1946347,1946340,1,75046.533841,116,134,{"topic":"pupil.1","circle_3d":{"center":[-4.029070599740151,-1.2733209329572368,56.810542870825856],"normal":[-0.31490157541651026,0.660508699994674,-0.6815902398300211],"radius":1.3916393570778727},"confidence":0.9977349428887948,"timestamp":75046.533841,"diameter_3d":2.7832787141557453,"ellipse":{"center":[116.09461530611961,105.9316435137739],"axes":[20.42723492491616,30.46057292573935],"angle":-60.73500469491111},"norm_pos":[0.3627956728316238,0.5586181520259421],"diameter":30.46057292573935,"sphere":{"center":[-0.25025169474202824,-9.199425332893325,64.98962574878611],"radius":12.0},"projected_sphere":{"center":[157.61260279694787,32.237628072502076],"axes":[228.95961976328093,228.95961976328093],"angle":90.0},"model_confidence":0.902740533398616,"model_id":169,"model_birth_timestamp":75032.850243,"theta":2.2922924132718747,"phi":-2.003592847400337,"method":"3d c++","id":1}
1946355,1946352,1,75046.542241,116,133,{"topic":"pupil.1","circle_3d":{"center":[-4.034814619366727,-1.2627013182060125,56.82350700214509],"normal":[-0.31538024371872486,0.6613936678906094,-0.6805098955534181],"radius":1.4035998098420763},"confidence":0.9989331014438815,"timestamp":75046.542241,"diameter_3d":2.8071996196841527,"ellipse":{"center":[116.04301698030866,106.04786230931293],"axes":[20.560108146221616,30.715415658658163],"angle":-60.74454537679014},"norm_pos":[0.3626344280634646,0.5581339070445295],"diameter":30.715415658658163,"sphere":{"center":[-0.25025169474202824,-9.199425332893325,64.98962574878611],"radius":12.0},"projected_sphere":{"center":[157.61260279694787,32.237628072502076],"axes":[228.95961976328093,228.95961976328093],"angle":90.0},"model_confidence":0.9024561230579042,"model_id":169,"model_birth_timestamp":75032.850243,"theta":2.2934716963028783,"phi":-2.0047763085713997,"method":"3d c++","id":1}
1946364,1946363,1,75046.550641,115,133,{"topic":"pupil.1","circle_3d":{"center":[-4.045746721270097,-1.2654764252859403,56.825884435204685],"normal":[-0.31629125221067245,0.6611624089672821,-0.6803117761317858],"radius":1.4013191806642502},"confidence":0.9986551584572442,"timestamp":75046.550641,"diameter_3d":2.8026383613285004,"ellipse":{"center":[115.92552597515981,106.01884007088545],"axes":[20.51653856093411,30.664583089303083],"angle":-60.666997006791604},"norm_pos":[0.3622672686723744,0.5582548330379773],"diameter":30.664583089303083,"sphere":{"center":[-0.25025169474202824,-9.199425332893325,64.98962574878611],"radius":12.0},"projected_sphere":{"center":[157.61260279694787,32.237628072502076],"axes":[228.95961976328093,228.95961976328093],"angle":90.0},"model_confidence":0.9023413616543019,"model_id":169,"model_birth_timestamp":75032.850243,"theta":2.293163408980794,"phi":-2.005989067913716,"method":"3d c++","id":1}
1946373,1946368,1,75046.559041,116,133,{"topic":"pupil.1","circle_3d":{"center":[-4.038416136290169,-1.2507300145735112,56.83683157130862],"normal":[-0.3156803701290118,0.6623912765266512,-0.6793995147897911],"radius":1.3847010304858165},"confidence":0.9980527792748123,"timestamp":75046.559041,"diameter_3d":2.769402060971633,"ellipse":{"center":[116.0121308540171,106.18648896762494],"axes":[20.24024957658683,30.29449520034258],"angle":-60.77270732784223},"norm_pos":[0.36253790891880344,0.5575562959682294],"diameter":30.29449520034258,"sphere":{"center":[-0.25025169474202824,-9.199425332893325,64.98962574878611],"radius":12.0},"projected_sphere":{"center":[157.61260279694787,32.237628072502076],"axes":[228.95961976328093,228.95961976328093],"angle":90.0},"model_confidence":0.9018881412957258,"model_id":169,"model_birth_timestamp":75032.850243,"theta":2.2948025534053125,"phi":-2.005763020600533,"method":"3d c++","id":1}
1946380,1946379,1,75046.567441,116,133,{"topic":"pupil.1","circle_3d":{"center":[-4.036766296794038,-1.232473544172631,56.85390289432216],"normal":[-0.3155428835043342,0.6639126490600579,-0.6779769045386624],"radius":1.3796465481602738},"confidence":0.9975516907919111,"timestamp":75046.567441,"diameter_3d":2.7592930963205475,"ellipse":{"center":[116.04260046825311,106.39103225466279],"axes":[20.113083526878242,30.174434526502196],"angle":-60.85842213620779},"norm_pos":[0.362633126463291,0.5567040322722383],"diameter":30.174434526502196,"sphere":{"center":[-0.25025169474202824,-9.199425332893325,64.98962574878611],"radius":12.0},"projected_sphere":{"center":[157.61260279694787,32.237628072502076],"axes":[228.95961976328093,228.95961976328093],"angle":90.0},"model_confidence":0.9013688494565408,"model_id":169,"model_birth_timestamp":75032.850243,"theta":2.296835157729902,"phi":-2.0063979082116203,"method":"3d c++","id":1}
1946391,1946384,1,75046.575841,115,133,{"topic":"pupil.1","circle_3d":{"center":[-4.063877166551281,-1.2548859702761472,56.84465459619177],"normal":[-0.31780212265077107,0.6620449468847648,-0.6787475960495278],"radius":1.3840016351531768},"confidence":0.99835350767387,"timestamp":75046.575841,"diameter_3d":2.7680032703063535,"ellipse":{"center":[115.74075252382308,106.14348048862111],"axes":[20.199501129137737,30.275838945650282],"angle":-60.602130058635936},"norm_pos":[0.3616898516369471,0.5577354979640787],"diameter":30.275838945650282,"sphere":{"center":[-0.25025169474202824,-9.199425332893325,64.98962574878611],"radius":12.0},"projected_sphere":{"center":[157.61260279694787,32.237628072502076],"axes":[228.95961976328093,228.95961976328093],"angle":90.0},"model_confidence":0.9010313143679949,"model_id":169,"model_birth_timestamp":75032.850243,"theta":2.2943403560117264,"phi":-2.0086969733806534,"method":"3d c++","id":1}
1946400,1946399,1,75046.584241,115,133,{"topic":"pupil.1","circle_3d":{"center":[-4.06405030550097,-1.2484334978487626,56.85103440902541],"normal":[-0.3178165508965785,0.6625826529203802,-0.6782159449800584],"radius":1.3766775312307729},"confidence":0.9978129516550249,"timestamp":75046.584241,"diameter_3d":2.7533550624615457,"ellipse":{"center":[115.7430605789028,106.21722574116441],"axes":[20.072513285381707,30.11207569910167],"angle":-60.62802693207939},"norm_pos":[0.3616970643090712,0.5574282260784816],"diameter":30.11207569910167,"sphere":{"center":[-0.25025169474202824,-9.199425332893325,64.98962574878611],"radius":12.0},"projected_sphere":{"center":[157.61260279694787,32.237628072502076],"axes":[228.95961976328093,228.95961976328093],"angle":90.0},"model_confidence":0.9006585622554408,"model_id":169,"model_birth_timestamp":75032.850243,"theta":2.2950580375604432,"phi":-2.0090154130081186,"method":"3d c++","id":1}
1946407,1946402,1,75046.592641,115,133,{"topic":"pupil.1","circle_3d":{"center":[-4.058259996618836,-1.2436010786504585,56.85304580335214],"normal":[-0.3173340251564007,0.6629853545202389,-0.6780483287861642],"radius":1.3614223664086313},"confidence":0.9967727906206427,"timestamp":75046.592641,"diameter_3d":2.7228447328172627,"ellipse":{"center":[115.8062295504007,106.27407318703212],"axes":[19.84503337335341,29.776988040391746],"angle":-60.68297989790344},"norm_pos":[0.3618944673450022,0.5571913617206995],"diameter":29.776988040391746,"sphere":{"center":[-0.25025169474202824,-9.199425332893325,64.98962574878611],"radius":12.0},"projected_sphere":{"center":[157.61260279694787,32.237628072502076],"axes":[228.95961976328093,228.95961976328093],"angle":90.0},"model_confidence":0.899936662826506,"model_id":169,"model_birth_timestamp":75032.850243,"theta":2.2955958258853624,"phi":-2.008526779109159,"method":"3d c++","id":1}
1946417,1946414,1,75046.601041,115,133,{"topic":"pupil.1","circle_3d":{"center":[-4.0907426653596755,-1.245105831297634,56.86685341594686],"normal":[-0.3200409142181373,0.6628599584663076,-0.6768976944032707],"radius":1.3798432252919053},"confidence":0.9983153650066582,"timestamp":75046.601041,"diameter_3d":2.7596864505838106,"ellipse":{"center":[115.46489370056435,106.25686341533914],"axes":[20.062891532476655,30.173656595368872],"angle":-60.48197178649323},"norm_pos":[0.3608277928142636,0.5572630691027536],"diameter":30.173656595368872,"sphere":{"center":[-0.25025169474202824,-9.199425332893325,64.98962574878611],"radius":12.0},"projected_sphere":{"center":[157.61260279694787,32.237628072502076],"axes":[228.95961976328093,228.95961976328093],"angle":90.0},"model_confidence":0.8995342128416683,"model_id":169,"model_birth_timestamp":75032.850243,"theta":2.295428338128888,"phi":-2.012452579323724,"method":"3d c++","id":1}
1946425,1946419,1,75046.609441,115,133,{"topic":"pupil.1","circle_3d":{"center":[-4.093315535874933,-1.255633394378366,56.85777294941981],"normal":[-0.32025532009440877,0.6619826615429133,-0.6776543999471917],"radius":1.391796605373386},"confidence":0.9995563819258387,"timestamp":75046.609441,"diameter_3d":2.783593210746772,"ellipse":{"center":[115.43102548705278,106.13692179712658],"axes":[20.264938162082682,30.440263932742553],"angle":-60.42251651555992},"norm_pos":[0.36072195464703993,0.557762825845306],"diameter":30.440263932742553,"sphere":{"center":[-0.25025169474202824,-9.199425332893325,64.98962574878611],"radius":12.0},"projected_sphere":{"center":[157.61260279694787,32.237628072502076],"axes":[228.95961976328093,228.95961976328093],"angle":90.0},"model_confidence":0.8994973660064076,"model_id":169,"model_birth_timestamp":75032.850243,"theta":2.294257252560891,"phi":-2.0122796528785956,"method":"3d c++","id":1}
1946431,1946431,1,75046.605438,115,133,{"topic":"pupil.1","circle_3d":{"center":[-4.08667890933051,-1.2408040460249437,56.86914710283362],"normal":[-0.31970226788237344,0.6632184405723651,-0.676706553829374],"radius":1.3587660922374167},"confidence":0.9974505103917238,"timestamp":75046.605438,"diameter_3d":2.7175321844748335,"ellipse":{"center":[115.50892899871272,106.30939467851543],"axes":[19.750080952263943,29.711216059758744],"angle":-60.524290647853775},"norm_pos":[0.36096540312097725,0.557044188839519],"diameter":29.711216059758744,"sphere":{"center":[-0.25025169474202824,-9.199425332893325,64.98962574878611],"radius":12.0},"projected_sphere":{"center":[157.61260279694787,32.237628072502076],"axes":[228.95961976328093,228.95961976328093],"angle":90.0},"model_confidence":0.8984362385537459,"model_id":169,"model_birth_timestamp":75032.850243,"theta":2.295907217977962,"phi":-2.0121526820378053,"method":"3d c++","id":1}
1946438,1946436,1,75046.613838,115,133,{"topic":"pupil.1","circle_3d":{"center":[-4.081641473006272,-1.2247473865086587,56.88253231041633],"normal":[-0.3192824815220203,0.6645564955320555,-0.6755911198641482],"radius":1.3527770376621577},"confidence":0.9973267576513469,"timestamp":75046.613838,"diameter_3d":2.7055540753243155,"ellipse":{"center":[115.57349510225595,106.4890864921626],"axes":[19.622957485877283,29.57282434352565],"angle":-60.62126622566046},"norm_pos":[0.36116717219454986,0.5562954729493226],"diameter":29.57282434352565,"sphere":{"center":[-0.25025169474202824,-9.199425332893325,64.98962574878611],"radius":12.0},"projected_sphere":{"center":[157.61260279694787,32.237628072502076],"axes":[228.95961976328093,228.95961976328093],"angle":90.0},"model_confidence":0.8977577914075163,"model_id":169,"model_birth_timestamp":75032.850243,"theta":2.2976964630054937,"phi":-2.0122823812635873,"method":"3d c++","id":1}
1946450,1946443,1,75046.622238,115,133,{"topic":"pupil.1","circle_3d":{"center":[-4.085170481049669,-1.2123590355262603,56.896408226447555],"normal":[-0.3195765655256368,0.6655888581139221,-0.6744347935282131],"radius":1.352812509028629},"confidence":0.9981566773174658,"timestamp":75046.622238,"diameter_3d":2.705625018057258,"ellipse":{"center":[115.54575475744343,106.6274643158224],"axes":[19.58002644450455,29.56626493275627],"angle":-60.65158910133894},"norm_pos":[0.36108048361701073,0.5557188986840733],"diameter":29.56626493275627,"sphere":{"center":[-0.25025169474202824,-9.199425332893325,64.98962574878611],"radius":12.0},"projected_sphere":{"center":[157.61260279694787,32.237628072502076],"axes":[228.95961976328093,228.95961976328093],"angle":90.0},"model_confidence":0.8972821272804077,"model_id":169,"model_birth_timestamp":75032.850243,"theta":2.2990788845248056,"phi":-2.0133006673399687,"method":"3d c++","id":1}
1946456,1946454,1,75046.630638,115,133,{"topic":"pupil.1","circle_3d":{"center":[-4.061005257535719,-1.183159338277159,56.9138820191216],"normal":[-0.3175627968994742,0.6680221662180138,-0.6729786441387093],"radius":1.3454754708914414},"confidence":0.9985814029296252,"timestamp":75046.630638,"diameter_3d":2.6909509417828827,"ellipse":{"center":[115.82136778794948,106.95130920107593],"axes":[19.42576029376869,29.39564128420629],"angle":-60.91641091660006},"norm_pos":[0.36194177433734215,0.5543695449955169],"diameter":29.39564128420629,"sphere":{"center":[-0.25025169474202824,-9.199425332893325,64.98962574878611],"radius":12.0},"projected_sphere":{"center":[157.61260279694787,32.237628072502076],"axes":[228.95961976328093,228.95961976328093],"angle":90.0},"model_confidence":0.896958289338412,"model_id":169,"model_birth_timestamp":75032.850243,"theta":2.3023440589844832,"phi":-2.011693071820079,"method":"3d c++","id":1}
1946463,1946459,1,75046.639038,115,132,{"topic":"pupil.1","circle_3d":{"center":[-4.078422417638134,-1.1531944369101144,56.95200935554574],"normal":[-0.3190142269080088,0.6705192413319343,-0.6698013661033642],"radius":1.3369347490686698},"confidence":0.9971618134393943,"timestamp":75046.639038,"diameter_3d":2.6738694981373397,"ellipse":{"center":[115.66036331356466,107.28860506761696],"axes":[19.18285658681378,29.18939423459229],"angle":-60.93533645295841},"norm_pos":[0.36143863535488957,0.552964145551596],"diameter":29.18939423459229,"sphere":{"center":[-0.25025169474202824,-9.199425332893325,64.98962574878611],"radius":12.0},"projected_sphere":{"center":[157.61260279694787,32.237628072502076],"axes":[228.95961976328093,228.95961976328093],"angle":90.0},"model_confidence":0.8962058710519916,"model_id":169,"model_birth_timestamp":75032.850243,"theta":2.3057047809863955,"phi":-2.0152900097022,"method":"3d c++","id":1}
1946476,1946469,1,75046.647438,115,132,{"topic":"pupil.1","circle_3d":{"center":[-4.062952356985895,-1.1220280015747939,56.97595205864041],"normal":[-0.31772505518698896,0.6731164442765443,-0.6678061408454753],"radius":1.3455540950734004},"confidence":0.9979085947729001,"timestamp":75046.647438,"diameter_3d":2.691108190146801,"ellipse":{"center":[115.84755627900068,107.63107579625812],"axes":[19.236977444190597,29.364326114278654],"angle":-61.15414766842949},"norm_pos":[0.36202361337187716,0.5515371841822578],"diameter":29.364326114278654,"sphere":{"center":[-0.25025169474202824,-9.199425332893325,64.98962574878611],"radius":12.0},"projected_sphere":{"center":[157.61260279694787,32.237628072502076],"axes":[228.95961976328093,228.95961976328093],"angle":90.0},"model_confidence":0.895768748909409,"model_id":169,"model_birth_timestamp":75032.850243,"theta":2.309211126406126,"phi":-2.014876301278978,"method":"3d c++","id":1}
1946483,1946482,1,75046.655838,115,132,{"topic":"pupil.1","circle_3d":{"center":[-4.055674052003627,-1.1098871751808144,56.98474392094087],"normal":[-0.3171185297717999,0.6741281798093759,-0.6670734856537696],"radius":1.3169545971820256},"confidence":0.9956928813148955,"timestamp":75046.655838,"diameter_3d":2.633909194364051,"ellipse":{"center":[115.93082721109052,107.77177320753623],"axes":[18.80317604447463,28.735169720083373],"angle":-61.24662339463174},"norm_pos":[0.3622838350346579,0.550950944968599],"diameter":28.735169720083373,"sphere":{"center":[-0.25025169474202824,-9.199425332893325,64.98962574878611],"radius":12.0},"projected_sphere":{"center":[157.61260279694787,32.237628072502076],"axes":[228.95961976328093,228.95961976328093],"angle":90.0},"model_confidence":0.894787294223498,"model_id":169,"model_birth_timestamp":75032.850243,"theta":2.310580046700752,"phi":-2.014560943712993,"method":"3d c++","id":1}
1946493,1946492,1,75046.664238,115,132,{"topic":"pupil.1","circle_3d":{"center":[-4.054484448065368,-1.1185707223253036,56.97541325338749],"normal":[-0.31701939611027835,0.6734045508806685,-0.6678510412832188],"radius":1.343506027120048},"confidence":0.998388392607951,"timestamp":75046.664238,"diameter_3d":2.687012054240096,"ellipse":{"center":[115.9389765283659,107.66899883625123],"axes":[19.211174780643514,29.319601379697417],"angle":-61.21853810549459},"norm_pos":[0.36230930165114344,0.5513791715156199],"diameter":29.319601379697417,"sphere":{"center":[-0.25025169474202824,-9.199425332893325,64.98962574878611],"radius":12.0},"projected_sphere":{"center":[157.61260279694787,32.237628072502076],"axes":[228.95961976328093,228.95961976328093],"angle":90.0},"model_confidence":0.894665786840454,"model_id":169,"model_birth_timestamp":75032.850243,"theta":2.30960077276501,"phi":-2.013988261143103,"method":"3d c++","id":1}
1946502,1946501,1,75046.672638,116,132,{"topic":"pupil.1","circle_3d":{"center":[-4.026615863565618,-1.114807538867863,56.96603373591854],"normal":[-0.3146970140686325,0.6737181495021218,-0.6686326677389637],"radius":1.3320472308763776},"confidence":0.9977300922353817,"timestamp":75046.672638,"diameter_3d":2.664094461752755,"ellipse":{"center":[116.23370664520246,107.7103685346334],"axes":[19.081580746213845,29.073418402905006],"angle":-61.40001465830872},"norm_pos":[0.3632303332662577,0.5512067977723608],"diameter":29.073418402905006,"sphere":{"center":[-0.25025169474202824,-9.199425332893325,64.98962574878611],"radius":12.0},"projected_sphere":{"center":[157.61260279694787,32.237628072502076],"axes":[228.95961976328093,228.95961976328093],"angle":90.0},"model_confidence":0.894056680471067,"model_id":169,"model_birth_timestamp":75032.850243,"theta":2.310025052756094,"phi":-2.0106956568336614,"method":"3d c++","id":1}
1946507,1946504,1,75046.681038,116,132,{"topic":"pupil.1","circle_3d":{"center":[-4.027589861475524,-1.1470538116243976,56.93412891385435],"normal":[-0.3147781805611246,0.6710309601057439,-0.6712914029109798],"radius":1.3265987907444368},"confidence":0.9970199640021841,"timestamp":75046.681038,"diameter_3d":2.6531975814888735,"ellipse":{"center":[116.19850607417185,107.35343923360941],"axes":[19.09933022665311,28.971260734408204],"angle":-61.26383731166737},"norm_pos":[0.363120331481787,0.5526940031932941],"diameter":28.971260734408204,"sphere":{"center":[-0.25025169474202824,-9.199425332893325,64.98962574878611],"radius":12.0},"projected_sphere":{"center":[157.61260279694787,32.237628072502076],"axes":[228.95961976328093,228.95961976328093],"angle":90.0},"model_confidence":0.8932220023775028,"model_id":169,"model_birth_timestamp":75032.850243,"theta":2.306394744374827,"phi":-2.00926763208632,"method":"3d c++","id":1}
1946515,1946508,1,75046.689438,116,132,{"topic":"pupil.1","circle_3d":{"center":[-4.014249440741468,-1.1753688566805582,56.89970370746463],"normal":[-0.31366647883328663,0.6686713730177305,-0.6741601701101234],"radius":1.317767869812277},"confidence":0.9977672065052585,"timestamp":75046.689438,"diameter_3d":2.635535739624554,"ellipse":{"center":[116.31680770664647,107.03905026901603],"axes":[19.078046640610307,28.795874008511134],"angle":-61.22880849443632},"norm_pos":[0.36349002408327025,0.5540039572124332],"diameter":28.795874008511134,"sphere":{"center":[-0.25025169474202824,-9.199425332893325,64.98962574878611],"radius":12.0},"projected_sphere":{"center":[157.61260279694787,32.237628072502076],"axes":[228.95961976328093,228.95961976328093],"angle":90.0},"model_confidence":0.8926330386114456,"model_id":169,"model_birth_timestamp":75032.850243,"theta":2.3032168250036675,"phi":-2.0062759464597653,"method":"3d c++","id":1}
1946524,1946516,1,75046.697838,116,133,{"topic":"pupil.1","circle_3d":{"center":[-4.0387460453519894,-1.2157830310019353,56.87120434121883],"normal":[-0.3157078625508301,0.6653035251576158,-0.6765351172972737],"radius":1.3294470293489082},"confidence":0.9981374984588348,"timestamp":75046.697838,"diameter_3d":2.6588940586978165,"ellipse":{"center":[116.02962548441971,106.58927397126106],"axes":[19.328045418737055,29.067097891457447],"angle":-60.915642327823576},"norm_pos":[0.3625925796388116,0.5558780251197455],"diameter":29.067097891457447,"sphere":{"center":[-0.25025169474202824,-9.199425332893325,64.98962574878611],"radius":12.0},"projected_sphere":{"center":[157.61260279694787,32.237628072502076],"axes":[228.95961976328093,228.95961976328093],"angle":90.0},"model_confidence":0.892119589292184,"model_id":169,"model_birth_timestamp":75032.850243,"theta":2.2986966291037736,"phi":-2.007413138412385,"method":"3d c++","id":1}
1946535,1946532,1,75046.706238,116,133,{"topic":"pupil.1","circle_3d":{"center":[-4.01317202761889,-1.2397765963947318,56.8358277037044],"normal":[-0.3135766944064052,0.6633040613748827,-0.6794831704234755],"radius":1.332216183142448},"confidence":0.9990081749238525,"timestamp":75046.706238,"diameter_3d":2.664432366284896,"ellipse":{"center":[116.28151333516013,106.31818333776086],"axes":[19.481228586309673,29.145497757449892],"angle":-60.9707772605567},"norm_pos":[0.3633797291723754,0.5570075694259964],"diameter":29.145497757449892,"sphere":{"center":[-0.25025169474202824,-9.199425332893325,64.98962574878611],"radius":12.0},"projected_sphere":{"center":[157.61260279694787,32.237628072502076],"axes":[228.95961976328093,228.95961976328093],"angle":90.0},"model_confidence":0.8918739100114315,"model_id":169,"model_birth_timestamp":75032.850243,"theta":2.2960216249556478,"phi":-2.003166584403678,"method":"3d c++","id":1}
1946542,1946537,1,75046.714638,116,133,{"topic":"pupil.1","circle_3d":{"center":[-4.027856595436654,-1.2671097059972816,56.81600537531948],"normal":[-0.3148004083912188,0.661026302241337,-0.6811350311222192],"radius":1.307785972724551},"confidence":0.9981874231416648,"timestamp":75046.714638,"diameter_3d":2.615571945449102,"ellipse":{"center":[116.10431372172265,106.02089642429878],"axes":[19.179656395781652,28.6217309775539],"angle":-60.768517866775596},"norm_pos":[0.3628259803803833,0.5582462648987551],"diameter":28.6217309775539,"sphere":{"center":[-0.25025169474202824,-9.199425332893325,64.98962574878611],"radius":12.0},"projected_sphere":{"center":[157.61260279694787,32.237628072502076],"axes":[228.95961976328093,228.95961976328093],"angle":90.0},"model_confidence":0.8914848365549011,"model_id":169,"model_birth_timestamp":75032.850243,"theta":2.2929820065773314,"phi":-2.0037248909088796,"method":"3d c++","id":1}
1946550,1946549,1,75046.723038,116,134,{"topic":"pupil.1","circle_3d":{"center":[-4.032093805652345,-1.279203523386684,56.80624278473263],"normal":[-0.31515350924252644,0.6600184841255534,-0.6819485803377902],"radius":1.3106007860331121},"confidence":0.9979954100745515,"timestamp":75046.723038,"diameter_3d":2.6212015720662243,"ellipse":{"center":[116.05095831556338,105.88583686867089],"axes":[19.249195441668718,28.688611065696154],"angle":-60.69237878078604},"norm_pos":[0.36265924473613553,0.5588090130472045],"diameter":28.688611065696154,"sphere":{"center":[-0.25025169474202824,-9.199425332893325,64.98962574878611],"radius":12.0},"projected_sphere":{"center":[157.61260279694787,32.237628072502076],"axes":[228.95961976328093,228.95961976328093],"angle":90.0},"model_confidence":0.8910085964411008,"model_id":169,"model_birth_timestamp":75032.850243,"theta":2.291639691913278,"phi":-2.0036972237055046,"method":"3d c++","id":1}
1946563,1946554,1,75046.731438,115,134,{"topic":"pupil.1","circle_3d":{"center":[-4.036787092518539,-1.3024027649504202,56.78601774725496],"normal":[-0.31554461648137594,0.6580852139952421,-0.683634000127596],"radius":1.3025836725049211},"confidence":0.9975153200130519,"timestamp":75046.731438,"diameter_3d":2.6051673450098423,"ellipse":{"center":[115.98366588989164,105.62933761799489],"axes":[19.190418919740274,28.523760585562112],"angle":-60.5666867318711},"norm_pos":[0.36244895590591136,0.5598777599250213],"diameter":28.523760585562112,"sphere":{"center":[-0.25025169474202824,-9.199425332893325,64.98962574878611],"radius":12.0},"projected_sphere":{"center":[157.61260279694787,32.237628072502076],"axes":[228.95961976328093,228.95961976328093],"angle":90.0},"model_confidence":0.8903560147336842,"model_id":169,"model_birth_timestamp":75032.850243,"theta":2.2890691849373574,"phi":-2.003229705374932,"method":"3d c++","id":1}
1946574,1946571,1,75046.739837,115,134,{"topic":"pupil.1","circle_3d":{"center":[-4.041560739010403,-1.3278245068028092,56.763820246250816],"normal":[-0.31594242035569786,0.655966735507543,-0.6854837918779413],"radius":1.3131435843446144},"confidence":0.9983057698130027,"timestamp":75046.739837,"diameter_3d":2.626287168689229,"ellipse":{"center":[115.91560612335061,105.34355082649199],"axes":[19.411517768567393,28.766897193957885],"angle":-60.43045280634905},"norm_pos":[0.3622362691354707,0.5610685382229501],"diameter":28.766897193957885,"sphere":{"center":[-0.25025169474202824,-9.199425332893325,64.98962574878611],"radius":12.0},"projected_sphere":{"center":[157.61260279694787,32.237628072502076],"axes":[228.95961976328093,228.95961976328093],"angle":90.0},"model_confidence":0.8898798759342963,"model_id":169,"model_birth_timestamp":75032.850243,"theta":2.2862590365474778,"phi":-2.002681171347713,"method":"3d c++","id":1}
1946579,1946578,1,75046.748237,115,135,{"topic":"pupil.1","circle_3d":{"center":[-4.056150950121426,-1.3610539901653862,56.73886423536179],"normal":[-0.3171582712816165,0.653197611893995,-0.6875634594520266],"radius":1.322008613079186},"confidence":0.9962244420690651,"timestamp":75046.748237,"diameter_3d":2.644017226158372,"ellipse":{"center":[115.73813608186381,104.9719484926484],"axes":[19.614671685024998,28.97491208854238],"angle":-60.200642659344766},"norm_pos":[0.3616816752558244,0.5626168812806317],"diameter":28.97491208854238,"sphere":{"center":[-0.25025169474202824,-9.199425332893325,64.98962574878611],"radius":12.0},"projected_sphere":{"center":[157.61260279694787,32.237628072502076],"axes":[228.95961976328093,228.95961976328093],"angle":90.0},"model_confidence":0.8897360895879669,"model_id":169,"model_birth_timestamp":75032.850243,"theta":2.282596123679036,"phi":-2.0029898074507515,"method":"3d c++","id":1}
1946586,1946583,1,75046.756637,115,135,{"topic":"pupil.1","circle_3d":{"center":[-4.077957749306991,-1.4051147525557255,56.70727167901319],"normal":[-0.31897550454708024,0.6495258816948,-0.6901961724810768],"radius":1.3043179240499858},"confidence":0.9979817566539794,"timestamp":75046.756637,"diameter_3d":2.6086358480999716,"ellipse":{"center":[115.4741705778731,104.48605709608844],"axes":[19.44127750859481,28.604409991349865],"angle":-59.8790834583225},"norm_pos":[0.36085678305585345,0.5646414287662982],"diameter":28.604409991349865,"sphere":{"center":[-0.25025169474202824,-9.199425332893325,64.98962574878611],"radius":12.0},"projected_sphere":{"center":[157.61260279694787,32.237628072502076],"axes":[228.95961976328093,228.95961976328093],"angle":90.0},"model_confidence":0.8892168079149276,"model_id":169,"model_birth_timestamp":75032.850243,"theta":2.277757035973274,"phi":-2.0037097352746875,"method":"3d c++","id":1}
1946593,1946587,1,75046.765037,115,136,{"topic":"pupil.1","circle_3d":{"center":[-4.077305100570175,-1.4582409108530978,56.65729558412623],"normal":[-0.3189211171523456,0.6450987018366856,-0.6943608470549898],"radius":1.3290820692933274},"confidence":0.9994487010287741,"timestamp":75046.765037,"diameter_3d":2.658164138586655,"ellipse":{"center":[115.44496281332525,103.8850723705842],"axes":[19.962576816838734,29.174354278677264],"angle":-59.65182117208781},"norm_pos":[0.3607655087916414,0.5671455317892324],"diameter":29.174354278677264,"sphere":{"center":[-0.25025169474202824,-9.199425332893325,64.98962574878611],"radius":12.0},"projected_sphere":{"center":[157.61260279694787,32.237628072502076],"axes":[228.95961976328093,228.95961976328093],"angle":90.0},"model_confidence":0.8890923378423565,"model_id":169,"model_birth_timestamp":75032.850243,"theta":2.2719487770845017,"phi":-2.001358569035739,"method":"3d c++","id":1}
1946599,1946599,1,75046.773437,115,136,{"topic":"pupil.1","circle_3d":{"center":[-4.074143696118055,-1.5073166128952238,56.6105259521766],"normal":[-0.3186576667813356,0.6410090599998418,-0.698258316384126],"radius":1.3194672633655655},"confidence":0.9996884732788562,"timestamp":75046.773437,"diameter_3d":2.638934526731131,"ellipse":{"center":[115.44240849589109,103.33643306552013],"axes":[19.960049259755618,28.98801652314301],"angle":-59.455141186193714},"norm_pos":[0.36075752654965965,0.5694315288936662],"diameter":28.98801652314301,"sphere":{"center":[-0.25025169474202824,-9.199425332893325,64.98962574878611],"radius":12.0},"projected_sphere":{"center":[157.61260279694787,32.237628072502076],"axes":[228.95961976328093,228.95961976328093],"angle":90.0},"model_confidence":0.8890161028056176,"model_id":169,"model_birth_timestamp":75032.850243,"theta":2.2666085509525877,"phi":-1.998927221583055,"method":"3d c++","id":1}
1946609,1946605,1,75046.781837,115,137,{"topic":"pupil.1","circle_3d":{"center":[-4.082937297030692,-1.5430233114331458,56.581889480337296],"normal":[-0.31939046685738864,0.6380335017883483,-0.7006446890374016],"radius":1.3017097040261072},"confidence":0.9992670094077409,"timestamp":75046.781837,"diameter_3d":2.6034194080522144,"ellipse":{"center":[115.32232345844113,102.94092594207564],"axes":[19.774658656998067,28.61319266568223],"angle":-59.24269436089807},"norm_pos":[0.36038226080762853,0.5710794752413515],"diameter":28.61319266568223,"sphere":{"center":[-0.25025169474202824,-9.199425332893325,64.98962574878611],"radius":12.0},"projected_sphere":{"center":[157.61260279694787,32.237628072502076],"axes":[228.95961976328093,228.95961976328093],"angle":90.0},"model_confidence":0.8888277761740282,"model_id":169,"model_birth_timestamp":75032.850243,"theta":2.262738016477569,"phi":-1.99850632623877,"method":"3d c++","id":1}
1946617,1946609,1,75046.790237,115,137,{"topic":"pupil.1","circle_3d":{"center":[-4.081362470541543,-1.5752682816698815,56.55192348562034],"normal":[-0.31925923131662626,0.6353464209352869,-0.7031418552638139],"radius":1.323677929768577},"confidence":0.9994260012129643,"timestamp":75046.790237,"diameter_3d":2.647355859537154,"ellipse":{"center":[115.31836359827747,102.57316917102571],"axes":[20.19986505024128,29.112222189871027],"angle":-59.10774798334174},"norm_pos":[0.3603698862446171,0.5726117951207261],"diameter":29.112222189871027,"sphere":{"center":[-0.25025169474202824,-9.199425332893325,64.98962574878611],"radius":12.0},"projected_sphere":{"center":[157.61260279694787,32.237628072502076],"axes":[228.95961976328093,228.95961976328093],"angle":90.0},"model_confidence":0.8887210921043387,"model_id":169,"model_birth_timestamp":75032.850243,"theta":2.2592533638196857,"phi":-1.997010381821024,"method":"3d c++","id":1}
1946623,1946621,1,75046.798637,115,137,{"topic":"pupil.1","circle_3d":{"center":[-4.084324459966628,-1.5653500333181434,56.56224297882846],"normal":[-0.31950606376871665,0.6361729416312651,-0.702281897496471],"radius":1.3051747608886672},"confidence":0.998966001984645,"timestamp":75046.798637,"diameter_3d":2.6103495217773345,"ellipse":{"center":[115.29219454371454,102.6894488741975],"axes":[19.885777922769925,28.69981755348831],"angle":-59.13422361123256},"norm_pos":[0.3602881079491079,0.5721272963575104],"diameter":28.69981755348831,"sphere":{"center":[-0.25025169474202824,-9.199425332893325,64.98962574878611],"radius":12.0},"projected_sphere":{"center":[157.61260279694787,32.237628072502076],"axes":[228.95961976328093,228.95961976328093],"angle":90.0},"model_confidence":0.8884539857219487,"model_id":169,"model_birth_timestamp":75032.850243,"theta":2.260324143293313,"phi":-1.9977624811632226,"method":"3d c++","id":1}
1946633,1946629,1,75046.807037,115,136,{"topic":"pupil.1","circle_3d":{"center":[-4.070983810774704,-1.5240879347380005,56.59372187118039],"normal":[-0.318394343002723,0.639611449846277,-0.6996586564671431],"radius":1.3290803811775336},"confidence":0.9996118915707676,"timestamp":75046.807037,"diameter_3d":2.658160762355067,"ellipse":{"center":[115.46487340012357,103.1454223319115],"axes":[20.157448519698928,29.20817534588566],"angle":-59.40008760228392},"norm_pos":[0.36082772937538615,0.5702274069503688],"diameter":29.20817534588566,"sphere":{"center":[-0.25025169474202824,-9.199425332893325,64.98962574878611],"radius":12.0},"projected_sphere":{"center":[157.61260279694787,32.237628072502076],"axes":[228.95961976328093,228.95961976328093],"angle":90.0},"model_confidence":0.8884266061451429,"model_id":169,"model_birth_timestamp":75032.850243,"theta":2.2647890210223873,"phi":-1.9978592630715628,"method":"3d c++","id":1}
1946643,1946639,1,75046.815437,115,136,{"topic":"pupil.1","circle_3d":{"center":[-4.054060078296454,-1.47073218746249,56.63508542361133],"normal":[-0.3169840319628689,0.6440577621192363,-0.6962116937645648],"radius":1.2898623387466288},"confidence":0.9988415810396661,"timestamp":75046.815437,"diameter_3d":2.5797246774932576,"ellipse":{"center":[115.67820455334605,103.75094075877463],"axes":[19.44394382803031,28.323897212787685],"angle":-59.73908281349597},"norm_pos":[0.3614943892292064,0.5677044135051057],"diameter":28.323897212787685,"sphere":{"center":[-0.25025169474202824,-9.199425332893325,64.98962574878611],"radius":12.0},"projected_sphere":{"center":[157.61260279694787,32.237628072502076],"axes":[228.95961976328093,228.95961976328093],"angle":90.0},"model_confidence":0.8881246084991856,"model_id":169,"model_birth_timestamp":75032.850243,"theta":2.2705872496259722,"phi":-1.998047613801078,"method":"3d c++","id":1}
1946653,1946643,1,75046.823837,115,135,{"topic":"pupil.1","circle_3d":{"center":[-4.044708909778266,-1.3841416383556702,56.711737417988616],"normal":[-0.3162047679196865,0.6512736412114712,-0.6898240275664577],"radius":1.315933943555463},"confidence":0.9993923740918836,"timestamp":75046.823837,"diameter_3d":2.631867887110926,"ellipse":{"center":[115.841649167681,104.71360973645358],"axes":[19.608582753456428,28.855627800374634],"angle":-60.171348694035004},"norm_pos":[0.3620051536490031,0.5636932927647768],"diameter":28.855627800374634,"sphere":{"center":[-0.25025169474202824,-9.199425332893325,64.98962574878611],"radius":12.0},"projected_sphere":{"center":[157.61260279694787,32.237628072502076],"axes":[228.95961976328093,228.95961976328093],"angle":90.0},"model_confidence":0.8879996844669447,"model_id":169,"model_birth_timestamp":75032.850243,"theta":2.280057956115088,"phi":-2.0006010400338297,"method":"3d c++","id":1}
1946661,1946655,1,75046.832237,116,134,{"topic":"pupil.1","circle_3d":{"center":[-4.034454532139913,-1.2993476485167648,56.78788316161323],"normal":[-0.31535023644982374,0.6583398070313801,-0.6834785489310734],"radius":1.2942116911403503},"confidence":0.9977716070067698,"timestamp":75046.832237,"diameter_3d":2.5884233822807006,"ellipse":{"center":[116.00977655524804,105.66508707392101],"axes":[19.062010218071002,28.33933261214129],"angle":-60.59368482333883},"norm_pos":[0.36253055173515014,0.5597288038586624],"diameter":28.33933261214129,"sphere":{"center":[-0.25025169474202824,-9.199425332893325,64.98962574878611],"radius":12.0},"projected_sphere":{"center":[157.61260279694787,32.237628072502076],"axes":[228.95961976328093,228.95961976328093],"angle":90.0},"model_confidence":0.8874697537893161,"model_id":169,"model_birth_timestamp":75032.850243,"theta":2.2894073652741587,"phi":-2.003081788151913,"method":"3d c++","id":1}
1946668,1946667,1,75046.840637,116,133,{"topic":"pupil.1","circle_3d":{"center":[-4.028706826203735,-1.2054211747740746,56.876724027484244],"normal":[-0.3148712609551423,0.6661670131766042,-0.6760751434418223],"radius":1.2783140267531106},"confidence":0.996153956518246,"timestamp":75046.840637,"diameter_3d":2.556628053506221,"ellipse":{"center":[116.13864001487426,106.71528869492693],"axes":[18.570305000906966,27.945654280861227],"angle":-61.018867199823205},"norm_pos":[0.362933250046482,0.5553529637711379],"diameter":27.945654280861227,"sphere":{"center":[-0.25025169474202824,-9.199425332893325,64.98962574878611],"radius":12.0},"projected_sphere":{"center":[157.61260279694787,32.237628072502076],"axes":[228.95961976328093,228.95961976328093],"angle":90.0},"model_confidence":0.886469179620486,"model_id":169,"model_birth_timestamp":75032.850243,"theta":2.299853828317212,"phi":-2.0066574343764,"method":"3d c++","id":1}
1946677,1946667,1,75046.849037,116,132,{"topic":"pupil.1","circle_3d":{"center":[-4.032091524644822,-1.1694482771062393,56.91391178750109],"normal":[-0.31515331915856615,0.6691647546489239,-0.6729761634404182],"radius":1.3063792078105074},"confidence":0.9988778959423092,"timestamp":75046.849037,"diameter_3d":2.612758415621015,"ellipse":{"center":[116.13245907982986,107.10962440428136],"axes":[18.86708193552273,28.54019273739068],"angle":-61.14578696402015},"norm_pos":[0.3629139346244683,0.5537098983154943],"diameter":28.54019273739068,"sphere":{"center":[-0.25025169474202824,-9.199425332893325,64.98962574878611],"radius":12.0},"projected_sphere":{"center":[157.61260279694787,32.237628072502076],"axes":[228.95961976328093,228.95961976328093],"angle":90.0},"model_confidence":0.886206668573708,"model_id":169,"model_birth_timestamp":75032.850243,"theta":2.3038805646399445,"phi":-2.0087621594043927,"method":"3d c++","id":1}
1946684,1946683,1,75046.857437,117,132,{"topic":"pupil.1","circle_3d":{"center":[-3.9450734401380054,-1.1599783394440752,56.883110818850504],"normal":[-0.30790181211633144,0.6699539161207708,-0.6755429108279671],"radius":1.2760464477332347},"confidence":0.9970581911530021,"timestamp":75046.857437,"diameter_3d":2.5520928954664694,"ellipse":{"center":[117.05364398140384,107.21205906293326],"axes":[18.536130899024894,27.889975122583678],"angle":-61.709604057361474},"norm_pos":[0.365792637441887,0.5532830872377781],"diameter":27.889975122583678,"sphere":{"center":[-0.25025169474202824,-9.199425332893325,64.98962574878611],"radius":12.0},"projected_sphere":{"center":[157.61260279694787,32.237628072502076],"axes":[228.95961976328093,228.95961976328093],"angle":90.0},"model_confidence":0.8853907835907227,"model_id":169,"model_birth_timestamp":75032.850243,"theta":2.3049430385434686,"phi":-1.9984500052318774,"method":"3d c++","id":1}
1946692,1946688,1,75046.865837,117,132,{"topic":"pupil.1","circle_3d":{"center":[-3.9133679128734333,-1.1617730081665965,56.86695841106523],"normal":[-0.30525968484428373,0.669804360393894,-0.6768889448100738],"radius":1.2888947969591293},"confidence":0.997256941599027,"timestamp":75046.865837,"diameter_3d":2.5777895939182587,"ellipse":{"center":[117.38790648778964,107.18563831129782],"axes":[18.776817873156496,28.178058343626223],"angle":-61.89546367952795},"norm_pos":[0.3668372077743426,0.5533931737029257],"diameter":28.178058343626223,"sphere":{"center":[-0.25025169474202824,-9.199425332893325,64.98962574878611],"radius":12.0},"projected_sphere":{"center":[157.61260279694787,32.237628072502076],"axes":[228.95961976328093,228.95961976328093],"angle":90.0},"model_confidence":0.8846488062044799,"model_id":169,"model_birth_timestamp":75032.850243,"theta":2.304741608593038,"phi":-1.9944603908881828,"method":"3d c++","id":1}
1946701,1946698,1,75046.874237,117,132,{"topic":"pupil.1","circle_3d":{"center":[-3.9208408587023675,-1.1678653177833365,56.86430612965091],"normal":[-0.30588243033002827,0.6692966679258324,-0.6771099682612665],"radius":1.2771333833485379},"confidence":0.9484069050975905,"timestamp":75046.874237,"diameter_3d":2.5542667666970758,"ellipse":{"center":[117.30359901148154,107.12134234909104],"axes":[18.611578267776785,27.922454675321074],"angle":-61.825391918813324},"norm_pos":[0.3665737469108798,0.553661073545454],"diameter":27.922454675321074,"sphere":{"center":[-0.25025169474202824,-9.199425332893325,64.98962574878611],"radius":12.0},"projected_sphere":{"center":[157.61260279694787,32.237628072502076],"axes":[228.95961976328093,228.95961976328093],"angle":90.0},"model_confidence":0.884475489102543,"model_id":169,"model_birth_timestamp":75032.850243,"theta":2.3040580929986785,"phi":-1.9951021504768651,"method":"3d c++","id":1}
1946707,1946706,1,75046.882637,117,133,{"topic":"pupil.1","circle_3d":{"center":[-3.9155846834679298,-1.1883941893647485,56.84169876708255],"normal":[-0.30544441572715847,0.6675859286273813,-0.6789939151419634],"radius":1.2912067805615832},"confidence":0.9977412643893614,"timestamp":75046.882637,"diameter_3d":2.5824135611231664,"ellipse":{"center":[117.34530537295643,106.88894326302923],"axes":[18.884405574538363,28.24165355316061],"angle":-61.77468824056902},"norm_pos":[0.36670407929048887,0.5546294030707115],"diameter":28.24165355316061,"sphere":{"center":[-0.25025169474202824,-9.199425332893325,64.98962574878611],"radius":12.0},"projected_sphere":{"center":[157.61260279694787,32.237628072502076],"axes":[228.95961976328093,228.95961976328093],"angle":90.0},"model_confidence":0.883927922652672,"model_id":169,"model_birth_timestamp":75032.850243,"theta":2.301757983672834,"phi":-1.9935242845840215,"method":"3d c++","id":1}
1946716,1946711,1,75046.891037,117,133,{"topic":"pupil.1","circle_3d":{"center":[-3.9079724512448792,-1.2307928239512709,56.796825567841864],"normal":[-0.3048100630419042,0.6640527090785046,-0.6827333484120204],"radius":1.2730345506267533},"confidence":0.9979500233533527,"timestamp":75046.891037,"diameter_3d":2.5460691012535066,"ellipse":{"center":[117.39356197103548,106.41968241202275],"axes":[18.750397591969346,27.866558748536992],"angle":-61.649351388877506},"norm_pos":[0.3668548811594859,0.5565846566165719],"diameter":27.866558748536992,"sphere":{"center":[-0.25025169474202824,-9.199425332893325,64.98962574878611],"radius":12.0},"projected_sphere":{"center":[157.61260279694787,32.237628072502076],"axes":[228.95961976328093,228.95961976328093],"angle":90.0},"model_confidence":0.883357158505782,"model_id":169,"model_birth_timestamp":75032.850243,"theta":2.2970224668605908,"phi":-1.9906987430081375,"method":"3d c++","id":1}
1946727,1946724,1,75046.899437,117,133,{"topic":"pupil.1","circle_3d":{"center":[-3.908028547464865,-1.2520032335164029,56.77627378567018],"normal":[-0.30481473772690304,0.6622851749480768,-0.6844459969263277],"radius":1.2721490146640864},"confidence":0.9976751278368197,"timestamp":75046.899437,"diameter_3d":2.5442980293281727,"ellipse":{"center":[117.37768115003921,106.18327239508275],"axes":[18.797058595576814,27.857597476884937],"angle":-61.56233978493245},"norm_pos":[0.3668052535938725,0.5575696983538219],"diameter":27.857597476884937,"sphere":{"center":[-0.25025169474202824,-9.199425332893325,64.98962574878611],"radius":12.0},"projected_sphere":{"center":[157.61260279694787,32.237628072502076],"axes":[228.95961976328093,228.95961976328093],"angle":90.0},"model_confidence":0.8826797904295858,"model_id":169,"model_birth_timestamp":75032.850243,"theta":2.2946609345102353,"phi":-1.9897725801542616,"method":"3d c++","id":1}
1946738,1946735,1,75046.907837,117,134,{"topic":"pupil.1","circle_3d":{"center":[-3.8994604137824025,-1.2836350053245242,56.741987346501006],"normal":[-0.30410072658669784,0.6596491939640667,-0.6873032001904251],"radius":1.2735559832724583},"confidence":0.9973678833940568,"timestamp":75046.907837,"diameter_3d":2.5471119665449167,"ellipse":{"center":[117.44591968056423,105.82879376344114],"axes":[18.919456895110052,27.90555819799551],"angle":-61.48521590278713},"norm_pos":[0.3670184990017632,0.5590466926523285],"diameter":27.90555819799551,"sphere":{"center":[-0.25025169474202824,-9.199425332893325,64.98962574878611],"radius":12.0},"projected_sphere":{"center":[157.61260279694787,32.237628072502076],"axes":[228.95961976328093,228.95961976328093],"angle":90.0},"model_confidence":0.8819955255568113,"model_id":169,"model_birth_timestamp":75032.850243,"theta":2.2911482299735084,"phi":-1.9873581285201762,"method":"3d c++","id":1}
1946742,1946739,1,75046.916237,117,134,{"topic":"pupil.1","circle_3d":{"center":[-3.91600923422158,-1.3237130882105648,56.71101606474478],"normal":[-0.3054797949566293,0.6563093537235634,-0.6898841403367774],"radius":1.2846365910972415},"confidence":0.9986562882089536,"timestamp":75046.916237,"diameter_3d":2.569273182194483,"ellipse":{"center":[117.24330712667532,105.38036986742704],"axes":[19.171730306175686,28.164917471537382],"angle":-61.21672249960841},"norm_pos":[0.3663853347708604,0.5609151255523874],"diameter":28.164917471537382,"sphere":{"center":[-0.25025169474202824,-9.199425332893325,64.98962574878611],"radius":12.0},"projected_sphere":{"center":[157.61260279694787,32.237628072502076],"axes":[228.95961976328093,228.95961976328093],"angle":90.0},"model_confidence":0.8817341169747861,"model_id":169,"model_birth_timestamp":75032.850243,"theta":2.2867130514731433,"phi":-1.9876455291768016,"method":"3d c++","id":1}
1946752,1946752,1,75046.924637,117,134,{"topic":"pupil.1","circle_3d":{"center":[-3.920367345122644,-1.3511838986363314,56.6868938187258],"normal":[-0.3058429708650513,0.6540201195214161,-0.6918943275050259],"radius":1.2779321705995255},"confidence":0.9991188871914499,"timestamp":75046.924637,"diameter_3d":2.555864341199051,"ellipse":{"center":[117.17720719235308,105.07519498645047],"axes":[19.14129102637986,28.030396199363775],"angle":-61.07484927354042},"norm_pos":[0.36617877247610336,0.5621866875564564],"diameter":28.030396199363775,"sphere":{"center":[-0.25025169474202824,-9.199425332893325,64.98962574878611],"radius":12.0},"projected_sphere":{"center":[157.61260279694787,32.237628072502076],"axes":[228.95961976328093,228.95961976328093],"angle":90.0},"model_confidence":0.8815064716236387,"model_id":169,"model_birth_timestamp":75032.850243,"theta":2.2836829001399037,"phi":-1.9870086153974027,"method":"3d c++","id":1}
1946759,1946758,1,75046.933037,117,135,{"topic":"pupil.1","circle_3d":{"center":[-3.916303133114208,-1.3737511508992215,56.66382906327426],"normal":[-0.30550428653101497,0.6521395151661753,-0.6938163904593212],"radius":1.2740684385048144},"confidence":0.998440816683368,"timestamp":75046.933037,"diameter_3d":2.548136877009629,"ellipse":{"center":[117.20410935263169,104.82298999338951],"axes":[19.151575598745758,27.957275514747476],"angle":-61.005108578639465},"norm_pos":[0.36626284172697404,0.5632375416942104],"diameter":27.957275514747476,"sphere":{"center":[-0.25025169474202824,-9.199425332893325,64.98962574878611],"radius":12.0},"projected_sphere":{"center":[157.61260279694787,32.237628072502076],"axes":[228.95961976328093,228.95961976328093],"angle":90.0},"model_confidence":0.8812144646754505,"model_id":169,"model_birth_timestamp":75032.850243,"theta":2.2811995606017086,"phi":-1.9855749525529263,"method":"3d c++","id":1}
1946771,1946771,1,75046.941437,117,135,{"topic":"pupil.1","circle_3d":{"center":[-3.9315638571614593,-1.4161315595854802,56.630901037371686],"normal":[-0.3067760135349526,0.6486078144423204,-0.6965603926178684],"radius":1.278016652732392},"confidence":0.9989947037311986,"timestamp":75046.941437,"diameter_3d":2.556033305464784,"ellipse":{"center":[117.01310274514626,104.34930704120843],"axes":[19.30420007775894,28.061399417708174],"angle":-60.73048954990443},"norm_pos":[0.36566594607858205,0.5652112206616315],"diameter":28.061399417708174,"sphere":{"center":[-0.25025169474202824,-9.199425332893325,64.98962574878611],"radius":12.0},"projected_sphere":{"center":[157.61260279694787,32.237628072502076],"axes":[228.95961976328093,228.95961976328093],"angle":90.0},"model_confidence":0.8809958136669072,"model_id":169,"model_birth_timestamp":75032.850243,"theta":2.276550213882609,"phi":-1.9856512785995826,"method":"3d c++","id":1}
1946777,1946775,1,75046.949837,116,135,{"topic":"pupil.1","circle_3d":{"center":[-3.931428595722356,-1.4396546878718866,56.60899950963474],"normal":[-0.3067647417483606,0.6466475537517865,-0.698385519929281],"radius":1.2954713137839808},"confidence":0.9996249296056197,"timestamp":75046.949837,"diameter_3d":2.5909426275679617,"ellipse":{"center":[116.9997545446048,104.08153207194846],"axes":[19.63311547887129,28.456175132991234],"angle":-60.63061834307774},"norm_pos":[0.36562423295189,0.5663269497002148],"diameter":28.456175132991234,"sphere":{"center":[-0.25025169474202824,-9.199425332893325,64.98962574878611],"radius":12.0},"projected_sphere":{"center":[157.61260279694787,32.237628072502076],"axes":[228.95961976328093,228.95961976328093],"angle":90.0},"model_confidence":0.881069849336702,"model_id":169,"model_birth_timestamp":75032.850243,"theta":2.273977545674684,"phi":-1.9846733587096927,"method":"3d c++","id":1}
1946783,1946779,1,75046.958237,116,136,{"topic":"pupil.1","circle_3d":{"center":[-3.9372326581191337,-1.4504682818434222,56.60154873455461],"normal":[-0.3072484136147588,0.6457464209208252,-0.699006417852625],"radius":1.2645274221922034},"confidence":0.9985736731140976,"timestamp":75046.958237,"diameter_3d":2.5290548443844068,"ellipse":{"center":[116.92794964400542,103.96814076003487],"axes":[19.184302500264472,27.78029342954774],"angle":-60.54810241572733},"norm_pos":[0.36539984263751696,0.5667994134998546],"diameter":27.78029342954774,"sphere":{"center":[-0.25025169474202824,-9.199425332893325,64.98962574878611],"radius":12.0},"projected_sphere":{"center":[157.61260279694787,32.237628072502076],"axes":[228.95961976328093,228.95961976328093],"angle":90.0},"model_confidence":0.8806526893440969,"model_id":169,"model_birth_timestamp":75032.850243,"theta":2.2727967704624716,"phi":-1.984926299151549,"method":"3d c++","id":1}
1946792,1946790,1,75046.966636,117,136,{"topic":"pupil.1","circle_3d":{"center":[-3.9292215920059905,-1.452794032198275,56.59588498640148],"normal":[-0.30658082477199683,0.6455526083912542,-0.6994783968653859],"radius":1.289032978936413},"confidence":0.9996631828100508,"timestamp":75046.966636,"diameter_3d":2.578065957872826,"ellipse":{"center":[117.01350986321572,103.93535861270364],"axes":[19.57477226406857,28.321446783759686],"angle":-60.58793048683941},"norm_pos":[0.3656672183225491,0.5669360057804015],"diameter":28.321446783759686,"sphere":{"center":[-0.25025169474202824,-9.199425332893325,64.98962574878611],"radius":12.0},"projected_sphere":{"center":[157.61260279694787,32.237628072502076],"axes":[228.95961976328093,228.95961976328093],"angle":90.0},"model_confidence":0.8806659534743577,"model_id":169,"model_birth_timestamp":75032.850243,"theta":2.2725429675131434,"phi":-1.983877379026693,"method":"3d c++","id":1}
1946801,1946797,1,75046.975036,117,135,{"topic":"pupil.1","circle_3d":{"center":[-3.925165081289942,-1.429485351174037,56.61567540967787],"normal":[-0.30624278221232615,0.6474949984766073,-0.6978291949256867],"radius":1.2750107113343274},"confidence":0.9991698819348409,"timestamp":75046.975036,"diameter_3d":2.550021422668655,"ellipse":{"center":[117.07142552568408,104.19947125194528],"axes":[19.30467517800269,28.00296587932607],"angle":-60.71325472974263},"norm_pos":[0.36584820476776275,0.565835536450228],"diameter":28.00296587932607,"sphere":{"center":[-0.25025169474202824,-9.199425332893325,64.98962574878611],"radius":12.0},"projected_sphere":{"center":[157.61260279694787,32.237628072502076],"axes":[228.95961976328093,228.95961976328093],"angle":90.0},"model_confidence":0.8804870839004497,"model_id":169,"model_birth_timestamp":75032.850243,"theta":2.2750890515218307,"phi":-1.9843398499397424,"method":"3d c++","id":1}
1946811,1946807,1,75046.983436,117,135,{"topic":"pupil.1","circle_3d":{"center":[-3.927009876518517,-1.3749772791841837,56.66739876753002],"normal":[-0.3063965151480407,0.6520373378090951,-0.6935189151046743],"radius":1.2969286971582972},"confidence":0.9993369314289674,"timestamp":75046.983436,"diameter_3d":2.5938573943165943,"ellipse":{"center":[117.09178962995512,104.80533955890853],"axes":[19.482480202445082,28.457569583249267],"angle":-60.93343398977308},"norm_pos":[0.36591184259360976,0.5633110851712144],"diameter":28.457569583249267,"sphere":{"center":[-0.25025169474202824,-9.199425332893325,64.98962574878611],"radius":12.0},"projected_sphere":{"center":[157.61260279694787,32.237628072502076],"axes":[228.95961976328093,228.95961976328093],"angle":90.0},"model_confidence":0.8803200433165181,"model_id":169,"model_birth_timestamp":75032.850243,"theta":2.281064787388229,"phi":-1.9868100723868327,"method":"3d c++","id":1}
1946820,1946818,1,75046.991836,117,134,{"topic":"pupil.1","circle_3d":{"center":[-3.915816144434736,-1.338079543546666,56.697287137424986],"normal":[-0.305463704141059,0.6551121491122216,-0.691028217613427],"radius":1.290080539512868},"confidence":0.9993786500318201,"timestamp":75046.991836,"diameter_3d":2.580161079025736,"ellipse":{"center":[117.23569233615589,105.21842817471736],"axes":[19.293609999030295,28.29139477273859],"angle":-61.15791020461103},"norm_pos":[0.36636153855048714,0.5615898826053443],"diameter":28.29139477273859,"sphere":{"center":[-0.25025169474202824,-9.199425332893325,64.98962574878611],"radius":12.0},"projected_sphere":{"center":[157.61260279694787,32.237628072502076],"axes":[228.95961976328093,228.95961976328093],"angle":90.0},"model_confidence":0.880296281078885,"model_id":169,"model_birth_timestamp":75032.850243,"theta":2.28512737506575,"phi":-1.9870129565053718,"method":"3d c++","id":1}
1946826,1946824,1,75047.000236,117,134,{"topic":"pupil.1","circle_3d":{"center":[-4.069571520734823,-1.3329578275725806,59.23134642969252],"normal":[-0.2973736360255691,0.6642178598302351,-0.6858451394297947],"radius":1.3284334530185877},"confidence":0.9977081676040919,"timestamp":75047.000236,"diameter_3d":2.6568669060371755,"ellipse":{"center":[117.45431461047855,105.90153000646708],"axes":[18.878403818840315,27.88481289848948],"angle":-62.122981687145},"norm_pos":[0.36704473315774544,0.5587436249730537],"diameter":27.88481289848948,"sphere":{"center":[-0.5010878884279936,-9.303572145535401,67.46148810285005],"radius":12.0},"projected_sphere":{"center":[155.39478746226723,34.496183045386175],"axes":[220.5702900789015,220.5702900789015],"angle":90.0},"model_confidence":0.8796396850417776,"model_id":169,"model_birth_timestamp":75032.850243,"theta":2.2972433711011004,"phi":-1.9799178222455653,"method":"3d c++","id":1}
1946834,1946829,1,75047.008636,117,133,{"topic":"pupil.1","circle_3d":{"center":[-4.05620637868875,-1.2968795933829966,59.26063406832942],"normal":[-0.2962598741883964,0.6672243793460337,-0.6834045028767192],"radius":1.3520551861769843},"confidence":0.9988248347998036,"timestamp":75047.008636,"diameter_3d":2.7041103723539686,"ellipse":{"center":[117.61650988497999,106.2807432610361],"axes":[19.131114590592688,28.36584030882464],"angle":-62.35006358198447},"norm_pos":[0.3675515933905625,0.5571635697456829],"diameter":28.36584030882464,"sphere":{"center":[-0.5010878884279936,-9.303572145535401,67.46148810285005],"radius":12.0},"projected_sphere":{"center":[155.39478746226723,34.496183045386175],"axes":[220.5702900789015,220.5702900789015],"angle":90.0},"model_confidence":0.8793124608048375,"model_id":169,"model_birth_timestamp":75032.850243,"theta":2.301272483722422,"phi":-1.9798494197233099,"method":"3d c++","id":1}
1946843,1946842,1,75047.017036,117,133,{"topic":"pupil.1","circle_3d":{"center":[-4.051730377740324,-1.2590947130630177,59.295747429063475],"normal":[-0.2958868741093609,0.6703731193726986,-0.6804783894822148],"radius":1.343723996669934},"confidence":0.9993285919158823,"timestamp":75047.017036,"diameter_3d":2.687447993339868,"ellipse":{"center":[117.68729616773425,106.68591342551935],"axes":[18.911773865562676,28.173612301337357],"angle":-62.52760170003609},"norm_pos":[0.3677728005241695,0.5554753607270027],"diameter":28.173612301337357,"sphere":{"center":[-0.5010878884279936,-9.303572145535401,67.46148810285005],"radius":12.0},"projected_sphere":{"center":[155.39478746226723,34.496183045386175],"axes":[220.5702900789015,220.5702900789015],"angle":90.0},"model_confidence":0.8792014953095451,"model_id":169,"model_birth_timestamp":75032.850243,"theta":2.3055078400174054,"phi":-1.9809566718461906,"method":"3d c++","id":1}
1946852,1946846,1,75047.025436,117,133,{"topic":"pupil.1","circle_3d":{"center":[-4.036840806826692,-1.238261265849001,59.30984951210971],"normal":[-0.2946460765332249,0.6721092399738666,-0.6793032158950291],"radius":1.33266393139704},"confidence":0.9984867170025741,"timestamp":75047.025436,"diameter_3d":2.66532786279408,"ellipse":{"center":[117.85177224674116,106.90926610317305],"axes":[18.718298967946048,27.934311614761363],"angle":-62.70142621584327},"norm_pos":[0.36828678827106615,0.5545447245701123],"diameter":27.934311614761363,"sphere":{"center":[-0.5010878884279936,-9.303572145535401,67.46148810285005],"radius":12.0},"projected_sphere":{"center":[155.39478746226723,34.496183045386175],"axes":[220.5702900789015,220.5702900789015],"angle":90.0},"model_confidence":0.8788082547215859,"model_id":169,"model_birth_timestamp":75032.850243,"theta":2.3078500291588533,"phi":-1.9800527994847723,"method":"3d c++","id":1}
1946859,1946858,1,75047.033836,117,133,{"topic":"pupil.1","circle_3d":{"center":[-4.034039478068185,-1.2385616845993983,59.30833783254032],"normal":[-0.294412632470016,0.6720842050780003,-0.6794291891924779],"radius":1.3235494551146376},"confidence":0.9976081046035241,"timestamp":75047.033836,"diameter_3d":2.6470989102292752,"ellipse":{"center":[117.87925946534605,106.9077648336191],"axes":[18.595103788228503,27.74384875219598],"angle":-62.71755328696301},"norm_pos":[0.3683726858292064,0.5545509798599204],"diameter":27.74384875219598,"sphere":{"center":[-0.5010878884279936,-9.303572145535401,67.46148810285005],"radius":12.0},"projected_sphere":{"center":[155.39478746226723,34.496183045386175],"axes":[220.5702900789015,220.5702900789015],"angle":90.0},"model_confidence":0.8781300459457353,"model_id":169,"model_birth_timestamp":75032.850243,"theta":2.307816219389135,"phi":-1.979695874729088,"method":"3d c++","id":1}
1946867,1946862,1,75047.042236,117,133,{"topic":"pupil.1","circle_3d":{"center":[-4.0229401474957776,-1.2560851407896454,59.28625051769406],"normal":[-0.2934876882556487,0.6706239170621463,-0.6812697987630001],"radius":1.323315532562749},"confidence":0.9971091352246768,"timestamp":75047.042236,"diameter_3d":2.646631065125498,"ellipse":{"center":[117.97969417661031,106.71952010377275],"axes":[18.657386997688658,27.749255298619065],"angle":-62.71735728591128},"norm_pos":[0.3686865443019072,0.5553353329009469],"diameter":27.749255298619065,"sphere":{"center":[-0.5010878884279936,-9.303572145535401,67.46148810285005],"radius":12.0},"projected_sphere":{"center":[155.39478746226723,34.496183045386175],"axes":[220.5702900789015,220.5702900789015],"angle":90.0},"model_confidence":0.8772855015991898,"model_id":169,"model_birth_timestamp":75032.850243,"theta":2.3058458829065915,"phi":-1.977565215036297,"method":"3d c++","id":1}
1946875,1946874,1,75047.050636,118,133,{"topic":"pupil.1","circle_3d":{"center":[-4.018789362517621,-1.270726808000262,59.27007966947136],"normal":[-0.29314178950746894,0.6694037781279283,-0.6826173694482248],"radius":1.3225350774274025},"confidence":0.9970309405085361,"timestamp":75047.050636,"diameter_3d":2.645070154854805,"ellipse":{"center":[118.01169962399845,106.56281610086657],"axes":[18.693595855293513,27.740564108678907],"angle":-62.68544566788225},"norm_pos":[0.36878656132499515,0.5559882662463893],"diameter":27.740564108678907,"sphere":{"center":[-0.5010878884279936,-9.303572145535401,67.46148810285005],"radius":12.0},"projected_sphere":{"center":[155.39478746226723,34.496183045386175],"axes":[220.5702900789015,220.5702900789015],"angle":90.0},"model_confidence":0.8764343970682931,"model_id":169,"model_birth_timestamp":75032.850243,"theta":2.3042022623662155,"phi":-1.9764199269100529,"method":"3d c++","id":1}
1946885,1946881,1,75047.059036,118,133,{"topic":"pupil.1","circle_3d":{"center":[-3.9979541118332005,-1.2962643833019651,59.23622524890527],"normal":[-0.29140551861710057,0.6672756468527864,-0.6854385711620656],"radius":1.3428905539622815},"confidence":0.9993176452117277,"timestamp":75047.059036,"diameter_3d":2.685781107924563,"ellipse":{"center":[118.20739768897215,106.28308501289496],"axes":[19.08438985230266,28.183584480181217],"angle":-62.71413048498033},"norm_pos":[0.369398117778038,0.5571538124462709],"diameter":28.183584480181217,"sphere":{"center":[-0.5010878884279936,-9.303572145535401,67.46148810285005],"radius":12.0},"projected_sphere":{"center":[155.39478746226723,34.496183045386175],"axes":[220.5702900789015,220.5702900789015],"angle":90.0},"model_confidence":0.8764604063045467,"model_id":169,"model_birth_timestamp":75032.850243,"theta":2.3013413145211623,"phi":-1.9727832815513098,"method":"3d c++","id":1}
1946895,1946891,1,75047.067436,117,133,{"topic":"pupil.1","circle_3d":{"center":[-4.0180547248286596,-1.3152815223425502,59.22631007252994],"normal":[-0.2930805697000555,0.6656908852660709,-0.6862648358600095],"radius":1.350385485540349},"confidence":0.9993282015301282,"timestamp":75047.067436,"diameter_3d":2.700770971080698,"ellipse":{"center":[117.99098857213028,106.08013748522386],"axes":[19.215942410208033,28.346496078048535],"angle":-62.51342164040187},"norm_pos":[0.36872183928790714,0.5579994271449006],"diameter":28.346496078048535,"sphere":{"center":[-0.5010878884279936,-9.303572145535401,67.46148810285005],"radius":12.0},"projected_sphere":{"center":[155.39478746226723,34.496183045386175],"axes":[220.5702900789015,220.5702900789015],"angle":90.0},"model_confidence":0.8763006249204897,"model_id":169,"model_birth_timestamp":75032.850243,"theta":2.29921560009241,"phi":-1.9744158283362552,"method":"3d c++","id":1}
1946904,1946903,1,75047.075836,118,133,{"topic":"pupil.1","circle_3d":{"center":[-4.002065502553303,-1.3081771167801115,59.22639162013969],"normal":[-0.29174813451044246,0.6662829190629408,-0.6862580402258639],"radius":1.3325520789449659},"confidence":0.9985047016836465,"timestamp":75047.075836,"diameter_3d":2.6651041578899317,"ellipse":{"center":[118.15678522411388,106.15838659993732],"axes":[18.965029399967904,27.971480900309402],"angle":-62.64134361388838},"norm_pos":[0.36923995382535585,0.5576733891669279],"diameter":27.971480900309402,"sphere":{"center":[-0.5010878884279936,-9.303572145535401,67.46148810285005],"radius":12.0},"projected_sphere":{"center":[155.39478746226723,34.496183045386175],"axes":[220.5702900789015,220.5702900789015],"angle":90.0},"model_confidence":0.8759209187702344,"model_id":169,"model_birth_timestamp":75032.850243,"theta":2.3000092500515064,"phi":-1.972776159431525,"method":"3d c++","id":1}
1946910,1946903,1,75047.084236,118,133,{"topic":"pupil.1","circle_3d":{"center":[-4.005021242643017,-1.3170095023595172,59.219081403599716],"normal":[-0.2919944461845853,0.6655468869313237,-0.6868672249375283],"radius":1.3414762065532155},"confidence":0.9986841377867375,"timestamp":75047.084236,"diameter_3d":2.682952413106431,"ellipse":{"center":[118.12149372571403,106.06222092881211],"axes":[19.112817093860997,28.162546978886255],"angle":-62.58780136844183},"norm_pos":[0.36912966789285634,0.5580740794632828],"diameter":28.162546978886255,"sphere":{"center":[-0.5010878884279936,-9.303572145535401,67.46148810285005],"radius":12.0},"projected_sphere":{"center":[155.39478746226723,34.496183045386175],"axes":[220.5702900789015,220.5702900789015],"angle":90.0},"model_confidence":0.8755646341245926,"model_id":169,"model_birth_timestamp":75032.850243,"theta":2.2990226483149225,"phi":-1.9727605363478806,"method":"3d c++","id":1}
1946919,1946913,1,75047.092636,117,133,{"topic":"pupil.1","circle_3d":{"center":[-4.019203427750133,-1.3065250637891532,59.23530423520438],"normal":[-0.29317629494351166,0.6664205901455207,-0.685515322303806],"radius":1.3481947915700359},"confidence":0.999398456931097,"timestamp":75047.092636,"diameter_3d":2.6963895831400717,"ellipse":{"center":[117.9850897538146,106.17443316700388],"axes":[19.15817734744387,28.296095428327835],"angle":-62.54111451290319},"norm_pos":[0.36870340548067065,0.5576065284708172],"diameter":28.296095428327835,"sphere":{"center":[-0.5010878884279936,-9.303572145535401,67.46148810285005],"radius":12.0},"projected_sphere":{"center":[155.39478746226723,34.496183045386175],"axes":[220.5702900789015,220.5702900789015],"angle":90.0},"model_confidence":0.8754136048300665,"model_id":169,"model_birth_timestamp":75032.850243,"theta":2.300193885448863,"phi":-1.9749287263074635,"method":"3d c++","id":1}
1946926,1946924,1,75047.101036,117,133,{"topic":"pupil.1","circle_3d":{"center":[-4.028974824119467,-1.2904747255138247,59.25513181603061],"normal":[-0.29399057797428946,0.6677581183351313,-0.6838630239016201],"radius":1.3358911583764397},"confidence":0.9979470336476997,"timestamp":75047.101036,"diameter_3d":2.6717823167528794,"ellipse":{"center":[117.89587830378008,106.3498713547432],"axes":[18.923757925576073,28.028422471581973],"angle":-62.544170997301364},"norm_pos":[0.3684246196993127,0.5568755360219033],"diameter":28.028422471581973,"sphere":{"center":[-0.5010878884279936,-9.303572145535401,67.46148810285005],"radius":12.0},"projected_sphere":{"center":[155.39478746226723,34.496183045386175],"axes":[220.5702900789015,220.5702900789015],"angle":90.0},"model_confidence":0.8750389775339706,"model_id":169,"model_birth_timestamp":75032.850243,"theta":2.30198927983091,"phi":-1.9768073505162453,"method":"3d c++","id":1}
1946934,1946930,1,75047.109436,117,133,{"topic":"pupil.1","circle_3d":{"center":[-4.043811418866181,-1.3018669191182575,59.25040879155314],"normal":[-0.2952269608698489,0.6668087688680954,-0.6842566092747426],"radius":1.3470296091275475},"confidence":0.9848225079891351,"timestamp":75047.109436,"diameter_3d":2.694059218255095,"ellipse":{"center":[117.73842204584639,106.22718496269741],"axes":[19.092398109300046,28.265003388894478],"angle":-62.406900787902515},"norm_pos":[0.36793256889327,0.5573867293220942],"diameter":28.265003388894478,"sphere":{"center":[-0.5010878884279936,-9.303572145535401,67.46148810285005],"radius":12.0},"projected_sphere":{"center":[155.39478746226723,34.496183045386175],"axes":[220.5702900789015,220.5702900789015],"angle":90.0},"model_confidence":0.8746858242955069,"model_id":169,"model_birth_timestamp":75032.850243,"theta":2.300714649390159,"phi":-1.9781229517018826,"method":"3d c++","id":1}
1946945,1946944,1,75047.117836,117,133,{"topic":"pupil.1","circle_3d":{"center":[-4.039288071835903,-1.3073806242243045,59.243090411289685],"normal":[-0.2948500152839925,0.6663492934425914,-0.6848664742966972],"radius":1.339606496002783},"confidence":0.9980764514933752,"timestamp":75047.117836,"diameter_3d":2.679212992005566,"ellipse":{"center":[117.77996699508694,106.16937224388273],"axes":[19.00933111769189,28.112638689776645],"angle":-62.412987922048615},"norm_pos":[0.3680623968596467,0.5576276156504887],"diameter":28.112638689776645,"sphere":{"center":[-0.5010878884279936,-9.303572145535401,67.46148810285005],"radius":12.0},"projected_sphere":{"center":[155.39478746226723,34.496183045386175],"axes":[220.5702900789015,220.5702900789015],"angle":90.0},"model_confidence":0.8741225382354556,"model_id":169,"model_birth_timestamp":75032.850243,"theta":2.300098263198855,"phi":-1.9773347602015061,"method":"3d c++","id":1}
1946956,1946954,1,75047.126236,117,133,{"topic":"pupil.1","circle_3d":{"center":[-4.050748326550974,-1.3141735317146521,59.241426025012466],"normal":[-0.29580503651024836,0.6657832178183958,-0.6850051731531326],"radius":1.3389186288790484},"confidence":0.9974579285057724,"timestamp":75047.126236,"diameter_3d":2.677837257758097,"ellipse":{"center":[117.65898076426147,106.09811526932322],"axes":[19.002060473672895,28.09939461436301],"angle":-62.31483913012187},"norm_pos":[0.3676843148883171,0.5579245197111533],"diameter":28.09939461436301,"sphere":{"center":[-0.5010878884279936,-9.303572145535401,67.46148810285005],"radius":12.0},"projected_sphere":{"center":[155.39478746226723,34.496183045386175],"axes":[220.5702900789015,220.5702900789015],"angle":90.0},"model_confidence":0.8735132009276336,"model_id":169,"model_birth_timestamp":75032.850243,"theta":2.299339339347978,"phi":-1.9784368734105227,"method":"3d c++","id":1}
1946959,1946957,1,75047.134636,117,134,{"topic":"pupil.1","circle_3d":{"center":[-4.046596859409795,-1.328748766994904,59.22549646748692],"normal":[-0.2954590809151501,0.6645686148783748,-0.686332636280261],"radius":1.3591053154153077},"confidence":0.9991449353410213,"timestamp":75047.134636,"diameter_3d":2.7182106308306153,"ellipse":{"center":[117.69276860419438,105.93720302429374],"axes":[19.336580020971816,28.530954522778575],"angle":-62.28216621787212},"norm_pos":[0.36778990188810745,0.5585949873987761],"diameter":28.530954522778575,"sphere":{"center":[-0.5010878884279936,-9.303572145535401,67.46148810285005],"radius":12.0},"projected_sphere":{"center":[155.39478746226723,34.496183045386175],"axes":[220.5702900789015,220.5702900789015],"angle":90.0},"model_confidence":0.8732789548119291,"model_id":169,"model_birth_timestamp":75032.850243,"theta":2.2977126819790215,"phi":-1.9773075342906923,"method":"3d c++","id":1}
1946969,1946967,1,75047.143036,117,134,{"topic":"pupil.1","circle_3d":{"center":[-4.039984809304394,-1.3657451205044993,59.18700257780981],"normal":[-0.2949080767397,0.6614855854192419,-0.6895404604200207],"radius":1.3847562879813928},"confidence":0.9997161168965504,"timestamp":75047.143036,"diameter_3d":2.7695125759627857,"ellipse":{"center":[117.73693539683805,105.53449569896365],"axes":[19.8189718856034,29.088910267253343],"angle":-62.17430364341655},"norm_pos":[0.3679279231151189,0.5602729345876514],"diameter":29.088910267253343,"sphere":{"center":[-0.5010878884279936,-9.303572145535401,67.46148810285005],"radius":12.0},"projected_sphere":{"center":[155.39478746226723,34.496183045386175],"axes":[220.5702900789015,220.5702900789015],"angle":90.0},"model_confidence":0.8732197190267743,"model_id":169,"model_birth_timestamp":75032.850243,"theta":2.293594253267222,"phi":-1.974941402456825,"method":"3d c++","id":1}
1946979,1946974,1,75047.151436,117,134,{"topic":"pupil.1","circle_3d":{"center":[-4.035418706444466,-1.374623112102718,59.176545562672366],"normal":[-0.29452756816803943,0.660745752786057,-0.6904118783481406],"radius":1.3544294756042656},"confidence":0.9987755703659527,"timestamp":75047.151436,"diameter_3d":2.7088589512085313,"ellipse":{"center":[117.77488706868238,105.44574749136319],"axes":[19.416438624227425,28.4567173374315],"angle":-62.166969461332286},"norm_pos":[0.3680465220896324,0.5606427187859867],"diameter":28.4567173374315,"sphere":{"center":[-0.5010878884279936,-9.303572145535401,67.46148810285005],"radius":12.0},"projected_sphere":{"center":[155.39478746226723,34.496183045386175],"axes":[220.5702900789015,220.5702900789015],"angle":90.0},"model_confidence":0.873004634073482,"model_id":169,"model_birth_timestamp":75032.850243,"theta":2.292608183007667,"phi":-1.9740187863928953,"method":"3d c++","id":1}
1946988,1946982,1,75047.159836,117,134,{"topic":"pupil.1","circle_3d":{"center":[-4.02171550554748,-1.3788515437098852,59.16667137403815],"normal":[-0.29338563475995716,0.6603933834854597,-0.6912347274009918],"radius":1.3542232184350786},"confidence":0.9989268631524881,"timestamp":75047.159836,"diameter_3d":2.7084464368701573,"ellipse":{"center":[117.91131161478762,105.39892870662771],"axes":[19.445424114172447,28.456830035223074],"angle":-62.23549246835407},"norm_pos":[0.36847284879621134,0.5608377970557179],"diameter":28.456830035223074,"sphere":{"center":[-0.5010878884279936,-9.303572145535401,67.46148810285005],"radius":12.0},"projected_sphere":{"center":[155.39478746226723,34.496183045386175],"axes":[220.5702900789015,220.5702900789015],"angle":90.0},"model_confidence":0.8727967571571682,"model_id":169,"model_birth_timestamp":75032.850243,"theta":2.2921388358934194,"phi":-1.9721900615129024,"method":"3d c++","id":1}
1946993,1946993,1,75047.168236,117,134,{"topic":"pupil.1","circle_3d":{"center":[-4.031940907703701,-1.376928643669892,59.172857350391304],"normal":[-0.29423775160630894,0.6605536251554591,-0.6907192293715626],"radius":1.3683662400307282},"confidence":0.9987981456117963,"timestamp":75047.168236,"diameter_3d":2.7367324800614563,"ellipse":{"center":[117.80980803879825,105.41749827543325],"axes":[19.62805011446996,28.751347261926803],"angle":-62.1793123222314},"norm_pos":[0.3681556501212445,0.5607604238523615],"diameter":28.751347261926803,"sphere":{"center":[-0.5010878884279936,-9.303572145535401,67.46148810285005],"radius":12.0},"projected_sphere":{"center":[155.39478746226723,34.496183045386175],"axes":[220.5702900789015,220.5702900789015],"angle":90.0},"model_confidence":0.8724745682810342,"model_id":169,"model_birth_timestamp":75032.850243,"theta":2.2923522497699635,"phi":-1.9735030907087678,"method":"3d c++","id":1}
1947003,1946999,1,75047.176636,117,134,{"topic":"pupil.1","circle_3d":{"center":[-4.0474514833077615,-1.392166966825502,59.164924154371526],"normal":[-0.295530299573314,0.6592837648924916,-0.6913803290398773],"radius":1.3560660996152814},"confidence":0.9991291262307633,"timestamp":75047.176636,"diameter_3d":2.7121321992305627,"ellipse":{"center":[117.6409535161429,105.25872521618972],"axes":[19.471673343269316,28.497314269888598],"angle":-62.020693424582106},"norm_pos":[0.3676279797379466,0.5614219782658763],"diameter":28.497314269888598,"sphere":{"center":[-0.5010878884279936,-9.303572145535401,67.46148810285005],"radius":12.0},"projected_sphere":{"center":[155.39478746226723,34.496183045386175],"axes":[220.5702900789015,220.5702900789015],"angle":90.0},"model_confidence":0.8722796906861618,"model_id":169,"model_birth_timestamp":75032.850243,"theta":2.2906621150741078,"phi":-1.974740043148672,"method":"3d c++","id":1}
1947012,1947009,1,75047.185036,117,134,{"topic":"pupil.1","circle_3d":{"center":[-4.043485156816068,-1.3992329406041586,59.15649904046691],"normal":[-0.29519977236567285,0.6586949337442702,-0.6920824218652619],"radius":1.3536184985584194},"confidence":0.9985920184529362,"timestamp":75047.185036,"diameter_3d":2.707236997116839,"ellipse":{"center":[117.67632441857705,105.18306692357132],"axes":[19.462152435925184,28.449922590872113],"angle":-62.01669001615235},"norm_pos":[0.3677385138080533,0.5617372211517861],"diameter":28.449922590872113,"sphere":{"center":[-0.5010878884279936,-9.303572145535401,67.46148810285005],"radius":12.0},"projected_sphere":{"center":[155.39478746226723,34.496183045386175],"axes":[220.5702900789015,220.5702900789015],"angle":90.0},"model_confidence":0.8719793037234025,"model_id":169,"model_birth_timestamp":75032.850243,"theta":2.2898792533833876,"phi":-1.9739693440799788,"method":"3d c++","id":1}
1947021,1947020,1,75047.193435,117,134,{"topic":"pupil.1","circle_3d":{"center":[-4.044632040288981,-1.390723367001243,59.16509617310962],"normal":[-0.2952953459884156,0.6594040648778465,-0.6913659941450366],"radius":1.3658094389211333},"confidence":0.9988292438222119,"timestamp":75047.193435,"diameter_3d":2.7316188778422665,"ellipse":{"center":[117.6713670550445,105.27167596668822],"axes":[19.611739414698764,28.70194144411547],"angle":-62.044129566589675},"norm_pos":[0.36772302204701407,0.5613680168054658],"diameter":28.70194144411547,"sphere":{"center":[-0.5010878884279936,-9.303572145535401,67.46148810285005],"radius":12.0},"projected_sphere":{"center":[155.39478746226723,34.496183045386175],"axes":[220.5702900789015,220.5702900789015],"angle":90.0},"model_confidence":0.8716851652830648,"model_id":169,"model_birth_timestamp":75032.850243,"theta":2.290822122189906,"phi":-1.9744601642825739,"method":"3d c++","id":1}
1947028,1947027,1,75047.201835,117,134,{"topic":"pupil.1","circle_3d":{"center":[-4.04072882640004,-1.3953685438117578,59.159003063783885],"normal":[-0.2949700781643372,0.6590169668103036,-0.6918737532555139],"radius":1.3632747772303957},"confidence":0.9983733231597532,"timestamp":75047.201835,"diameter_3d":2.7265495544607914,"ellipse":{"center":[117.70771433005541,105.2220040932846],"axes":[19.59421914685973,28.65158151919052],"angle":-62.04961234699249},"norm_pos":[0.36783660728142314,0.5615749829446475],"diameter":28.65158151919052,"sphere":{"center":[-0.5010878884279936,-9.303572145535401,67.46148810285005],"radius":12.0},"projected_sphere":{"center":[155.39478746226723,34.496183045386175],"axes":[220.5702900789015,220.5702900789015],"angle":90.0},"model_confidence":0.8712373620412217,"model_id":169,"model_birth_timestamp":75032.850243,"theta":2.2903073356525483,"phi":-1.9737972873837284,"method":"3d c++","id":1}
1947034,1947032,1,75047.210235,117,134,{"topic":"pupil.1","circle_3d":{"center":[-4.043811150712672,-1.4090269974258085,59.14732736400658],"normal":[-0.2952269385237232,0.6578787623424661,-0.6928467282369563],"radius":1.3720716239258224},"confidence":0.9993337529247766,"timestamp":75047.210235,"diameter_3d":2.7441432478516448,"ellipse":{"center":[117.66796024576891,105.0739055330487],"axes":[19.75493256679335,28.84251412481434],"angle":-61.97465315344195},"norm_pos":[0.36771237576802784,0.5621920602789637],"diameter":28.84251412481434,"sphere":{"center":[-0.5010878884279936,-9.303572145535401,67.46148810285005],"radius":12.0},"projected_sphere":{"center":[155.39478746226723,34.496183045386175],"axes":[220.5702900789015,220.5702900789015],"angle":90.0},"model_confidence":0.8710584172330282,"model_id":169,"model_birth_timestamp":75032.850243,"theta":2.2887950250106215,"phi":-1.9736043587635221,"method":"3d c++","id":1}
1947042,1947042,1,75047.218635,117,134,{"topic":"pupil.1","circle_3d":{"center":[-4.04556609566741,-1.4062677476242493,59.150696474783686],"normal":[-0.29537318393661804,0.6581086998259293,-0.6925659690055307],"radius":1.363572281740822},"confidence":0.9989741935806695,"timestamp":75047.218635,"diameter_3d":2.727144563481644,"ellipse":{"center":[117.65126957287832,105.10562989911362],"axes":[19.622123054546968,28.66216845856719],"angle":-61.9749754814988},"norm_pos":[0.36766021741524474,0.5620598754203598],"diameter":28.66216845856719,"sphere":{"center":[-0.5010878884279936,-9.303572145535401,67.46148810285005],"radius":12.0},"projected_sphere":{"center":[155.39478746226723,34.496183045386175],"axes":[220.5702900789015,220.5702900789015],"angle":90.0},"model_confidence":0.8708634010560989,"model_id":169,"model_birth_timestamp":75032.850243,"theta":2.289100377386918,"phi":-1.9739292246947768,"method":"3d c++","id":1}
1947053,1947052,1,75047.227035,117,134,{"topic":"pupil.1","circle_3d":{"center":[-4.028750277824975,-1.3951144069020334,59.1541483203033],"normal":[-0.29397186578308176,0.659038144886114,-0.6922783152122297],"radius":1.4016293320792257},"confidence":0.9999221977374999,"timestamp":75047.227035,"diameter_3d":2.8032586641584514,"ellipse":{"center":[117.83281356619548,105.21454607485548],"axes":[20.1632038174966,29.459982739342486],"angle":-62.125427295631084},"norm_pos":[0.3682275423943609,0.5616060580214355],"diameter":29.459982739342486,"sphere":{"center":[-0.5010878884279936,-9.303572145535401,67.46148810285005],"radius":12.0},"projected_sphere":{"center":[155.39478746226723,34.496183045386175],"axes":[220.5702900789015,220.5702900789015],"angle":90.0},"model_confidence":0.8708425232061723,"model_id":169,"model_birth_timestamp":75032.850243,"theta":2.2903354935392746,"phi":-1.9723654406546998,"method":"3d c++","id":1}
1947062,1947059,1,75047.235435,117,134,{"topic":"pupil.1","circle_3d":{"center":[-4.053608899866092,-1.3958773607226744,59.164021160852855],"normal":[-0.29604341761984154,0.6589745654010606,-0.691455578499767],"radius":1.379702762472965},"confidence":0.9991823198018361,"timestamp":75047.235435,"diameter_3d":2.75940552494593,"ellipse":{"center":[117.57782555229844,105.21429611495083],"axes":[19.812654559869774,28.99484506603181],"angle":-61.96711236229581},"norm_pos":[0.3674307048509326,0.5616070995210383],"diameter":28.99484506603181,"sphere":{"center":[-0.5010878884279936,-9.303572145535401,67.46148810285005],"radius":12.0},"projected_sphere":{"center":[155.39478746226723,34.496183045386175],"axes":[220.5702900789015,220.5702900789015],"angle":90.0},"model_confidence":0.8706152683828239,"model_id":169,"model_birth_timestamp":75032.850243,"theta":2.290250961793317,"phi":-1.9753280053481372,"method":"3d c++","id":1}
1947070,1947065,1,75047.243835,117,134,{"topic":"pupil.1","circle_3d":{"center":[-4.057606242851514,-1.3964992343086262,59.16514100480791],"normal":[-0.29637652953529336,0.6589227426022313,-0.6913622581701789],"radius":1.3700730932681715},"confidence":0.99887153670618,"timestamp":75047.243835,"diameter_3d":2.740146186536343,"ellipse":{"center":[117.53599886101233,105.21028782282175],"axes":[19.670107172323426,28.7919916174293],"angle":-61.93969033959229},"norm_pos":[0.3672999964406635,0.5616238007382427],"diameter":28.7919916174293,"sphere":{"center":[-0.5010878884279936,-9.303572145535401,67.46148810285005],"radius":12.0},"projected_sphere":{"center":[155.39478746226723,34.496183045386175],"axes":[220.5702900789015,220.5702900789015],"angle":90.0},"model_confidence":0.8703763633466588,"model_id":169,"model_birth_timestamp":75032.850243,"theta":2.2901820657139145,"phi":-1.9757839350903281,"method":"3d c++","id":1}
1947079,1947078,1,75047.252235,117,134,{"topic":"pupil.1","circle_3d":{"center":[-4.057730600292253,-1.4039387060499227,59.1581102274366],"normal":[-0.2963868926553549,0.6583027866237899,-0.6919481562844546],"radius":1.3880020190998932},"confidence":0.9731762567617465,"timestamp":75047.252235,"diameter_3d":2.7760040381997864,"ellipse":{"center":[117.53121661299889,105.1264403219715],"axes":[19.948859432832776,29.172468496594067],"angle":-61.90849284813822},"norm_pos":[0.36728505191562155,0.5619731653251188],"diameter":29.172468496594067,"sphere":{"center":[-0.5010878884279936,-9.303572145535401,67.46148810285005],"radius":12.0},"projected_sphere":{"center":[155.39478746226723,34.496183045386175],"axes":[220.5702900789015,220.5702900789015],"angle":90.0},"model_confidence":0.8701451455329412,"model_id":169,"model_birth_timestamp":75032.850243,"theta":2.2893581842122175,"phi":-1.975489916615322,"method":"3d c++","id":1}
1947086,1947082,1,75047.260635,117,134,{"topic":"pupil.1","circle_3d":{"center":[-4.071419741511681,-1.404777731882092,59.163188441492],"normal":[-0.29752765442364065,0.6582328678044425,-0.6915249717798382],"radius":1.3760616160684838},"confidence":0.9987494985438821,"timestamp":75047.260635,"diameter_3d":2.7521232321369675,"ellipse":{"center":[117.39058087456466,105.1217777490004],"axes":[19.75901845722857,28.919344853542395],"angle":-61.81983534269281},"norm_pos":[0.3668455652330146,0.5619925927124984],"diameter":28.919344853542395,"sphere":{"center":[-0.5010878884279936,-9.303572145535401,67.46148810285005],"radius":12.0},"projected_sphere":{"center":[155.39478746226723,34.496183045386175],"axes":[220.5702900789015,220.5702900789015],"angle":90.0},"model_confidence":0.8698938979963988,"model_id":169,"model_birth_timestamp":75032.850243,"theta":2.2892653038682025,"phi":-1.9771041771278728,"method":"3d c++","id":1}
1947094,1947088,1,75047.269035,117,135,{"topic":"pupil.1","circle_3d":{"center":[-4.070382777445811,-1.4176242267081145,59.15053392076152],"normal":[-0.2974412407514848,0.6571623265689406,-0.6925795151740445],"radius":1.382513930931586},"confidence":0.9986161447596468,"timestamp":75047.269035,"diameter_3d":2.765027861863172,"ellipse":{"center":[117.39300299449542,104.98242074676722],"axes":[19.88999861956036,29.061386381686486],"angle":-61.77360818716886},"norm_pos":[0.3668531343577982,0.5625732468884699],"diameter":29.061386381686486,"sphere":{"center":[-0.5010878884279936,-9.303572145535401,67.46148810285005],"radius":12.0},"projected_sphere":{"center":[155.39478746226723,34.496183045386175],"axes":[220.5702900789015,220.5702900789015],"angle":90.0},"model_confidence":0.8695679272819667,"model_id":169,"model_birth_timestamp":75032.850243,"theta":2.2878441343219804,"phi":-1.9764459267885854,"method":"3d c++","id":1}
1947104,1947100,1,75047.277435,117,135,{"topic":"pupil.1","circle_3d":{"center":[-4.064694323719478,-1.4251164933610578,59.140992582085005],"normal":[-0.2969672029409571,0.6565379710145286,-0.6933746267304207],"radius":1.3722368458272232},"confidence":0.9989096037023002,"timestamp":75047.277435,"diameter_3d":2.7444736916544463,"ellipse":{"center":[117.44492755318396,104.9037320928967],"axes":[19.771769737960202,28.849915200875294],"angle":-61.778328306372146},"norm_pos":[0.36701539860369986,0.562901116279597],"diameter":28.849915200875294,"sphere":{"center":[-0.5010878884279936,-9.303572145535401,67.46148810285005],"radius":12.0},"projected_sphere":{"center":[155.39478746226723,34.496183045386175],"axes":[220.5702900789015,220.5702900789015],"angle":90.0},"model_confidence":0.8692712207549969,"model_id":169,"model_birth_timestamp":75032.850243,"theta":2.28701609969751,"phi":-1.975452504423723,"method":"3d c++","id":1}
1947111,1947106,1,75047.285835,117,134,{"topic":"pupil.1","circle_3d":{"center":[-4.04589849920841,-1.393746729744275,59.162754487086545],"normal":[-0.29540088423170136,0.6591521179825939,-0.6915611346469592],"radius":1.380980554601079},"confidence":0.9989551812145173,"timestamp":75047.285835,"diameter_3d":2.761961109202158,"ellipse":{"center":[117.6577122961239,105.23595413069597],"axes":[19.836469428610222,29.022080395115548],"angle":-62.02388199447125},"norm_pos":[0.3676803509253872,0.5615168577887668],"diameter":29.022080395115548,"sphere":{"center":[-0.5010878884279936,-9.303572145535401,67.46148810285005],"radius":12.0},"projected_sphere":{"center":[155.39478746226723,34.496183045386175],"axes":[220.5702900789015,220.5702900789015],"angle":90.0},"model_confidence":0.8689918390769602,"model_id":169,"model_birth_timestamp":75032.850243,"theta":2.2904870415020815,"phi":-1.9744873004044026,"method":"3d c++","id":1}
1947119,1947117,1,75047.294235,117,134,{"topic":"pupil.1","circle_3d":{"center":[-4.033288808839399,-1.3520842920262446,59.197264148155874],"normal":[-0.2943500767009504,0.6626239877924297,-0.6886853295578486],"radius":1.3905679932271322},"confidence":0.9992746409697638,"timestamp":75047.294235,"diameter_3d":2.7811359864542644,"ellipse":{"center":[117.81463749066842,105.67872806005234],"axes":[19.87260653490901,29.20555978630537],"angle":-62.271097956082656},"norm_pos":[0.3681707421583388,0.5596719664164487],"diameter":29.20555978630537,"sphere":{"center":[-0.5010878884279936,-9.303572145535401,67.46148810285005],"radius":12.0},"projected_sphere":{"center":[155.39478746226723,34.496183045386175],"axes":[220.5702900789015,220.5702900789015],"angle":90.0},"model_confidence":0.8688773174549191,"model_id":169,"model_birth_timestamp":75032.850243,"theta":2.2951132264777137,"phi":-1.9747053641677852,"method":"3d c++","id":1}
1947125,1947121,1,75047.302635,117,133,{"topic":"pupil.1","circle_3d":{"center":[-4.022325222023121,-1.2670507455018214,59.275206197900886],"normal":[-0.2934364444662606,0.669710116669465,-0.6821901587457639],"radius":1.3823898630715283},"confidence":0.9984705228125415,"timestamp":75047.302635,"diameter_3d":2.7647797261430567,"ellipse":{"center":[117.98303018312845,106.5890852372553],"axes":[19.52399024521135,28.993926043146107],"angle":-62.67785059724886},"norm_pos":[0.3686969693222764,0.5558788115114363],"diameter":28.993926043146107,"sphere":{"center":[-0.5010878884279936,-9.303572145535401,67.46148810285005],"radius":12.0},"projected_sphere":{"center":[155.39478746226723,34.496183045386175],"axes":[220.5702900789015,220.5702900789015],"angle":90.0},"model_confidence":0.8684436604227352,"model_id":169,"model_birth_timestamp":75032.850243,"theta":2.304614694713275,"phi":-1.9770115053165225,"method":"3d c++","id":1}
1947135,1947134,1,75047.311035,117,132,{"topic":"pupil.1","circle_3d":{"center":[-4.081038544225293,-1.2212392021701621,59.34608007277237],"normal":[-0.2983292213164416,0.6735277452804366,-0.6762840025064744],"radius":1.403344396156047},"confidence":0.9994143713320968,"timestamp":75047.311035,"diameter_3d":2.806688792312094,"ellipse":{"center":[117.42162562606435,107.07964293014699],"axes":[19.592195423614072,29.399273640587587],"angle":-62.49656760040202},"norm_pos":[0.3669425800814511,0.5538348211243875],"diameter":29.399273640587587,"sphere":{"center":[-0.5010878884279936,-9.303572145535401,67.46148810285005],"radius":12.0},"projected_sphere":{"center":[155.39478746226723,34.496183045386175],"axes":[220.5702900789015,220.5702900789015],"angle":90.0},"model_confidence":0.8682802176210314,"model_id":169,"model_birth_timestamp":75032.850243,"theta":2.3097674277835014,"phi":-1.986249596109938,"method":"3d c++","id":1}
1947146,1947144,1,75047.319435,117,132,{"topic":"pupil.1","circle_3d":{"center":[-4.064189772965267,-1.1744639169342825,59.38548015534923],"normal":[-0.2969251570447728,0.6774256857167599,-0.6730006622917355],"radius":1.4003649174324677},"confidence":0.9985269276342544,"timestamp":75047.319435,"diameter_3d":2.8007298348649354,"ellipse":{"center":[117.62479447306212,107.57733178365265],"axes":[19.43482369296557,29.31618735625843],"angle":-62.78223161456785},"norm_pos":[0.36757748272831914,0.551761117568114],"diameter":29.31618735625843,"sphere":{"center":[-0.5010878884279936,-9.303572145535401,67.46148810285005],"radius":12.0},"projected_sphere":{"center":[155.39478746226723,34.496183045386175],"axes":[220.5702900789015,220.5702900789015],"angle":90.0},"model_confidence":0.8679367487801071,"model_id":169,"model_birth_timestamp":75032.850243,"theta":2.315053643083406,"phi":-1.9863047165160639,"method":"3d c++","id":1}
1947155,1947149,1,75047.327835,117,132,{"topic":"pupil.1","circle_3d":{"center":[-4.059361156696189,-1.151037791922466,59.406994018086635],"normal":[-0.296522772355683,0.679377862801078,-0.6712078403969515],"radius":1.3977257145131063},"confidence":0.9987345741889887,"timestamp":75047.327835,"diameter_3d":2.7954514290262127,"ellipse":{"center":[117.68999103727518,107.82700733698523],"axes":[19.334211511500822,29.2498334565059],"angle":-62.90233670310349},"norm_pos":[0.36778122199148494,0.5507208027625615],"diameter":29.2498334565059,"sphere":{"center":[-0.5010878884279936,-9.303572145535401,67.46148810285005],"radius":12.0},"projected_sphere":{"center":[155.39478746226723,34.496183045386175],"axes":[220.5702900789015,220.5702900789015],"angle":90.0},"model_confidence":0.8676160857199688,"model_id":169,"model_birth_timestamp":75032.850243,"theta":2.3177107857804975,"phi":-1.9867892368101037,"method":"3d c++","id":1}
1947163,1947162,1,75047.336235,117,131,{"topic":"pupil.1","circle_3d":{"center":[-4.0505217941394465,-1.1350307594554074,59.41932107070727],"normal":[-0.2957861588092877,0.6807117821733328,-0.6701805860118988],"radius":1.3790421539011584},"confidence":0.9973774661389465,"timestamp":75047.336235,"diameter_3d":2.7580843078023167,"ellipse":{"center":[117.78924967870738,108.00081810350142],"axes":[19.04071464732152,28.852269752125732],"angle":-63.01789983666498},"norm_pos":[0.36809140524596057,0.5499965912354108],"diameter":28.852269752125732,"sphere":{"center":[-0.5010878884279936,-9.303572145535401,67.46148810285005],"radius":12.0},"projected_sphere":{"center":[155.39478746226723,34.496183045386175],"axes":[220.5702900789015,220.5702900789015],"angle":90.0},"model_confidence":0.8668591140279291,"model_id":169,"model_birth_timestamp":75032.850243,"theta":2.319530171530386,"phi":-1.9864361147354144,"method":"3d c++","id":1}
1947174,1947168,1,75047.344635,117,131,{"topic":"pupil.1","circle_3d":{"center":[-4.040222185412367,-1.112951010654733,59.43725892786041],"normal":[-0.29492785808203115,0.6825517612400557,-0.6686857645824705],"radius":1.3779323604305598},"confidence":0.9974422625367314,"timestamp":75047.344635,"diameter_3d":2.7558647208611196,"ellipse":{"center":[117.90897470189286,108.2350404514678],"axes":[18.974119784962365,28.81974454614823],"angle":-63.16519721706666},"norm_pos":[0.3684655459434152,0.5490206647855509],"diameter":28.81974454614823,"sphere":{"center":[-0.5010878884279936,-9.303572145535401,67.46148810285005],"radius":12.0},"projected_sphere":{"center":[155.39478746226723,34.496183045386175],"axes":[220.5702900789015,220.5702900789015],"angle":90.0},"model_confidence":0.8663434487762411,"model_id":169,"model_birth_timestamp":75032.850243,"theta":2.322044853003416,"phi":-1.986187562234636,"method":"3d c++","id":1}
1947182,1947178,1,75047.353035,117,131,{"topic":"pupil.1","circle_3d":{"center":[-4.050294871153417,-1.1041929784481965,59.450663484366046],"normal":[-0.29576724856045195,0.683281597257267,-0.6675687182070006],"radius":1.4039041648746056},"confidence":0.9985324357306478,"timestamp":75047.353035,"diameter_3d":2.807808329749211,"ellipse":{"center":[117.81544661757984,108.32325923637535],"axes":[19.289274386926387,29.356632138949603],"angle":-63.13716795178104},"norm_pos":[0.368173270679937,0.5486530865151027],"diameter":29.356632138949603,"sphere":{"center":[-0.5010878884279936,-9.303572145535401,67.46148810285005],"radius":12.0},"projected_sphere":{"center":[155.39478746226723,34.496183045386175],"axes":[220.5702900789015,220.5702900789015],"angle":90.0},"model_confidence":0.8660330095375368,"model_id":169,"model_birth_timestamp":75032.850243,"theta":2.323043949304334,"phi":-1.987856782945221,"method":"3d c++","id":1}
1947187,1947183,1,75047.361435,117,131,{"topic":"pupil.1","circle_3d":{"center":[-4.08517695957443,-1.120663697480925,59.44935262840585],"normal":[-0.29867408926220307,0.6819090373378731,-0.6676779562036841],"radius":1.4009410286772603},"confidence":0.9977891219413021,"timestamp":75047.361435,"diameter_3d":2.8018820573545207,"ellipse":{"center":[117.45106852785453,108.1521427114225],"axes":[19.24524852992454,29.296472238838994],"angle":-62.86228547307047},"norm_pos":[0.3670345891495454,0.5493660720357396],"diameter":29.296472238838994,"sphere":{"center":[-0.5010878884279936,-9.303572145535401,67.46148810285005],"radius":12.0},"projected_sphere":{"center":[155.39478746226723,34.496183045386175],"axes":[220.5702900789015,220.5702900789015],"angle":90.0},"model_confidence":0.8653832544349926,"model_id":169,"model_birth_timestamp":75032.850243,"theta":2.321165778692046,"phi":-1.9914297945896489,"method":"3d c++","id":1}
1947195,1947195,1,75047.369835,117,132,{"topic":"pupil.1","circle_3d":{"center":[-4.101953600389902,-1.1839783042547687,59.39266154770248],"normal":[-0.30007214266349236,0.6766328201067193,-0.6724022129289646],"radius":1.399409719835059},"confidence":0.9971982039015119,"timestamp":75047.369835,"diameter_3d":2.798819439670118,"ellipse":{"center":[117.23614852949025,107.48003997626299],"axes":[19.391892897094483,29.2938018397821],"angle":-62.51504074260254},"norm_pos":[0.366362964154657,0.5521665000989042],"diameter":29.2938018397821,"sphere":{"center":[-0.5010878884279936,-9.303572145535401,67.46148810285005],"radius":12.0},"projected_sphere":{"center":[155.39478746226723,34.496183045386175],"axes":[220.5702900789015,220.5702900789015],"angle":90.0},"model_confidence":0.8646290533690371,"model_id":169,"model_birth_timestamp":75032.850243,"theta":2.313976315592376,"phi":-1.9905430726795275,"method":"3d c++","id":1}
1947202,1947200,1,75047.378235,116,133,{"topic":"pupil.1","circle_3d":{"center":[-4.128718937248155,-1.2863369542456606,59.302797468858515],"normal":[-0.3023025874016801,0.6681029326074784,-0.6798908861659617],"radius":1.3981536274895234},"confidence":0.9985147014038384,"timestamp":75047.378235,"diameter_3d":2.796307254979047,"ellipse":{"center":[116.89293912964541,106.3909693886948],"axes":[19.640439699977787,29.314213239173114],"angle":-61.9465890129114},"norm_pos":[0.3652904347801419,0.5567042942137717],"diameter":29.314213239173114,"sphere":{"center":[-0.5010878884279936,-9.303572145535401,67.46148810285005],"radius":12.0},"projected_sphere":{"center":[155.39478746226723,34.496183045386175],"axes":[220.5702900789015,220.5702900789015],"angle":90.0},"model_confidence":0.8642151924791897,"model_id":169,"model_birth_timestamp":75032.850243,"theta":2.3024526006238237,"phi":-1.9891789131710134,"method":"3d c++","id":1}
1947211,1947207,1,75047.386635,116,134,{"topic":"pupil.1","circle_3d":{"center":[-4.137735615291059,-1.3985803828120194,59.19795988894668],"normal":[-0.3030539772385888,0.6587493135602819,-0.6886273511586148],"radius":1.412132908350743},"confidence":0.9996738340135417,"timestamp":75047.386635,"diameter_3d":2.824265816701486,"ellipse":{"center":[116.7247920724821,105.18772699611326],"axes":[20.155885412938435,29.661970565779963],"angle":-61.434790317927394},"norm_pos":[0.3647649752265066,0.5617178041828614],"diameter":29.661970565779963,"sphere":{"center":[-0.5010878884279936,-9.303572145535401,67.46148810285005],"radius":12.0},"projected_sphere":{"center":[155.39478746226723,34.496183045386175],"axes":[220.5702900789015,220.5702900789015],"angle":90.0},"model_confidence":0.8641496451834874,"model_id":169,"model_birth_timestamp":75032.850243,"theta":2.2899515298391386,"phi":-1.9853736937955615,"method":"3d c++","id":1}
1947220,1947220,1,75047.395035,116,136,{"topic":"pupil.1","circle_3d":{"center":[-4.176554468509066,-1.5347591373746772,59.08673498034311],"normal":[-0.30628888167342266,0.6474010840133937,-0.6978960935422457],"radius":1.4167175451056115},"confidence":0.999478875921423,"timestamp":75047.395035,"diameter_3d":2.833435090211223,"ellipse":{"center":[116.2384954408295,103.72985625489949],"axes":[20.55503109927372,29.81783068586076],"angle":-60.623878424393126},"norm_pos":[0.36324529825259216,0.5677922656045855],"diameter":29.81783068586076,"sphere":{"center":[-0.5010878884279936,-9.303572145535401,67.46148810285005],"radius":12.0},"projected_sphere":{"center":[155.39478746226723,34.496183045386175],"axes":[220.5702900789015,220.5702900789015],"angle":90.0},"model_confidence":0.8640966655380833,"model_id":169,"model_birth_timestamp":75032.850243,"theta":2.2749658219179905,"phi":-1.9843599637647042,"method":"3d c++","id":1}
1947233,1947231,1,75047.403435,116,137,{"topic":"pupil.1","circle_3d":{"center":[-4.169997671507334,-1.659455347527004,58.96992880069415],"normal":[-0.30574248192327835,0.6370097331673664,-0.7076299418463258],"radius":1.432841999412378},"confidence":0.9998871229797196,"timestamp":75047.403435,"diameter_3d":2.865683998824756,"ellipse":{"center":[116.22362978581273,102.38257204598538],"axes":[21.155388949356517,30.2191828681576],"angle":-60.12438129456987},"norm_pos":[0.3631988430806648,0.5734059498083942],"diameter":30.2191828681576,"sphere":{"center":[-0.5010878884279936,-9.303572145535401,67.46148810285005],"radius":12.0},"projected_sphere":{"center":[155.39478746226723,34.496183045386175],"axes":[220.5702900789015,220.5702900789015],"angle":90.0},"model_confidence":0.8640756633708446,"model_id":169,"model_birth_timestamp":75032.850243,"theta":2.2614091928700684,"phi":-1.9786362595360845,"method":"3d c++","id":1}
1947239,1947234,1,75047.411835,116,138,{"topic":"pupil.1","circle_3d":{"center":[-4.15838514786844,-1.741724832056077,58.89161984460274],"normal":[-0.30477477162003724,0.6301539427899437,-0.7141556881872765],"radius":1.4120146424332745},"confidence":0.9994334794132586,"timestamp":75047.411835,"diameter_3d":2.824029284866549,"ellipse":{"center":[116.28656032245998,101.49783451834841],"axes":[21.0919823224788,29.820622132225182],"angle":-59.832568507336646},"norm_pos":[0.3633955010076874,0.5770923561735483],"diameter":29.820622132225182,"sphere":{"center":[-0.5010878884279936,-9.303572145535401,67.46148810285005],"radius":12.0},"projected_sphere":{"center":[155.39478746226723,34.496183045386175],"axes":[220.5702900789015,220.5702900789015],"angle":90.0},"model_confidence":0.8639901268921224,"model_id":169,"model_birth_timestamp":75032.850243,"theta":2.2525477821586466,"phi":-1.9741587670932634,"method":"3d c++","id":1}
1947247,1947245,1,75047.420234,116,138,{"topic":"pupil.1","circle_3d":{"center":[-4.160166539058579,-1.7863302274313586,58.85322362194574],"normal":[-0.30492322088588214,0.6264368265086703,-0.7173553734086932],"radius":1.4022427238199298},"confidence":0.999426575993028,"timestamp":75047.420234,"diameter_3d":2.8044854476398595,"ellipse":{"center":[116.23889747042689,101.01818388537299],"axes":[21.063278283153252,29.63442338582505],"angle":-59.6207366145388},"norm_pos":[0.36324655459508404,0.5790909004776126],"diameter":29.63442338582505,"sphere":{"center":[-0.5010878884279936,-9.303572145535401,67.46148810285005],"radius":12.0},"projected_sphere":{"center":[155.39478746226723,34.496183045386175],"axes":[220.5702900789015,220.5702900789015],"angle":90.0},"model_confidence":0.8638217742168885,"model_id":169,"model_birth_timestamp":75032.850243,"theta":2.2477698300113285,"phi":-1.9727226886375326,"method":"3d c++","id":1}
1947254,1947250,1,75047.428634,116,139,{"topic":"pupil.1","circle_3d":{"center":[-4.135810263342384,-1.8003235461077587,58.83072604423184],"normal":[-0.30289353124286583,0.6252707166189703,-0.7192301715515182],"radius":1.4184840280571234},"confidence":0.9999248589658906,"timestamp":75047.428634,"diameter_3d":2.8369680561142467,"ellipse":{"center":[116.48020133294636,100.85944528743441],"axes":[21.38308383150965,29.988763717781378],"angle":-59.71166970565429},"norm_pos":[0.3640006291654574,0.5797523113023566],"diameter":29.988763717781378,"sphere":{"center":[-0.5010878884279936,-9.303572145535401,67.46148810285005],"radius":12.0},"projected_sphere":{"center":[155.39478746226723,34.496183045386175],"axes":[220.5702900789015,220.5702900789015],"angle":90.0},"model_confidence":0.8639697016183168,"model_id":169,"model_birth_timestamp":75032.850243,"theta":2.246274702716647,"phi":-1.9693893644793437,"method":"3d c++","id":1}
1947263,1947257,1,75047.437034,116,138,{"topic":"pupil.1","circle_3d":{"center":[-4.1239935354584265,-1.776930388859805,58.846140255004194],"normal":[-0.3019088039192028,0.6272201463896331,-0.7179456539871549],"radius":1.4319569109690717},"confidence":0.9996911071780755,"timestamp":75047.437034,"diameter_3d":2.8639138219381435,"ellipse":{"center":[116.61693824691545,101.10760865459662],"axes":[21.54081423352458,30.26493140998225],"angle":-59.89219478144415},"norm_pos":[0.3644279320216108,0.5787182972725141],"diameter":30.26493140998225,"sphere":{"center":[-0.5010878884279936,-9.303572145535401,67.46148810285005],"radius":12.0},"projected_sphere":{"center":[155.39478746226723,34.496183045386175],"axes":[220.5702900789015,220.5702900789015],"angle":90.0},"model_confidence":0.8639058708891922,"model_id":169,"model_birth_timestamp":75032.850243,"theta":2.248775172591036,"phi":-1.9688642477467002,"method":"3d c++","id":1}
1947272,1947267,1,75047.445434,116,138,{"topic":"pupil.1","circle_3d":{"center":[-4.117878096269445,-1.7182854201825677,58.89514384834754],"normal":[-0.3013991839867876,0.6321072271127361,-0.713862021208543],"radius":1.4273794795819221},"confidence":0.9999558231795557,"timestamp":75047.445434,"diameter_3d":2.8547589591638443,"ellipse":{"center":[116.71622794646939,101.74170441959944],"axes":[21.320287019980693,30.14173792598325],"angle":-60.19269290620599},"norm_pos":[0.36473821233271686,0.5760762315850023],"diameter":30.14173792598325,"sphere":{"center":[-0.5010878884279936,-9.303572145535401,67.46148810285005],"radius":12.0},"projected_sphere":{"center":[155.39478746226723,34.496183045386175],"axes":[220.5702900789015,220.5702900789015],"angle":90.0},"model_confidence":0.8639291949672279,"model_id":169,"model_birth_timestamp":75032.850243,"theta":2.2550659525776453,"phi":-1.9703008533057873,"method":"3d c++","id":1}
1947279,1947278,1,75047.453834,116,137,{"topic":"pupil.1","circle_3d":{"center":[-4.113020148900213,-1.6640563715804353,58.94140922497262],"normal":[-0.30099435503935157,0.6366263144962472,-0.7100065731564534],"radius":1.4370331826126481},"confidence":0.9997185922245723,"timestamp":75047.453834,"diameter_3d":2.8740663652252962,"ellipse":{"center":[116.80149426844697,102.32412979597885],"axes":[21.320344914856754,30.320653645205855],"angle":-60.46199998962925},"norm_pos":[0.36500466958889677,0.5736494591834215],"diameter":30.320653645205855,"sphere":{"center":[-0.5010878884279936,-9.303572145535401,67.46148810285005],"radius":12.0},"projected_sphere":{"center":[155.39478746226723,34.496183045386175],"axes":[220.5702900789015,220.5702900789015],"angle":90.0},"model_confidence":0.8638815893238228,"model_id":169,"model_birth_timestamp":75032.850243,"theta":2.260911901493528,"phi":-1.9717618400444101,"method":"3d c++","id":1}
1947289,1947283,1,75047.462234,117,137,{"topic":"pupil.1","circle_3d":{"center":[-4.090344764762465,-1.6075663240146394,58.98276594259476],"normal":[-0.29910473969453927,0.6413338184600635,-0.7065601800212747],"radius":1.4244313758471652},"confidence":0.9997349046905674,"timestamp":75047.462234,"diameter_3d":2.8488627516943303,"ellipse":{"center":[117.06803630526362,102.93315536631462],"axes":[21.009835457636807,30.031895148741384],"angle":-60.85005998479741},"norm_pos":[0.36583761345394883,0.5711118526403558],"diameter":30.031895148741384,"sphere":{"center":[-0.5010878884279936,-9.303572145535401,67.46148810285005],"radius":12.0},"projected_sphere":{"center":[155.39478746226723,34.496183045386175],"axes":[220.5702900789015,220.5702900789015],"angle":90.0},"model_confidence":0.8638528726463979,"model_id":169,"model_birth_timestamp":75032.850243,"theta":2.2670317454448004,"phi":-1.9712475609669717,"method":"3d c++","id":1}
1947294,1947291,1,75047.470634,117,136,{"topic":"pupil.1","circle_3d":{"center":[-4.062496459309954,-1.590270714239157,58.98674031774094],"normal":[-0.2967840475734967,0.642775119274687,-0.7062289820924261],"radius":1.4094255488979506},"confidence":0.9988509107548219,"timestamp":75047.470634,"diameter_3d":2.818851097795901,"ellipse":{"center":[117.36175240098845,103.11940970562512],"axes":[20.782474413500545,29.71230606911874],"angle":-61.10013268264572},"norm_pos":[0.3667554762530889,0.5703357928932287],"diameter":29.71230606911874,"sphere":{"center":[-0.5010878884279936,-9.303572145535401,67.46148810285005],"radius":12.0},"projected_sphere":{"center":[155.39478746226723,34.496183045386175],"axes":[220.5702900789015,220.5702900789015],"angle":90.0},"model_confidence":0.8635279406971508,"model_id":169,"model_birth_timestamp":75032.850243,"theta":2.268911722629487,"phi":-1.968626363665924,"method":"3d c++","id":1}
1947304,1947302,1,75047.479034,117,136,{"topic":"pupil.1","circle_3d":{"center":[-4.072010630748632,-1.5941269669218645,58.987234990844854],"normal":[-0.2975768951933865,0.6424537648844614,-0.7061877593337664],"radius":1.4065873432436968},"confidence":0.9994837921253011,"timestamp":75047.479034,"diameter_3d":2.8131746864873937,"ellipse":{"center":[117.26202221481086,103.07976396015734],"axes":[20.73692782800462,29.652552239852024],"angle":-61.02350886068638},"norm_pos":[0.3664438194212839,0.5705009834993444],"diameter":29.652552239852024,"sphere":{"center":[-0.5010878884279936,-9.303572145535401,67.46148810285005],"radius":12.0},"projected_sphere":{"center":[155.39478746226723,34.496183045386175],"axes":[220.5702900789015,220.5702900789015],"angle":90.0},"model_confidence":0.8634323247072251,"model_id":169,"model_birth_timestamp":75032.850243,"theta":2.2684923037944276,"phi":-1.969601015932091,"method":"3d c++","id":1}
1947314,1947311,1,75047.487434,117,136,{"topic":"pupil.1","circle_3d":{"center":[-4.025168354508284,-1.5595781604429249,58.99913535509469],"normal":[-0.29367337217335754,0.6453328320910398,-0.7051960623129474],"radius":1.4647633673625085},"confidence":0.9320479092972509,"timestamp":75047.487434,"diameter_3d":2.929526734725017,"ellipse":{"center":[117.7670574235873,103.43192698569885],"axes":[21.56799750971421,30.871072270015915],"angle":-61.46680640205278},"norm_pos":[0.36802205444871033,0.5690336375595881],"diameter":30.871072270015915,"sphere":{"center":[-0.5010878884279936,-9.303572145535401,67.46148810285005],"radius":12.0},"projected_sphere":{"center":[155.39478746226723,34.496183045386175],"axes":[220.5702900789015,220.5702900789015],"angle":90.0},"model_confidence":0.8631863508636095,"model_id":169,"model_birth_timestamp":75032.850243,"theta":2.2722552301395744,"phi":-1.9653961365457175,"method":"3d c++","id":1}
1947325,1947316,1,75047.495834,117,136,{"topic":"pupil.1","circle_3d":{"center":[-4.027248803621936,-1.5652319937747041,58.99483109457301],"normal":[-0.2938467429328286,0.6448616793133916,-0.7055547506897539],"radius":1.407658182685476},"confidence":0.6891829556153733,"timestamp":75047.495834,"diameter_3d":2.815316365370952,"ellipse":{"center":[117.73714974650741,103.38500411058502],"axes":[20.739436203231175,29.669503105509495],"angle":-61.42990387179023},"norm_pos":[0.36792859295783564,0.5692291495392291],"diameter":29.669503105509495,"sphere":{"center":[-0.5010878884279936,-9.303572145535401,67.46148810285005],"radius":12.0},"projected_sphere":{"center":[155.39478746226723,34.496183045386175],"axes":[220.5702900789015,220.5702900789015],"angle":90.0},"model_confidence":0.8631863508636095,"model_id":169,"model_birth_timestamp":75032.850243,"theta":2.27163861908044,"phi":-1.9654251220201209,"method":"3d c++","id":1}
1947332,1947328,1,75047.504234,117,136,{"topic":"pupil.1","circle_3d":{"center":[-4.025584087440666,-1.567776580645404,58.991813166857916],"normal":[-0.2937080165843894,0.6446496304074999,-0.7058062446660116],"radius":1.4036031861783589},"confidence":0.6533411188868722,"timestamp":75047.504234,"diameter_3d":2.8072063723567178,"ellipse":{"center":[117.75213960698767,103.35834497555203],"axes":[20.689287606214968,29.58552057928782],"angle":-61.42972925350307},"norm_pos":[0.3679754362718365,0.5693402292685332],"diameter":29.58552057928782,"sphere":{"center":[-0.5010878884279936,-9.303572145535401,67.46148810285005],"radius":12.0},"projected_sphere":{"center":[155.39478746226723,34.496183045386175],"axes":[220.5702900789015,220.5702900789015],"angle":90.0},"model_confidence":0.8631863508636095,"model_id":169,"model_birth_timestamp":75032.850243,"theta":2.2713612093058275,"phi":-1.9651311247111207,"method":"3d c++","id":1}
1947338,1947333,1,75047.512634,117,136,{"topic":"pupil.1","circle_3d":{"center":[-4.02390224096069,-1.570325511093328,58.98878631838484],"normal":[-0.293567862711058,0.6444372195368393,-0.7060584820387679],"radius":1.413134950844827},"confidence":0.4616460294938031,"timestamp":75047.512634,"diameter_3d":2.826269901689654,"ellipse":{"center":[117.76848447864067,103.32844140163745],"axes":[20.839593658767743,29.788016436333358],"angle":-61.42960219076241},"norm_pos":[0.3680265139957521,0.5694648274931773],"diameter":29.788016436333358,"sphere":{"center":[-0.5010878884279936,-9.303572145535401,67.46148810285005],"radius":12.0},"projected_sphere":{"center":[155.39478746226723,34.496183045386175],"axes":[220.5702900789015,220.5702900789015],"angle":90.0},"model_confidence":0.8631863508636095,"model_id":169,"model_birth_timestamp":75032.850243,"theta":2.2710833910409294,"phi":-1.9648351679037106,"method":"3d c++","id":1}
1947351,1947344,1,75047.521034,103,145,{"topic":"pupil.1","circle_3d":{"center":[-5.334739058534458,-2.429075701025244,58.89544379989752],"normal":[-0.4028042641755388,0.5728747037091798,-0.7138370252460446],"radius":1.3992579415043926},"confidence":0.23919063388808218,"timestamp":75047.521034,"diameter_3d":2.7985158830087853,"ellipse":{"center":[103.92561223293082,94.27856939492611],"axes":[20.562914977621954,29.598929893411068],"angle":-49.58646593515732},"norm_pos":[0.3247675382279088,0.6071726275211412],"diameter":29.598929893411068,"sphere":{"center":[-0.5010878884279936,-9.303572145535401,67.46148810285005],"radius":12.0},"projected_sphere":{"center":[155.39478746226723,34.496183045386175],"axes":[220.5702900789015,220.5702900789015],"angle":90.0},"model_confidence":0.8631863508636095,"model_id":169,"model_birth_timestamp":75032.850243,"theta":2.1808051642847848,"phi":-2.0845372515968656,"method":"3d c++","id":1}
1947365,1947360,1,75047.529434,104,145,{"topic":"pupil.1","circle_3d":{"center":[-5.240694027274117,-2.3704895509897215,58.89011135311959],"normal":[-0.39496717823717686,0.5777568828788066,-0.7142813958108717],"radius":1.381092351854399},"confidence":0.33135804240393607,"timestamp":75047.529434,"diameter_3d":2.762184703708798,"ellipse":{"center":[104.90689671084856,94.8958020717123],"axes":[20.34130373478984,29.21316333959364],"angle":-50.39973734797363},"norm_pos":[0.3278340522214017,0.6046008247011987],"diameter":29.21316333959364,"sphere":{"center":[-0.5010878884279936,-9.303572145535401,67.46148810285005],"radius":12.0},"projected_sphere":{"center":[155.39478746226723,34.496183045386175],"axes":[220.5702900789015,220.5702900789015],"angle":90.0},"model_confidence":0.7249750731235127,"model_id":169,"model_birth_timestamp":75032.850243,"theta":2.1867741212291976,"phi":-2.0759072528704965,"method":"3d c++","id":1}
1947383,1947383,1,75047.537834,104,152,{"topic":"pupil.1","circle_3d":{"center":[-5.208392954918855,-3.087720344682676,58.33983992936598],"normal":[-0.39227542220757183,0.5179876500710605,-0.7601373477903397],"radius":1.4130962235481221},"confidence":0.26442308197007075,"timestamp":75047.537834,"diameter_3d":2.8261924470962443,"ellipse":{"center":[104.74317502541942,87.03421426051861],"axes":[22.49322876799887,30.19191384384108],"angle":-46.37912765978561},"norm_pos":[0.32732242195443567,0.6373574405811724],"diameter":30.19191384384108,"sphere":{"center":[-0.5010878884279936,-9.303572145535401,67.46148810285005],"radius":12.0},"projected_sphere":{"center":[155.39478746226723,34.496183045386175],"axes":[220.5702900789015,220.5702900789015],"angle":90.0},"model_confidence":0.7249750731235127,"model_id":169,"model_birth_timestamp":75032.850243,"theta":2.1152930393906946,"phi":-2.0472081350335736,"method":"3d c++","id":1}
1947394,1947389,1,75047.563034,97,158,{"topic":"pupil.1","circle_3d":{"center":[-5.859921961479511,-3.6243108518211304,58.34946919729345],"normal":[-0.4465695060876265,0.47327177447618934,-0.7593349087963837],"radius":1.389318215041393},"confidence":0.20874333278393692,"timestamp":75047.563034,"diameter_3d":2.778636430082786,"ellipse":{"center":[97.8388940585277,81.35381102115312],"axes":[21.832237956970058,29.71228856921805],"angle":-39.70639753738098},"norm_pos":[0.3057465439328991,0.661025787411862],"diameter":29.71228856921805,"sphere":{"center":[-0.5010878884279936,-9.303572145535401,67.46148810285005],"radius":12.0},"projected_sphere":{"center":[155.39478746226723,34.496183045386175],"axes":[220.5702900789015,220.5702900789015],"angle":90.0},"model_confidence":0.6790820361013861,"model_id":169,"model_birth_timestamp":75032.850243,"theta":2.063797472776756,"phi":-2.1024244203468827,"method":"3d c++","id":1}
1947413,1947411,1,75047.571434,97,158,{"topic":"pupil.1","circle_3d":{"center":[-5.851150511347084,-3.6288781212609758,58.341472880181385],"normal":[-0.44583855190992416,0.4728911686895354,-0.7600012685557224],"radius":1.410098186496084},"confidence":0.14509465164315552,"timestamp":75047.571434,"diameter_3d":2.820196372992168,"ellipse":{"center":[97.92671179918094,81.29587026507537],"axes":[22.186372084017616,30.16088444714501],"angle":-39.71422919155913},"norm_pos":[0.3060209743724404,0.6612672072288526],"diameter":30.16088444714501,"sphere":{"center":[-0.5010878884279936,-9.303572145535401,67.46148810285005],"radius":12.0},"projected_sphere":{"center":[155.39478746226723,34.496183045386175],"axes":[220.5702900789015,220.5702900789015],"angle":90.0},"model_confidence":0.6790820361013861,"model_id":169,"model_birth_timestamp":75032.850243,"theta":2.0633654662834067,"phi":-2.101325963913109,"method":"3d c++","id":1}
1947422,1947417,1,75047.588234,117,138,{"topic":"pupil.1","circle_3d":{"center":[-4.001108915022774,-1.7194330616936853,58.84576484996299],"normal":[-0.2916684188828985,0.6320115903201432,-0.717976937740589],"radius":1.384815714107157},"confidence":0.037836106637817016,"timestamp":75047.588234,"diameter_3d":2.769631428214314,"ellipse":{"center":[117.9048546695941,101.7233146084824],"axes":[20.860509595309985,29.26382933245362],"angle":-60.93437665753697},"norm_pos":[0.36845267084248157,0.57615285579799],"diameter":29.26382933245362,"sphere":{"center":[-0.5010878884279936,-9.303572145535401,67.46148810285005],"radius":12.0},"projected_sphere":{"center":[155.39478746226723,34.496183045386175],"axes":[220.5702900789015,220.5702900789015],"angle":90.0},"model_confidence":0.6790820361013861,"model_id":169,"model_birth_timestamp":75032.850243,"theta":2.2549425375142316,"phi":-1.9566673853685015,"method":"3d c++","id":1}
1947429,1947422,1,75047.596634,116,135,{"topic":"pupil.1","circle_3d":{"center":[-4.192279771431156,-1.4949102663442915,59.130827736509396],"normal":[-0.30759932358359693,0.650721823265926,-0.694221697195055],"radius":1.3952285893416816},"confidence":0.561558132389375,"timestamp":75047.596634,"diameter_3d":2.790457178683363,"ellipse":{"center":[116.10405678293343,104.16502646924492],"axes":[20.105721797288577,29.343254818758215],"angle":-60.69656998328935},"norm_pos":[0.362825177446667,0.5659790563781462],"diameter":29.343254818758215,"sphere":{"center":[-0.5010878884279936,-9.303572145535401,67.46148810285005],"radius":12.0},"projected_sphere":{"center":[155.39478746226723,34.496183045386175],"axes":[220.5702900789015,220.5702900789015],"angle":90.0},"model_confidence":0.6790820361013861,"model_id":169,"model_birth_timestamp":75032.850243,"theta":2.279330999508474,"phi":-1.9878850015127014,"method":"3d c++","id":1}
1947438,1947434,1,75047.605034,115,135,{"topic":"pupil.1","circle_3d":{"center":[-4.212202319276717,-1.487840043916698,59.146323558664946],"normal":[-0.30925953590406025,0.6513110084682253,-0.6929303786820927],"radius":1.414067695976848},"confidence":0.9982593316703308,"timestamp":75047.605034,"diameter_3d":2.828135391953696,"ellipse":{"center":[115.90852631981934,104.23912809898628],"axes":[20.32517613831724,29.73222884566593],"angle":-60.60423152569689},"norm_pos":[0.3622141447494355,0.5656702995875571],"diameter":29.73222884566593,"sphere":{"center":[-0.5010878884279936,-9.303572145535401,67.46148810285005],"radius":12.0},"projected_sphere":{"center":[155.39478746226723,34.496183045386175],"axes":[220.5702900789015,220.5702900789015],"angle":90.0},"model_confidence":0.6789014365875312,"model_id":169,"model_birth_timestamp":75032.850243,"theta":2.280107199566206,"phi":-1.9905747390012567,"method":"3d c++","id":1}
1947444,1947440,1,75047.613434,115,135,{"topic":"pupil.1","circle_3d":{"center":[-4.211010588023726,-1.4970638487763575,59.13713216526206],"normal":[-0.309160224966311,0.6505423580632537,-0.693696328132333],"radius":1.4192495690828206},"confidence":0.9997689012652461,"timestamp":75047.613434,"diameter_3d":2.8384991381656413,"ellipse":{"center":[115.91472777555019,104.13873231699972],"axes":[20.42831121161922,29.845986706822274],"angle":-60.57234732183463},"norm_pos":[0.36223352429859434,0.5660886153458344],"diameter":29.845986706822274,"sphere":{"center":[-0.5010878884279936,-9.303572145535401,67.46148810285005],"radius":12.0},"projected_sphere":{"center":[155.39478746226723,34.496183045386175],"axes":[220.5702900789015,220.5702900789015],"angle":90.0},"model_confidence":0.6788566337744939,"model_id":169,"model_birth_timestamp":75032.850243,"theta":2.2790946723629464,"phi":-1.9900442932482112,"method":"3d c++","id":1}
1947450,1947445,1,75047.621834,116,135,{"topic":"pupil.1","circle_3d":{"center":[-4.193692702314808,-1.487691707287782,59.13822656283594],"normal":[-0.3077170678239012,0.6513233698539683,-0.6936051283345095],"radius":1.4249829200083788},"confidence":0.9996547387042978,"timestamp":75047.621834,"diameter_3d":2.8499658400167576,"ellipse":{"center":[116.09729626711913,104.23579709948108],"axes":[20.511509585438432,29.96537150198044],"angle":-60.71837685134412},"norm_pos":[0.3628040508347473,0.5656841787521623],"diameter":29.96537150198044,"sphere":{"center":[-0.5010878884279936,-9.303572145535401,67.46148810285005],"radius":12.0},"projected_sphere":{"center":[155.39478746226723,34.496183045386175],"axes":[220.5702900789015,220.5702900789015],"angle":90.0},"model_confidence":0.6788202506304852,"model_id":169,"model_birth_timestamp":75032.850243,"theta":2.28012349014966,"phi":-1.9883560379855134,"method":"3d c++","id":1}
1947458,1947451,1,75047.630234,116,135,{"topic":"pupil.1","circle_3d":{"center":[-4.188164818129102,-1.4884141495225434,59.135098176127784],"normal":[-0.3072564108084257,0.6512631663344048,-0.6938658272268561],"radius":1.4305868057172466},"confidence":0.9994449003541762,"timestamp":75047.630234,"diameter_3d":2.8611736114344932,"ellipse":{"center":[116.15337473257367,104.22601462289977],"axes":[20.603228275443275,30.084694747485962],"angle":-60.749279373205496},"norm_pos":[0.3629792960392927,0.565724939071251],"diameter":30.084694747485962,"sphere":{"center":[-0.5010878884279936,-9.303572145535401,67.46148810285005],"radius":12.0},"projected_sphere":{"center":[155.39478746226723,34.496183045386175],"axes":[220.5702900789015,220.5702900789015],"angle":90.0},"model_confidence":0.6786760543208481,"model_id":169,"model_birth_timestamp":75032.850243,"theta":2.28004415244883,"phi":-1.987661832107708,"method":"3d c++","id":1}
1947467,1947451,1,75047.638634,116,135,{"topic":"pupil.1","circle_3d":{"center":[-4.1806946609797215,-1.4863230315224882,59.13375670175073],"normal":[-0.306633897712644,0.6514374261677428,-0.6939776167582773],"radius":1.4200642602037827},"confidence":0.9991249696529311,"timestamp":75047.638634,"diameter_3d":2.8401285204075655,"ellipse":{"center":[116.22964961463167,104.2499905382786],"axes":[20.457449716072666,29.86376895443679],"angle":-60.80411789110485},"norm_pos":[0.36321765504572395,0.5656250394238391],"diameter":29.86376895443679,"sphere":{"center":[-0.5010878884279936,-9.303572145535401,67.46148810285005],"radius":12.0},"projected_sphere":{"center":[155.39478746226723,34.496183045386175],"axes":[220.5702900789015,220.5702900789015],"angle":90.0},"model_confidence":0.6785142359029273,"model_id":169,"model_birth_timestamp":75032.850243,"theta":2.2802738112232124,"phi":-1.9868519414979364,"method":"3d c++","id":1}
1947472,1947471,1,75047.647033,116,135,{"topic":"pupil.1","circle_3d":{"center":[-4.1777325916330845,-1.4754249218269297,59.14269042708349],"normal":[-0.30638705860042426,0.652345601975706,-0.6932331396472141],"radius":1.4274697718574636},"confidence":0.9991893307552586,"timestamp":75047.647033,"diameter_3d":2.854939543714927,"ellipse":{"center":[116.26780306007251,104.36487502014899],"axes":[20.537167399796594,30.01473799043184],"angle":-60.868317682445934},"norm_pos":[0.3633368845627266,0.5651463540827126],"diameter":30.01473799043184,"sphere":{"center":[-0.5010878884279936,-9.303572145535401,67.46148810285005],"radius":12.0},"projected_sphere":{"center":[155.39478746226723,34.496183045386175],"axes":[220.5702900789015,220.5702900789015],"angle":90.0},"model_confidence":0.678347135643087,"model_id":169,"model_birth_timestamp":75032.850243,"theta":2.281471439237416,"phi":-1.9869510326959836,"method":"3d c++","id":1}
1947483,1947480,1,75047.655433,116,135,{"topic":"pupil.1","circle_3d":{"center":[-4.180880566219758,-1.4673424856876576,59.151696855977924],"normal":[-0.3066493898159804,0.6530191383206453,-0.6924826039060107],"radius":1.4269104532517243},"confidence":0.9989564653005305,"timestamp":75047.655433,"diameter_3d":2.8538209065034486,"ellipse":{"center":[116.24135485587107,104.45215444590919],"axes":[20.50047000222739,29.998351142372172],"angle":-60.882994751482784},"norm_pos":[0.3632542339245971,0.5647826898087117],"diameter":29.998351142372172,"sphere":{"center":[-0.5010878884279936,-9.303572145535401,67.46148810285005],"radius":12.0},"projected_sphere":{"center":[155.39478746226723,34.496183045386175],"axes":[220.5702900789015,220.5702900789015],"angle":90.0},"model_confidence":0.6781048155101055,"model_id":169,"model_birth_timestamp":75032.850243,"theta":2.2823604417132484,"phi":-1.9876684669492881,"method":"3d c++","id":1}
1947490,1947490,1,75047.663833,116,135,{"topic":"pupil.1","circle_3d":{"center":[-4.196693433991671,-1.454880268714141,59.17049687897827],"normal":[-0.30796712879697313,0.6540576564017717,-0.6909159353226486],"radius":1.445051033135943},"confidence":0.9992402699836741,"timestamp":75047.663833,"diameter_3d":2.890102066271886,"ellipse":{"center":[116.09122356806584,104.58357067807725],"axes":[20.698575910035533,30.370424831905908],"angle":-60.83832406734345},"norm_pos":[0.36278507365020574,0.5642351221746782],"diameter":30.370424831905908,"sphere":{"center":[-0.5010878884279936,-9.303572145535401,67.46148810285005],"radius":12.0},"projected_sphere":{"center":[155.39478746226723,34.496183045386175],"axes":[220.5702900789015,220.5702900789015],"angle":90.0},"model_confidence":0.677886768862257,"model_id":169,"model_birth_timestamp":75032.850243,"theta":2.2837325218441618,"phi":-1.9900998904625113,"method":"3d c++","id":1}
1947500,1947498,1,75047.672233,116,135,{"topic":"pupil.1","circle_3d":{"center":[-4.204777984096461,-1.458431282487755,59.170743593809426],"normal":[-0.3086408413057056,0.6537617385873039,-0.6908953757533857],"radius":1.4507490158724012},"confidence":0.9994100975630943,"timestamp":75047.672233,"diameter_3d":2.9014980317448025,"ellipse":{"center":[116.00735282984417,104.5451381058161],"axes":[20.77757149860497,30.49038864602171],"angle":-60.773871602652406},"norm_pos":[0.362522977593263,0.5643952578924329],"diameter":30.49038864602171,"sphere":{"center":[-0.5010878884279936,-9.303572145535401,67.46148810285005],"radius":12.0},"projected_sphere":{"center":[155.39478746226723,34.496183045386175],"axes":[220.5702900789015,220.5702900789015],"angle":90.0},"model_confidence":0.6777488321658809,"model_id":169,"model_birth_timestamp":75032.850243,"theta":2.283341392402788,"phi":-1.990924154510204,"method":"3d c++","id":1}
1947507,1947506,1,75047.680633,115,135,{"topic":"pupil.1","circle_3d":{"center":[-4.210228490051596,-1.4500434214220128,59.181128051686024],"normal":[-0.30909505013530014,0.654460727009449,-0.6900300042636694],"radius":1.4378368420967438},"confidence":0.9996412220755516,"timestamp":75047.680633,"diameter_3d":2.8756736841934876,"ellipse":{"center":[115.95676668699141,104.63887106435661],"axes":[20.55885901642561,30.21363139483545],"angle":-60.77588266432173},"norm_pos":[0.36236489589684817,0.5640047038985141],"diameter":30.21363139483545,"sphere":{"center":[-0.5010878884279936,-9.303572145535401,67.46148810285005],"radius":12.0},"projected_sphere":{"center":[155.39478746226723,34.496183045386175],"axes":[220.5702900789015,220.5702900789015],"angle":90.0},"model_confidence":0.6777901338277936,"model_id":169,"model_birth_timestamp":75032.850243,"theta":2.284265493418779,"phi":-1.9919394684226166,"method":"3d c++","id":1}
1947514,1947512,1,75047.689033,115,135,{"topic":"pupil.1","circle_3d":{"center":[-4.222373593820226,-1.4623253337841984,59.174939898920684],"normal":[-0.31010714211601936,0.6534372343126003,-0.6905456836607806],"radius":1.4278237670958012},"confidence":0.9990222034431036,"timestamp":75047.689033,"diameter_3d":2.8556475341916023,"ellipse":{"center":[115.82431163636812,104.51102531649904],"axes":[20.431961405407133,30.006864099038996],"angle":-60.649990400269076},"norm_pos":[0.3619509738636504,0.5645373945145873],"diameter":30.006864099038996,"sphere":{"center":[-0.5010878884279936,-9.303572145535401,67.46148810285005],"radius":12.0},"projected_sphere":{"center":[155.39478746226723,34.496183045386175],"axes":[220.5702900789015,220.5702900789015],"angle":90.0},"model_confidence":0.6775420039656921,"model_id":169,"model_birth_timestamp":75032.850243,"theta":2.2829126306822984,"phi":-1.992881164747218,"method":"3d c++","id":1}
1947523,1947516,1,75047.697433,115,135,{"topic":"pupil.1","circle_3d":{"center":[-4.24412382708464,-1.4752546093890189,59.17251189856597],"normal":[-0.31191966155472056,0.6523597946788652,-0.6907480170236737],"radius":1.4281007287243577},"confidence":0.9989359847791186,"timestamp":75047.697433,"diameter_3d":2.8562014574487153,"ellipse":{"center":[115.59504312763384,104.375029127304],"axes":[20.438388026655044,30.014774025346213],"angle":-60.46265566241118},"norm_pos":[0.36123450977385574,0.5651040453028999],"diameter":30.014774025346213,"sphere":{"center":[-0.5010878884279936,-9.303572145535401,67.46148810285005],"radius":12.0},"projected_sphere":{"center":[155.39478746226723,34.496183045386175],"axes":[220.5702900789015,220.5702900789015],"angle":90.0},"model_confidence":0.6773113122778507,"model_id":169,"model_birth_timestamp":75032.850243,"theta":2.2814901652068933,"phi":-1.9949533907206767,"method":"3d c++","id":1}
1947533,1947528,1,75047.705833,115,135,{"topic":"pupil.1","circle_3d":{"center":[-4.239952947567061,-1.4978999847477326,59.14930606755671],"normal":[-0.31157208826158894,0.6504726800656391,-0.6926818362744454],"radius":1.4354965017452548},"confidence":0.9992377178219577,"timestamp":75047.705833,"diameter_3d":2.8709930034905096,"ellipse":{"center":[115.62224481035423,104.12969109581147],"axes":[20.617565774201427,30.18239326072281],"angle":-60.39169420548254},"norm_pos":[0.361319515032357,0.5661262871007855],"diameter":30.18239326072281,"sphere":{"center":[-0.5010878884279936,-9.303572145535401,67.46148810285005],"radius":12.0},"projected_sphere":{"center":[155.39478746226723,34.496183045386175],"axes":[220.5702900789015,220.5702900789015],"angle":90.0},"model_confidence":0.6771936312937599,"model_id":169,"model_birth_timestamp":75032.850243,"theta":2.279002930408047,"phi":-1.993488481051767,"method":"3d c++","id":1}
1947539,1947539,1,75047.714233,115,136,{"topic":"pupil.1","circle_3d":{"center":[-4.2449627991212875,-1.5230379122482969,59.1280201754066],"normal":[-0.3119895758911078,0.6483778527739253,-0.6944556606202881],"radius":1.4349978818664215},"confidence":0.9993765071478897,"timestamp":75047.714233,"diameter_3d":2.869995763732843,"ellipse":{"center":[115.55406643446523,103.86049605858557],"axes":[20.675538891294316,30.183377676261824],"angle":-60.25354913348937},"norm_pos":[0.3611064576077038,0.5672479330892268],"diameter":30.183377676261824,"sphere":{"center":[-0.5010878884279936,-9.303572145535401,67.46148810285005],"radius":12.0},"projected_sphere":{"center":[155.39478746226723,34.496183045386175],"axes":[220.5702900789015,220.5702900789015],"angle":90.0},"model_confidence":0.6770330325508778,"model_id":169,"model_birth_timestamp":75032.850243,"theta":2.276248117981662,"phi":-1.9930328118021978,"method":"3d c++","id":1}
1947547,1947544,1,75047.722633,115,136,{"topic":"pupil.1","circle_3d":{"center":[-4.247380264946032,-1.5379487715040199,59.115208270353406],"normal":[-0.3121910313765032,0.6471352811692818,-0.6955233193747208],"radius":1.4150501527156067},"confidence":0.9988648492520814,"timestamp":75047.722633,"diameter_3d":2.8301003054312135,"ellipse":{"center":[115.51747768619478,103.70528293237757],"axes":[20.426773698659574,29.77046952627682],"angle":-60.17472417738995},"norm_pos":[0.3609921177693587,0.5678946544484268],"diameter":29.77046952627682,"sphere":{"center":[-0.5010878884279936,-9.303572145535401,67.46148810285005],"radius":12.0},"projected_sphere":{"center":[155.39478746226723,34.496183045386175],"axes":[220.5702900789015,220.5702900789015],"angle":90.0},"model_confidence":0.6767256770803254,"model_id":169,"model_birth_timestamp":75032.850243,"theta":2.2746171193404843,"phi":-1.9926999499603304,"method":"3d c++","id":1}
1947554,1947550,1,75047.731033,115,136,{"topic":"pupil.1","circle_3d":{"center":[-4.287982823354372,-1.5640039192118778,59.109332068513034],"normal":[-0.3155745779105315,0.6449640188602936,-0.6960130028614183],"radius":1.437478888219584},"confidence":0.9996463465602442,"timestamp":75047.731033,"diameter_3d":2.874957776439168,"ellipse":{"center":[115.09003200673561,103.42544837156153],"axes":[20.759371019877605,30.247159858620503],"angle":-59.814186005621934},"norm_pos":[0.3596563500210488,0.5690606317851603],"diameter":30.247159858620503,"sphere":{"center":[-0.5010878884279936,-9.303572145535401,67.46148810285005],"radius":12.0},"projected_sphere":{"center":[155.39478746226723,34.496183045386175],"axes":[220.5702900789015,220.5702900789015],"angle":90.0},"model_confidence":0.6766968005058716,"model_id":169,"model_birth_timestamp":75032.850243,"theta":2.271772526476734,"phi":-1.9964768154167003,"method":"3d c++","id":1}
1947566,1947561,1,75047.739433,115,136,{"topic":"pupil.1","circle_3d":{"center":[-4.2885968478214656,-1.5875072139160267,59.08789163218419],"normal":[-0.31562574661612264,0.6430054109682812,-0.6977997058888223],"radius":1.455151770521965},"confidence":0.9997763437886026,"timestamp":75047.739433,"diameter_3d":2.91030354104393,"ellipse":{"center":[115.06925925902087,103.16858160320659],"axes":[21.082366778231627,30.63072867114488],"angle":-59.70783661074722},"norm_pos":[0.3595914351844402,0.5701309099866392],"diameter":30.63072867114488,"sphere":{"center":[-0.5010878884279936,-9.303572145535401,67.46148810285005],"radius":12.0},"projected_sphere":{"center":[155.39478746226723,34.496183045386175],"axes":[220.5702900789015,220.5702900789015],"angle":90.0},"model_confidence":0.676695242994485,"model_id":169,"model_birth_timestamp":75032.850243,"theta":2.269212380900729,"phi":-1.9955743024218555,"method":"3d c++","id":1}
1947574,1947573,1,75047.747833,115,136,{"topic":"pupil.1","circle_3d":{"center":[-4.293428730106208,-1.5983846986043098,59.08006594738056],"normal":[-0.31602840347318456,0.6420989539109243,-0.6984518462891245],"radius":1.441206709301241},"confidence":0.999512047338446,"timestamp":75047.747833,"diameter_3d":2.882413418602482,"ellipse":{"center":[115.01148308939088,103.05555075040232],"axes":[20.903538572102406,30.341465872516718],"angle":-59.63077398710078},"norm_pos":[0.3594108846543465,0.5706018718733237],"diameter":30.341465872516718,"sphere":{"center":[-0.5010878884279936,-9.303572145535401,67.46148810285005],"radius":12.0},"projected_sphere":{"center":[155.39478746226723,34.496183045386175],"axes":[220.5702900789015,220.5702900789015],"angle":90.0},"model_confidence":0.6765774177019956,"model_id":169,"model_birth_timestamp":75032.850243,"theta":2.2680293900095743,"phi":-1.9957022843379784,"method":"3d c++","id":1}
1947584,1947584,1,75047.756233,114,137,{"topic":"pupil.1","circle_3d":{"center":[-4.305646288312637,-1.6123986298922137,59.07273459984759],"normal":[-0.3170465333237203,0.6409311263035989,-0.6990627919168716],"radius":1.4078974031493545},"confidence":0.9979434498235212,"timestamp":75047.756233,"diameter_3d":2.815794806298709,"ellipse":{"center":[114.87488390065722,102.9142573603648],"axes":[20.439652108229264,29.644297000721455],"angle":-59.49483178411029},"norm_pos":[0.35898401218955384,0.5711905943318134],"diameter":29.644297000721455,"sphere":{"center":[-0.5010878884279936,-9.303572145535401,67.46148810285005],"radius":12.0},"projected_sphere":{"center":[155.39478746226723,34.496183045386175],"axes":[220.5702900789015,220.5702900789015],"angle":90.0},"model_confidence":0.6759893791389859,"model_id":169,"model_birth_timestamp":75032.850243,"theta":2.2665070173890816,"phi":-1.9965826171575667,"method":"3d c++","id":1}
1947591,1947590,1,75047.764633,115,136,{"topic":"pupil.1","circle_3d":{"center":[-4.287620883392458,-1.5933626793705962,59.08205865533347],"normal":[-0.3155444162470387,0.6425174555137337,-0.6982857872930486],"radius":1.4385929629442782},"confidence":0.9996928304908613,"timestamp":75047.764633,"diameter_3d":2.8771859258885564,"ellipse":{"center":[115.07356875228655,103.10939255847899],"axes":[20.860783505090136,30.285133936765774],"angle":-59.688207923931515},"norm_pos":[0.3596049023508955,0.5703775310063375],"diameter":30.285133936765774,"sphere":{"center":[-0.5010878884279936,-9.303572145535401,67.46148810285005],"radius":12.0},"projected_sphere":{"center":[155.39478746226723,34.496183045386175],"axes":[220.5702900789015,220.5702900789015],"angle":90.0},"model_confidence":0.6759433948622107,"model_id":169,"model_birth_timestamp":75032.850243,"theta":2.26857541852285,"phi":-1.9952161710464398,"method":"3d c++","id":1}
1947598,1947595,1,75047.773033,115,136,{"topic":"pupil.1","circle_3d":{"center":[-4.278394700557806,-1.584020939356095,59.08649661496105],"normal":[-0.3147755676774844,0.6432959338482755,-0.697915957324084],"radius":1.4331760542311591},"confidence":0.9993825594623581,"timestamp":75047.773033,"diameter_3d":2.8663521084623182,"ellipse":{"center":[115.17302120515191,103.20988942455608],"axes":[20.77058681170878,30.168349142540436],"angle":-59.78537282365329},"norm_pos":[0.35991569126609974,0.5699587940643497],"diameter":30.168349142540436,"sphere":{"center":[-0.5010878884279936,-9.303572145535401,67.46148810285005],"radius":12.0},"projected_sphere":{"center":[155.39478746226723,34.496183045386175],"axes":[220.5702900789015,220.5702900789015],"angle":90.0},"model_confidence":0.6757812226207638,"model_id":169,"model_birth_timestamp":75032.850243,"theta":2.269591782548766,"phi":-1.9944999628866655,"method":"3d c++","id":1}
1947608,1947607,1,75047.781433,115,136,{"topic":"pupil.1","circle_3d":{"center":[-4.267487413270259,-1.5674407917427047,59.09688970865721],"normal":[-0.31386662707018875,0.6446776128160581,-0.6970498661827372],"radius":1.4226928539928518},"confidence":0.9994132482303403,"timestamp":75047.781433,"diameter_3d":2.8453857079857037,"ellipse":{"center":[115.29403257472762,103.38917414624179],"axes":[20.589033874263215,29.941716594857965],"angle":-59.92423003089064},"norm_pos":[0.3602938517960238,0.5692117743906593],"diameter":29.941716594857965,"sphere":{"center":[-0.5010878884279936,-9.303572145535401,67.46148810285005],"radius":12.0},"projected_sphere":{"center":[155.39478746226723,34.496183045386175],"axes":[220.5702900789015,220.5702900789015],"angle":90.0},"model_confidence":0.6757197026929562,"model_id":169,"model_birth_timestamp":75032.850243,"theta":2.271397813151388,"phi":-1.9938818998753252,"method":"3d c++","id":1}
1947615,1947612,1,75047.789833,115,136,{"topic":"pupil.1","circle_3d":{"center":[-4.2608034700655155,-1.5169966392995935,59.140804198814244],"normal":[-0.3133096318031268,0.6488812921863173,-0.6933903253363176],"radius":1.438504406405848},"confidence":0.9994402036138402,"timestamp":75047.789833,"diameter_3d":2.877008812811696,"ellipse":{"center":[115.39804254934425,103.92665806195572],"axes":[20.68240401678069,30.25096229124825],"angle":-60.18283829596649},"norm_pos":[0.3606188829667008,0.5669722580751845],"diameter":30.25096229124825,"sphere":{"center":[-0.5010878884279936,-9.303572145535401,67.46148810285005],"radius":12.0},"projected_sphere":{"center":[155.39478746226723,34.496183045386175],"axes":[220.5702900789015,220.5702900789015],"angle":90.0},"model_confidence":0.6755615222164835,"model_id":169,"model_birth_timestamp":75032.850243,"theta":2.2769095772262924,"phi":-1.9951891020277892,"method":"3d c++","id":1}
1947623,1947617,1,75047.798233,115,135,{"topic":"pupil.1","circle_3d":{"center":[-4.244580406763601,-1.4902657296212967,59.158566531728184],"normal":[-0.31195770986130056,0.6511088679928421,-0.6919101309268223],"radius":1.426744036632942},"confidence":0.99947928940864,"timestamp":75047.798233,"diameter_3d":2.853488073265884,"ellipse":{"center":[115.57986063916088,104.21430806054468],"axes":[20.46202249909212,29.993606766776338],"angle":-60.39604149206227},"norm_pos":[0.36118706449737775,0.5657737164143972],"diameter":29.993606766776338,"sphere":{"center":[-0.5010878884279936,-9.303572145535401,67.46148810285005],"radius":12.0},"projected_sphere":{"center":[155.39478746226723,34.496183045386175],"axes":[220.5702900789015,220.5702900789015],"angle":90.0},"model_confidence":0.6754253691626078,"model_id":169,"model_birth_timestamp":75032.850243,"theta":2.2798408389021443,"phi":-1.9943689327755334,"method":"3d c++","id":1}
1947632,1947629,1,75047.806633,115,135,{"topic":"pupil.1","circle_3d":{"center":[-4.251822139233784,-1.4604742966934907,59.18998227178618],"normal":[-0.31256118756714923,0.6535914874034926,-0.6892921525886564],"radius":1.4136827231719977},"confidence":0.9983242095031292,"timestamp":75047.806633,"diameter_3d":2.8273654463439954,"ellipse":{"center":[115.52612628992988,104.53793980912108],"axes":[20.17658000251005,29.702836804531387],"angle":-60.47855413266703},"norm_pos":[0.36101914465603085,0.5644252507953288],"diameter":29.702836804531387,"sphere":{"center":[-0.5010878884279936,-9.303572145535401,67.46148810285005],"radius":12.0},"projected_sphere":{"center":[155.39478746226723,34.496183045386175],"axes":[220.5702900789015,220.5702900789015],"angle":90.0},"model_confidence":0.6749646206595128,"model_id":169,"model_birth_timestamp":75032.850243,"theta":2.283116422748453,"phi":-1.9965175673620756,"method":"3d c++","id":1}
1947641,1947634,1,75047.815033,116,135,{"topic":"pupil.1","circle_3d":{"center":[-4.203277342499216,-1.4265163098180587,59.20038741304151],"normal":[-0.30851578783926853,0.6564213196431119,-0.6884250574840453],"radius":1.4166713915138163},"confidence":0.9980737540270374,"timestamp":75047.815033,"diameter_3d":2.8333427830276325,"ellipse":{"center":[116.04164298253774,104.89523784985286],"axes":[20.198442225084882,29.7584431456074],"angle":-60.917039690061756},"norm_pos":[0.36263013432043045,0.5629365089589464],"diameter":29.7584431456074,"sphere":{"center":[-0.5010878884279936,-9.303572145535401,67.46148810285005],"radius":12.0},"projected_sphere":{"center":[155.39478746226723,34.496183045386175],"axes":[220.5702900789015,220.5702900789015],"angle":90.0},"model_confidence":0.6744287666922255,"model_id":169,"model_birth_timestamp":75032.850243,"theta":2.2868614601533617,"phi":-1.9921084264240438,"method":"3d c++","id":1}
1947650,1947645,1,75047.823433,116,134,{"topic":"pupil.1","circle_3d":{"center":[-4.19221348702857,-1.4078532302703657,59.21326316493272],"normal":[-0.30759379988338137,0.6579765762720863,-0.6873520781597781],"radius":1.4422869330230137},"confidence":0.9990437307810222,"timestamp":75047.823433,"diameter_3d":2.8845738660460274,"ellipse":{"center":[116.16894746714479,105.08786729866024],"axes":[20.526171224326326,30.289450557365736],"angle":-61.06231034429223},"norm_pos":[0.36302796083482747,0.5621338862555822],"diameter":30.289450557365736,"sphere":{"center":[-0.5010878884279936,-9.303572145535401,67.46148810285005],"radius":12.0},"projected_sphere":{"center":[155.39478746226723,34.496183045386175],"axes":[220.5702900789015,220.5702900789015],"angle":90.0},"model_confidence":0.6741845474242503,"model_id":169,"model_birth_timestamp":75032.850243,"theta":2.288924909994459,"phi":-1.9915738462982668,"method":"3d c++","id":1}
1947659,1947657,1,75047.831833,116,134,{"topic":"pupil.1","circle_3d":{"center":[-4.16560265843692,-1.39582298907695,59.21292248336705],"normal":[-0.30537623083407717,0.6589790963715376,-0.6873804682902505],"radius":1.4343236953327},"confidence":0.9986065538544999,"timestamp":75047.831833,"diameter_3d":2.8686473906654,"ellipse":{"center":[116.44615942330634,105.21541111244777],"axes":[20.419913731965835,30.121366486417084],"angle":-61.27497356598323},"norm_pos":[0.36389424819783234,0.5616024536981343],"diameter":30.121366486417084,"sphere":{"center":[-0.5010878884279936,-9.303572145535401,67.46148810285005],"radius":12.0},"projected_sphere":{"center":[155.39478746226723,34.496183045386175],"axes":[220.5702900789015,220.5702900789015],"angle":90.0},"model_confidence":0.6737919318681507,"model_id":169,"model_birth_timestamp":75032.850243,"theta":2.2902569857123933,"phi":-1.9888673347609924,"method":"3d c++","id":1}
1947669,1947668,1,75047.840233,116,134,{"topic":"pupil.1","circle_3d":{"center":[-4.144645907948151,-1.3820510024780184,59.216854227505124],"normal":[-0.3036298349600131,0.6601267619214486,-0.687052822945411],"radius":1.4187840894532955},"confidence":0.9982332652994559,"timestamp":75047.840233,"diameter_3d":2.837568178906591,"ellipse":{"center":[116.66670199046266,105.3640834497054],"axes":[20.191151954937173,29.792123363756748],"angle":-61.4603120237046},"norm_pos":[0.3645834437201958,0.5609829856262275],"diameter":29.792123363756748,"sphere":{"center":[-0.5010878884279936,-9.303572145535401,67.46148810285005],"radius":12.0},"projected_sphere":{"center":[155.39478746226723,34.496183045386175],"axes":[220.5702900789015,220.5702900789015],"angle":90.0},"model_confidence":0.6732727260705507,"model_id":169,"model_birth_timestamp":75032.850243,"theta":2.2917838313407346,"phi":-1.9869197148614521,"method":"3d c++","id":1}
1947675,1947673,1,75047.848633,117,134,{"topic":"pupil.1","circle_3d":{"center":[-4.074651222553959,-1.404008072787227,59.16531232376143],"normal":[-0.2977969445104971,0.6582970060623479,-0.6913479815907189],"radius":1.4180302896869268},"confidence":0.9976260314115455,"timestamp":75047.848633,"diameter_3d":2.8360605793738536,"ellipse":{"center":[117.36180673221423,105.12069213780198],"axes":[20.354741288894726,29.800631104323173],"angle":-61.80276036611485},"norm_pos":[0.36675564603816946,0.5619971160924917],"diameter":29.800631104323173,"sphere":{"center":[-0.5010878884279936,-9.303572145535401,67.46148810285005],"radius":12.0},"projected_sphere":{"center":[155.39478746226723,34.496183045386175],"axes":[220.5702900789015,220.5702900789015],"angle":90.0},"model_confidence":0.6727414948852539,"model_id":169,"model_birth_timestamp":75032.850243,"theta":2.2893505050130845,"phi":-1.9775257152762906,"method":"3d c++","id":1}
1947683,1947678,1,75047.857033,117,135,{"topic":"pupil.1","circle_3d":{"center":[-4.040566916638382,-1.453957642038823,59.10351942886264],"normal":[-0.2949565856841991,0.6541345419580482,-0.6964973894989515],"radius":1.4017023512647444},"confidence":0.9982447559566031,"timestamp":75047.857033,"diameter_3d":2.803404702529489,"ellipse":{"center":[117.67355601524741,104.58454181204148],"axes":[20.316232850860576,29.488071414134897],"angle":-61.81049168822875},"norm_pos":[0.36772986254764817,0.5642310757831606],"diameter":29.488071414134897,"sphere":{"center":[-0.5010878884279936,-9.303572145535401,67.46148810285005],"radius":12.0},"projected_sphere":{"center":[155.39478746226723,34.496183045386175],"axes":[220.5702900789015,220.5702900789015],"angle":90.0},"model_confidence":0.6722297159843738,"model_id":169,"model_birth_timestamp":75032.850243,"theta":2.2838341669945907,"phi":-1.9713835293014264,"method":"3d c++","id":1}
1947691,1947689,1,75047.865433,118,135,{"topic":"pupil.1","circle_3d":{"center":[-3.9843549509691147,-1.4944996243505075,59.042151019095115],"normal":[-0.2902722552117601,0.6507560434320745,-0.7016114236462451],"radius":1.4017841497248005},"confidence":0.9427768388345659,"timestamp":75047.865433,"diameter_3d":2.803568299449601,"ellipse":{"center":[118.21961637780385,104.14219451047964],"axes":[20.51736786623073,29.519535900786746],"angle":-61.99809478663826},"norm_pos":[0.36943630118063703,0.5660741895396681],"diameter":29.519535900786746,"sphere":{"center":[-0.5010878884279936,-9.303572145535401,67.46148810285005],"radius":12.0},"projected_sphere":{"center":[155.39478746226723,34.496183045386175],"axes":[220.5702900789015,220.5702900789015],"angle":90.0},"model_confidence":0.6714926931613241,"model_id":169,"model_birth_timestamp":75032.850243,"theta":2.279376067461059,"phi":-1.9630759723653404,"method":"3d c++","id":1}
1947701,1947697,1,75047.873832,118,135,{"topic":"pupil.1","circle_3d":{"center":[-3.980231732212432,-1.4833330747459126,59.05081518149861],"normal":[-0.2899286536487032,0.6516865892324574,-0.7008894101126201],"radius":1.4016280028539023},"confidence":0.7072306041714705,"timestamp":75047.873832,"diameter_3d":2.8032560057078046,"ellipse":{"center":[118.26884908007995,104.261785809223],"axes":[20.48945679107048,29.511610537552446],"angle":-62.07038625149676},"norm_pos":[0.3695901533752498,0.5655758924615708],"diameter":29.511610537552446,"sphere":{"center":[-0.5010878884279936,-9.303572145535401,67.46148810285005],"radius":12.0},"projected_sphere":{"center":[155.39478746226723,34.496183045386175],"axes":[220.5702900789015,220.5702900789015],"angle":90.0},"model_confidence":0.6714926931613241,"model_id":169,"model_birth_timestamp":75032.850243,"theta":2.2806022644078436,"phi":-1.9630212862671295,"method":"3d c++","id":1}
1947723,1947723,1,75047.882232,119,135,{"topic":"pupil.1","circle_3d":{"center":[-3.8875376273954947,-1.476521168157725,59.019377515859496],"normal":[-0.28220414491395845,0.6522542481148065,-0.7035092155825466],"radius":1.4032869297916641},"confidence":0.5033801854508457,"timestamp":75047.882232,"diameter_3d":2.8065738595833283,"ellipse":{"center":[119.21926517231799,104.32379744638895],"axes":[20.630099019783163,29.559535214841553],"angle":-62.69117896304223},"norm_pos":[0.37256020366349374,0.5653175106400461],"diameter":29.559535214841553,"sphere":{"center":[-0.5010878884279936,-9.303572145535401,67.46148810285005],"radius":12.0},"projected_sphere":{"center":[155.39478746226723,34.496183045386175],"axes":[220.5702900789015,220.5702900789015],"angle":90.0},"model_confidence":0.6662582602622091,"model_id":169,"model_birth_timestamp":75032.850243,"theta":2.2813509134232617,"phi":-1.9522831881953258,"method":"3d c++","id":1}
1947732,1947730,1,75047.899032,120,135,{"topic":"pupil.1","circle_3d":{"center":[-3.790915439000334,-1.4627897793524252,58.99395206373872],"normal":[-0.27415229588102835,0.6533985305152479,-0.705628003259278],"radius":1.3807816124855665},"confidence":0.11488131964436955,"timestamp":75047.899032,"diameter_3d":2.761563224971133,"ellipse":{"center":[120.2139386390513,104.46586621745476],"axes":[20.395940178168527,29.094949769632617],"angle":-63.373088071797554},"norm_pos":[0.3756685582470353,0.5647255574272718],"diameter":29.094949769632617,"sphere":{"center":[-0.5010878884279936,-9.303572145535401,67.46148810285005],"radius":12.0},"projected_sphere":{"center":[155.39478746226723,34.496183045386175],"axes":[220.5702900789015,220.5702900789015],"angle":90.0},"model_confidence":0.6662582602622091,"model_id":169,"model_birth_timestamp":75032.850243,"theta":2.2828615026373167,"phi":-1.9413692449536128,"method":"3d c++","id":1}
1947743,1947740,1,75047.907432,78,175,{"topic":"pupil.1","circle_3d":{"center":[-7.6969674699768715,-5.260386472885637,58.751036526477705],"normal":[-0.5996566317957398,0.33693213938748034,-0.7258709646976962],"radius":1.3011844041600857},"confidence":0.7760098270435924,"timestamp":75047.907432,"diameter_3d":2.6023688083201715,"ellipse":{"center":[78.88741136456576,64.39983353287568],"axes":[18.449537817559015,27.704532183011],"angle":-22.559451814102033},"norm_pos":[0.246523160514268,0.7316673602796847],"diameter":27.704532183011,"sphere":{"center":[-0.5010878884279936,-9.303572145535401,67.46148810285005],"radius":12.0},"projected_sphere":{"center":[155.39478746226723,34.496183045386175],"axes":[220.5702900789015,220.5702900789015],"angle":90.0},"model_confidence":0.6630509558998132,"model_id":169,"model_birth_timestamp":75032.850243,"theta":1.9144529349711328,"phi":-2.2612625144113516,"method":"3d c++","id":1}
1947751,1947744,1,75047.915832,83,167,{"topic":"pupil.1","circle_3d":{"center":[-7.223636567496279,-4.519862504378096,58.748081115531264],"normal":[-0.5602123899223571,0.3986424700964421,-0.7261172489432325],"radius":1.4151025144978215},"confidence":0.26229771361696974,"timestamp":75047.915832,"diameter_3d":2.830205028995643,"ellipse":{"center":[83.89054546510047,72.1822224546397],"axes":[20.391012168997207,30.10921958793262],"angle":-28.7717712506837},"norm_pos":[0.262157954578439,0.6992407397723346],"diameter":30.10921958793262,"sphere":{"center":[-0.5010878884279936,-9.303572145535401,67.46148810285005],"radius":12.0},"projected_sphere":{"center":[155.39478746226723,34.496183045386175],"axes":[220.5702900789015,220.5702900789015],"angle":90.0},"model_confidence":0.6630509558998132,"model_id":169,"model_birth_timestamp":75032.850243,"theta":1.9808324642061037,"phi":-2.2279272056457256,"method":"3d c++","id":1}
1947756,1947751,1,75047.924232,75,174,{"topic":"pupil.1","circle_3d":{"center":[-8.018014543894884,-5.154108414429826,59.078304674070104],"normal":[-0.6264105546222407,0.34578864425879785,-0.6985986190649958],"radius":1.3816432771396232},"confidence":0.21056629932680407,"timestamp":75047.924232,"diameter_3d":2.7632865542792464,"ellipse":{"center":[75.97944243624325,65.81288258669106],"axes":[18.513097284647934,29.254998240974956],"angle":-22.707340369224568},"norm_pos":[0.23743575761326013,0.7257796558887872],"diameter":29.254998240974956,"sphere":{"center":[-0.5010878884279936,-9.303572145535401,67.46148810285005],"radius":12.0},"projected_sphere":{"center":[155.39478746226723,34.496183045386175],"axes":[220.5702900789015,220.5702900789015],"angle":90.0},"model_confidence":0.6630509558998132,"model_id":169,"model_birth_timestamp":75032.850243,"theta":1.9238754740444874,"phi":-2.3017671171932585,"method":"3d c++","id":1}
1947762,1947756,1,75047.932632,76,174,{"topic":"pupil.1","circle_3d":{"center":[-8.002425141208318,-5.155693408293434,59.06356922962997],"normal":[-0.6251114377316938,0.3456565614368306,-0.6998265727683405],"radius":1.4287874221313301},"confidence":0.16526332830262613,"timestamp":75047.932632,"diameter_3d":2.8575748442626603,"ellipse":{"center":[76.13090623798377,65.77588239715143],"axes":[19.196170232717304,30.26100993793057],"angle":-22.723816708278605},"norm_pos":[0.23790908199369926,0.7259338233452024],"diameter":30.26100993793057,"sphere":{"center":[-0.5010878884279936,-9.303572145535401,67.46148810285005],"radius":12.0},"projected_sphere":{"center":[155.39478746226723,34.496183045386175],"axes":[220.5702900789015,220.5702900789015],"angle":90.0},"model_confidence":0.6630509558998132,"model_id":169,"model_birth_timestamp":75032.850243,"theta":1.923734711338338,"phi":-2.2998627317527403,"method":"3d c++","id":1}
1947775,1947774,1,75047.941032,75,173,{"topic":"pupil.1","circle_3d":{"center":[-8.102393493241985,-5.091584423454492,59.18626529429299],"normal":[-0.6334421337344992,0.35099897684007575,-0.6896019007130889],"radius":1.386326979546295},"confidence":0.17176915219409783,"timestamp":75047.941032,"diameter_3d":2.77265395909259,"ellipse":{"center":[75.24836323802,66.56588956610469],"axes":[18.235333264605003,29.299886956779382],"angle":-22.978086305644226},"norm_pos":[0.23515113511881253,0.7226421268078971],"diameter":29.299886956779382,"sphere":{"center":[-0.5010878884279936,-9.303572145535401,67.46148810285005],"radius":12.0},"projected_sphere":{"center":[155.39478746226723,34.496183045386175],"axes":[220.5702900789015,220.5702900789015],"angle":90.0},"model_confidence":0.6630509558998132,"model_id":169,"model_birth_timestamp":75032.850243,"theta":1.9294340719685588,"phi":-2.3137725656500714,"method":"3d c++","id":1}
1947782,1947780,1,75047.949432,74,174,{"topic":"pupil.1","circle_3d":{"center":[-8.14330773641851,-5.148099153254805,59.19538140105831],"normal":[-0.6368516539992097,0.3462894160233831,-0.6888422251493118],"radius":1.4249452078283489},"confidence":0.16728548852962857,"timestamp":75047.949432,"diameter_3d":2.8498904156566978,"ellipse":{"center":[74.84037786814312,65.97774200009772],"axes":[18.68853245734699,30.11317808498375],"angle":-22.532317048058673},"norm_pos":[0.23387618083794726,0.7250927416662595],"diameter":30.11317808498375,"sphere":{"center":[-0.5010878884279936,-9.303572145535401,67.46148810285005],"radius":12.0},"projected_sphere":{"center":[155.39478746226723,34.496183045386175],"axes":[220.5702900789015,220.5702900789015],"angle":90.0},"model_confidence":0.6630509558998132,"model_id":169,"model_birth_timestamp":75032.850243,"theta":1.9244092206178183,"phi":-2.3169969481990953,"method":"3d c++","id":1}
1947796,1947790,1,75047.957832,69,169,{"topic":"pupil.1","circle_3d":{"center":[-8.769879159043835,-4.748011096999586,60.05379247897008],"normal":[-0.6890659392179868,0.3796300873779846,-0.6173079686566645],"radius":1.4274351183086254},"confidence":0.24510258303532145,"timestamp":75047.957832,"diameter_3d":2.8548702366172507,"ellipse":{"center":[69.57646947648513,70.88190112007744],"axes":[15.98267449315481,29.730297383939988],"angle":-24.06700075972951},"norm_pos":[0.21742646711401603,0.7046587453330106],"diameter":29.730297383939988,"sphere":{"center":[-0.5010878884279936,-9.303572145535401,67.46148810285005],"radius":12.0},"projected_sphere":{"center":[155.39478746226723,34.496183045386175],"axes":[220.5702900789015,220.5702900789015],"angle":90.0},"model_confidence":0.6630509558998132,"model_id":169,"model_birth_timestamp":75032.850243,"theta":1.960192744724146,"phi":-2.4110684668664204,"method":"3d c++","id":1}
1947802,1947796,1,75047.974632,160,120,{"topic":"pupil.1","circle_3d":{"center":[0.0,-0.0,0.0],"normal":[0.0,-0.0,0.0],"radius":0.0},"confidence":0.0,"timestamp":75047.974632,"diameter_3d":0.0,"ellipse":{"center":[160.0,120.0],"axes":[0.0,0.0],"angle":90.0},"norm_pos":[0.5,0.5],"diameter":0.0,"sphere":{"center":[-0.5010878884279936,-9.303572145535401,67.46148810285005],"radius":12.0},"projected_sphere":{"center":[155.39478746226723,34.496183045386175],"axes":[220.5702900789015,220.5702900789015],"angle":90.0},"model_confidence":0.6630509558998132,"model_id":169,"model_birth_timestamp":75032.850243,"theta":0.0,"phi":0.0,"method":"3d c++","id":1}
1947810,1947809,1,75047.983032,160,120,{"topic":"pupil.1","circle_3d":{"center":[0.0,-0.0,0.0],"normal":[0.0,-0.0,0.0],"radius":0.0},"confidence":0.0,"timestamp":75047.983032,"diameter_3d":0.0,"ellipse":{"center":[160.0,120.0],"axes":[0.0,0.0],"angle":90.0},"norm_pos":[0.5,0.5],"diameter":0.0,"sphere":{"center":[-0.5010878884279936,-9.303572145535401,67.46148810285005],"radius":12.0},"projected_sphere":{"center":[155.39478746226723,34.496183045386175],"axes":[220.5702900789015,220.5702900789015],"angle":90.0},"model_confidence":0.6630509558998132,"model_id":169,"model_birth_timestamp":75032.850243,"theta":0.0,"phi":0.0,"method":"3d c++","id":1}
1947818,1947812,1,75047.991432,160,120,{"topic":"pupil.1","circle_3d":{"center":[0.0,-0.0,0.0],"normal":[0.0,-0.0,0.0],"radius":0.0},"confidence":0.0,"timestamp":75047.991432,"diameter_3d":0.0,"ellipse":{"center":[160.0,120.0],"axes":[0.0,0.0],"angle":90.0},"norm_pos":[0.5,0.5],"diameter":0.0,"sphere":{"center":[-0.5010878884279936,-9.303572145535401,67.46148810285005],"radius":12.0},"projected_sphere":{"center":[155.39478746226723,34.496183045386175],"axes":[220.5702900789015,220.5702900789015],"angle":90.0},"model_confidence":0.6630509558998132,"model_id":169,"model_birth_timestamp":75032.850243,"theta":0.0,"phi":0.0,"method":"3d c++","id":1}
1947827,1947823,1,75047.999832,160,120,{"topic":"pupil.1","circle_3d":{"center":[0.0,-0.0,0.0],"normal":[0.0,-0.0,0.0],"radius":0.0},"confidence":0.0,"timestamp":75047.999832,"diameter_3d":0.0,"ellipse":{"center":[160.0,120.0],"axes":[0.0,0.0],"angle":90.0},"norm_pos":[0.5,0.5],"diameter":0.0,"sphere":{"center":[-0.5010878884279936,-9.303572145535401,67.46148810285005],"radius":12.0},"projected_sphere":{"center":[155.39478746226723,34.496183045386175],"axes":[220.5702900789015,220.5702900789015],"angle":90.0},"model_confidence":0.6630509558998132,"model_id":169,"model_birth_timestamp":75032.850243,"theta":0.0,"phi":0.0,"method":"3d c++","id":1}
1947836,1947836,1,75048.008232,160,120,{"topic":"pupil.1","circle_3d":{"center":[0.0,-0.0,0.0],"normal":[0.0,-0.0,0.0],"radius":0.0},"confidence":0.0,"timestamp":75048.008232,"diameter_3d":0.0,"ellipse":{"center":[160.0,120.0],"axes":[0.0,0.0],"angle":90.0},"norm_pos":[0.5,0.5],"diameter":0.0,"sphere":{"center":[-0.5010878884279936,-9.303572145535401,67.46148810285005],"radius":12.0},"projected_sphere":{"center":[155.39478746226723,34.496183045386175],"axes":[220.5702900789015,220.5702900789015],"angle":90.0},"model_confidence":0.6630509558998132,"model_id":169,"model_birth_timestamp":75032.850243,"theta":0.0,"phi":0.0,"method":"3d c++","id":1}
1947843,1947840,1,75048.016632,116,141,{"topic":"pupil.1","circle_3d":{"center":[-4.127492669826499,-2.0312650788814093,58.63183701745917],"normal":[-0.30220039844987545,0.6060255888878326,-0.7358042571159072],"radius":1.4016934413942135},"confidence":0.9984566620178071,"timestamp":75048.016632,"diameter_3d":2.803386882788427,"ellipse":{"center":[116.42136609743045,98.35678673317999],"axes":[21.743536948914965,29.738625100616215],"angle":-58.690869269800146},"norm_pos":[0.36381676905447013,0.5901800552784167],"diameter":29.738625100616215,"sphere":{"center":[-0.5010878884279936,-9.303572145535401,67.46148810285005],"radius":12.0},"projected_sphere":{"center":[155.39478746226723,34.496183045386175],"axes":[220.5702900789015,220.5702900789015],"angle":90.0},"model_confidence":0.6629517791827189,"model_id":169,"model_birth_timestamp":75032.850243,"theta":2.2218508889191146,"phi":-1.960499175019358,"method":"3d c++","id":1}
1947852,1947852,1,75048.025032,116,141,{"topic":"pupil.1","circle_3d":{"center":[-4.113962049968995,-2.0358721413706125,58.622501908589285],"normal":[-0.30107284679508345,0.6056416670137325,-0.7365821828550644],"radius":1.3922035791805447},"confidence":0.9998971472989316,"timestamp":75048.025032,"diameter_3d":2.7844071583610894,"ellipse":{"center":[116.55648445196289,98.30673387608782],"axes":[21.62812873987433,29.541616805641127],"angle":-58.75650056303556},"norm_pos":[0.364239013912384,0.5903886088496341],"diameter":29.541616805641127,"sphere":{"center":[-0.5010878884279936,-9.303572145535401,67.46148810285005],"radius":12.0},"projected_sphere":{"center":[155.39478746226723,34.496183045386175],"axes":[220.5702900789015,220.5702900789015],"angle":90.0},"model_confidence":0.6629252348323345,"model_id":169,"model_birth_timestamp":75032.850243,"theta":2.221368327264154,"phi":-1.9588170182221714,"method":"3d c++","id":1}
1947858,1947858,1,75048.033432,116,141,{"topic":"pupil.1","circle_3d":{"center":[-4.114776981427575,-1.9732461034371696,58.674704205674004],"normal":[-0.3011407577499651,0.610860503508186,-0.7322319914313375],"radius":1.4037380617454},"confidence":0.9998564914945138,"timestamp":75048.033432,"diameter_3d":2.8074761234908,"ellipse":{"center":[116.58696948374795,98.98492619471901],"axes":[21.646151111110605,29.758662149340164],"angle":-59.04824453278863},"norm_pos":[0.36433427963671233,0.5875628075220041],"diameter":29.758662149340164,"sphere":{"center":[-0.5010878884279936,-9.303572145535401,67.46148810285005],"radius":12.0},"projected_sphere":{"center":[155.39478746226723,34.496183045386175],"axes":[220.5702900789015,220.5702900789015],"angle":90.0},"model_confidence":0.6628817778381979,"model_id":169,"model_birth_timestamp":75032.850243,"theta":2.227943316157129,"phi":-1.960975293533603,"method":"3d c++","id":1}
1947868,1947863,1,75048.041832,116,139,{"topic":"pupil.1","circle_3d":{"center":[-4.090968782476454,-1.8628265053793358,58.75815199047083],"normal":[-0.299156741170705,0.6200621366796721,-0.7252780093649354],"radius":1.4026683944937763},"confidence":0.9995953884130939,"timestamp":75048.041832,"diameter_3d":2.8053367889875527,"ellipse":{"center":[116.8982309246274,100.17971596492318],"axes":[21.378349555623355,29.69080896911057],"angle":-59.71395881743098},"norm_pos":[0.36530697163946063,0.5825845168128201],"diameter":29.69080896911057,"sphere":{"center":[-0.5010878884279936,-9.303572145535401,67.46148810285005],"radius":12.0},"projected_sphere":{"center":[155.39478746226723,34.496183045386175],"axes":[220.5702900789015,220.5702900789015],"angle":90.0},"model_confidence":0.6628404827191181,"model_id":169,"model_birth_timestamp":75032.850243,"theta":2.239618227653151,"phi":-1.9620078241853136,"method":"3d c++","id":1}
1947877,1947874,1,75048.050232,117,138,{"topic":"pupil.1","circle_3d":{"center":[-4.074988612810558,-1.7456169572826425,58.85308831051809],"normal":[-0.2978250603652137,0.6298295990210633,-0.7173666493609969],"radius":1.3912127891719244},"confidence":0.9994210322842688,"timestamp":75048.050232,"diameter_3d":2.7824255783438487,"ellipse":{"center":[117.13358413149464,101.44887394879316],"axes":[20.917760018437,29.398044873384087],"angle":-60.34444826866431},"norm_pos":[0.36604245041092076,0.5772963585466951],"diameter":29.398044873384087,"sphere":{"center":[-0.5010878884279936,-9.303572145535401,67.46148810285005],"radius":12.0},"projected_sphere":{"center":[155.39478746226723,34.496183045386175],"axes":[220.5702900789015,220.5702900789015],"angle":90.0},"model_confidence":0.6626762175350964,"model_id":169,"model_birth_timestamp":75032.850243,"theta":2.252130137269796,"phi":-1.964306685592304,"method":"3d c++","id":1}
1947885,1947880,1,75048.058632,117,137,{"topic":"pupil.1","circle_3d":{"center":[-4.0494647747479355,-1.6261864009084377,58.94874649976887],"normal":[-0.29569807385999514,0.6397821453855803,-0.7093951335900981],"radius":1.399775750307977},"confidence":0.9997723363396804,"timestamp":75048.058632,"diameter_3d":2.799551500615954,"ellipse":{"center":[117.47072367994025,102.73290257429524],"axes":[20.75929461447599,29.528102805150812],"angle":-61.02888624914314},"norm_pos":[0.3670960114998133,0.5719462392737699],"diameter":29.528102805150812,"sphere":{"center":[-0.5010878884279936,-9.303572145535401,67.46148810285005],"radius":12.0},"projected_sphere":{"center":[155.39478746226723,34.496183045386175],"axes":[220.5702900789015,220.5702900789015],"angle":90.0},"model_confidence":0.6626260952039331,"model_id":169,"model_birth_timestamp":75032.850243,"theta":2.2650110994324413,"phi":-1.9657276912977153,"method":"3d c++","id":1}
1947889,1947885,1,75048.067032,117,136,{"topic":"pupil.1","circle_3d":{"center":[-4.026329810068859,-1.526937993586353,59.029606304541595],"normal":[-0.2937701601367388,0.6480528459957541,-0.702656816525705],"radius":1.376762553982634},"confidence":0.9977292709697807,"timestamp":75048.067032,"diameter_3d":2.753525107965268,"ellipse":{"center":[117.76862383051065,103.80422224944566],"axes":[20.179604004273447,29.00035188956781],"angle":-61.596966598447665},"norm_pos":[0.36802694947034575,0.5674824072939764],"diameter":29.00035188956781,"sphere":{"center":[-0.5010878884279936,-9.303572145535401,67.46148810285005],"radius":12.0},"projected_sphere":{"center":[155.39478746226723,34.496183045386175],"axes":[220.5702900789015,220.5702900789015],"angle":90.0},"model_confidence":0.6619554470368105,"model_id":169,"model_birth_timestamp":75032.850243,"theta":2.2758212957729973,"phi":-1.9667952190588014,"method":"3d c++","id":1}
1947903,1947896,1,75048.075432,118,135,{"topic":"pupil.1","circle_3d":{"center":[-4.0018470833414455,-1.461199217570016,59.08044569048007],"normal":[-0.2917299329094543,0.6535310773304488,-0.6984202010308324],"radius":1.4014699863215514},"confidence":0.9995640164073888,"timestamp":75048.075432,"diameter_3d":2.802939972643103,"ellipse":{"center":[118.06294913299413,104.5022251921838],"axes":[20.391813704456883,29.49372427762457],"angle":-62.024544060039574},"norm_pos":[0.3689467160406067,0.5645740616992342],"diameter":29.49372427762457,"sphere":{"center":[-0.5010878884279936,-9.303572145535401,67.46148810285005],"radius":12.0},"projected_sphere":{"center":[155.39478746226723,34.496183045386175],"axes":[220.5702900789015,220.5702900789015],"angle":90.0},"model_confidence":0.6618300302839719,"model_id":169,"model_birth_timestamp":75032.850243,"theta":2.283036607475606,"phi":-1.9664673711363059,"method":"3d c++","id":1}
1947911,1947908,1,75048.083832,118,135,{"topic":"pupil.1","circle_3d":{"center":[-3.9974445734561863,-1.4647739457221842,59.07526531105256],"normal":[-0.2913630570856827,0.6532331833177681,-0.6988518993164577],"radius":1.424658941711679},"confidence":0.9996859834460028,"timestamp":75048.083832,"diameter_3d":2.849317883423358,"ellipse":{"center":[118.10743125337282,104.45783705454737],"axes":[20.746492475819988,29.984441297131134],"angle":-62.03760803670545},"norm_pos":[0.3690857226667901,0.5647590122727193],"diameter":29.984441297131134,"sphere":{"center":[-0.5010878884279936,-9.303572145535401,67.46148810285005],"radius":12.0},"projected_sphere":{"center":[155.39478746226723,34.496183045386175],"axes":[220.5702900789015,220.5702900789015],"angle":90.0},"model_confidence":0.6617473968669296,"model_id":169,"model_birth_timestamp":75032.850243,"theta":2.282643102988057,"phi":-1.9658005096157916,"method":"3d c++","id":1}
1947920,1947914,1,75048.092232,118,135,{"topic":"pupil.1","circle_3d":{"center":[-3.978177221462672,-1.4901935926015817,59.04359256069403],"normal":[-0.28975744441955653,0.6511148794111516,-0.7014912951796687],"radius":1.4087025318741102},"confidence":0.9995425887384146,"timestamp":75048.092232,"diameter_3d":2.8174050637482204,"ellipse":{"center":[118.28596693474611,104.18612825075262],"axes":[20.61560341249957,29.664295406151492],"angle":-62.05512791609357},"norm_pos":[0.3696436466710816,0.5658911322885307],"diameter":29.664295406151492,"sphere":{"center":[-0.5010878884279936,-9.303572145535401,67.46148810285005],"radius":12.0},"projected_sphere":{"center":[155.39478746226723,34.496183045386175],"axes":[220.5702900789015,220.5702900789015],"angle":90.0},"model_confidence":0.661653784010896,"model_id":169,"model_birth_timestamp":75032.850243,"theta":2.2798487592746004,"phi":-1.9625097102680744,"method":"3d c++","id":1}
1947926,1947925,1,75048.100631,118,136,{"topic":"pupil.1","circle_3d":{"center":[-3.956645973801635,-1.5374524719873026,58.99115732213446],"normal":[-0.2879631737811368,0.6471766394623416,-0.7058608983929661],"radius":1.385894608496106},"confidence":0.9992354273975268,"timestamp":75048.100631,"diameter_3d":2.771789216992212,"ellipse":{"center":[118.47350954106125,103.68045643635081],"axes":[20.4451211504212,29.209995888034946],"angle":-61.996746674277006},"norm_pos":[0.3702297173158164,0.5679980981818716],"diameter":29.209995888034946,"sphere":{"center":[-0.5010878884279936,-9.303572145535401,67.46148810285005],"radius":12.0},"projected_sphere":{"center":[155.39478746226723,34.496183045386175],"axes":[220.5702900789015,220.5702900789015],"angle":90.0},"model_confidence":0.6614843083907695,"model_id":169,"model_birth_timestamp":75032.850243,"theta":2.2746713698538903,"phi":-1.9581460787749432,"method":"3d c++","id":1}
1947935,1947931,1,75048.109031,118,136,{"topic":"pupil.1","circle_3d":{"center":[-3.9394487784179772,-1.5911669013796317,58.93526503867294],"normal":[-0.286530074165832,0.6427004370129809,-0.7105185886814266],"radius":1.3805971624382183},"confidence":0.9996512757183939,"timestamp":75048.109031,"diameter_3d":2.7611943248764366,"ellipse":{"center":[118.61495191898663,103.10093780765118],"axes":[20.539578349269533,29.126327465370807],"angle":-61.882563914637274},"norm_pos":[0.37067172474683324,0.5704127591347867],"diameter":29.126327465370807,"sphere":{"center":[-0.5010878884279936,-9.303572145535401,67.46148810285005],"radius":12.0},"projected_sphere":{"center":[155.39478746226723,34.496183045386175],"axes":[220.5702900789015,220.5702900789015],"angle":90.0},"model_confidence":0.6613820957810934,"model_id":169,"model_birth_timestamp":75032.850243,"theta":2.2688142371813282,"phi":-1.9541175704352465,"method":"3d c++","id":1}
1947944,1947937,1,75048.117431,118,137,{"topic":"pupil.1","circle_3d":{"center":[-3.9311327128551516,-1.6363824947580774,58.89124917027451],"normal":[-0.28583706870226316,0.6389324708981103,-0.7141865777146285],"radius":1.3801148624534678},"confidence":0.9997094225447613,"timestamp":75048.117431,"diameter_3d":2.7602297249069356,"ellipse":{"center":[118.67189712954143,102.61230583603827],"axes":[20.667380465716487,29.13844730116014],"angle":-61.74520951121673},"norm_pos":[0.370849678529817,0.5724487256831738],"diameter":29.13844730116014,"sphere":{"center":[-0.5010878884279936,-9.303572145535401,67.46148810285005],"radius":12.0},"projected_sphere":{"center":[155.39478746226723,34.496183045386175],"axes":[220.5702900789015,220.5702900789015],"angle":90.0},"model_confidence":0.6613942978891507,"model_id":169,"model_birth_timestamp":75032.850243,"theta":2.2639060612928943,"phi":-1.9514987611404384,"method":"3d c++","id":1}
1947954,1947952,1,75048.125831,118,137,{"topic":"pupil.1","circle_3d":{"center":[-3.9237119841528187,-1.642365736294435,58.88293573928842],"normal":[-0.28521867464373546,0.6384338674367472,-0.7148793636301364],"radius":1.3660962339592762},"confidence":0.9990880503422449,"timestamp":75048.125831,"diameter_3d":2.7321924679185523,"ellipse":{"center":[118.74298477680334,102.55002866574958],"axes":[20.48385066205147,28.846354564254113],"angle":-61.76799581834271},"norm_pos":[0.37107182742751044,0.5727082138927101],"diameter":28.846354564254113,"sphere":{"center":[-0.5010878884279936,-9.303572145535401,67.46148810285005],"radius":12.0},"projected_sphere":{"center":[155.39478746226723,34.496183045386175],"axes":[220.5702900789015,220.5702900789015],"angle":90.0},"model_confidence":0.6611236557405586,"model_id":169,"model_birth_timestamp":75032.850243,"theta":2.2632580781325067,"phi":-1.950418385515242,"method":"3d c++","id":1}
1947958,1947952,1,75048.134231,118,137,{"topic":"pupil.1","circle_3d":{"center":[-3.93020661433,-1.6459859936437535,58.88229705182284],"normal":[-0.2857598938251672,0.638132179324304,-0.7149325875856012],"radius":1.3751581870455893},"confidence":0.9995075896339045,"timestamp":75048.134231,"diameter_3d":2.7503163740911787,"ellipse":{"center":[118.67503359116745,102.50968112726152],"axes":[20.62032241289175,29.038321215320938],"angle":-61.710388875342005},"norm_pos":[0.37085947997239826,0.5728763286364104],"diameter":29.038321215320938,"sphere":{"center":[-0.5010878884279936,-9.303572145535401,67.46148810285005],"radius":12.0},"projected_sphere":{"center":[155.39478746226723,34.496183045386175],"axes":[220.5702900789015,220.5702900789015],"angle":90.0},"model_confidence":0.6609989240307534,"model_id":169,"model_birth_timestamp":75032.850243,"theta":2.2628661744947216,"phi":-1.9510456708500055,"method":"3d c++","id":1}
1947967,1947964,1,75048.142631,118,137,{"topic":"pupil.1","circle_3d":{"center":[-3.9431136749472637,-1.638881617561693,58.893817614594425],"normal":[-0.2868354822099392,0.6387242106644757,-0.7139725406879693],"radius":1.3828093150016825},"confidence":0.9994675865434458,"timestamp":75048.142631,"diameter_3d":2.765618630003365,"ellipse":{"center":[118.54797881392923,102.58622386692636],"axes":[20.697350318490933,29.194466711378627],"angle":-61.65693690589106},"norm_pos":[0.37046243379352883,0.5725574005544736],"diameter":29.194466711378627,"sphere":{"center":[-0.5010878884279936,-9.303572145535401,67.46148810285005],"radius":12.0},"projected_sphere":{"center":[155.39478746226723,34.496183045386175],"axes":[220.5702900789015,220.5702900789015],"angle":90.0},"model_confidence":0.6608523956117884,"model_id":169,"model_birth_timestamp":75032.850243,"theta":2.2636353646995526,"phi":-1.952806812591646,"method":"3d c++","id":1}
1947975,1947969,1,75048.151031,118,137,{"topic":"pupil.1","circle_3d":{"center":[-3.950942315451033,-1.6237770644991176,58.910508513022904],"normal":[-0.28748786891858663,0.6399829234196903,-0.7125816324855956],"radius":1.3735327861893363},"confidence":0.99923092169516,"timestamp":75048.151031,"diameter_3d":2.7470655723786725,"ellipse":{"center":[118.47648717555356,102.75233890099511],"axes":[20.50646585000509,28.990311764877305],"angle":-61.67056923334377},"norm_pos":[0.37023902242360485,0.571865254579187],"diameter":28.990311764877305,"sphere":{"center":[-0.5010878884279936,-9.303572145535401,67.46148810285005],"radius":12.0},"projected_sphere":{"center":[155.39478746226723,34.496183045386175],"axes":[220.5702900789015,220.5702900789015],"angle":90.0},"model_confidence":0.6606385075310639,"model_id":169,"model_birth_timestamp":75032.850243,"theta":2.2652723683455864,"phi":-1.9542694482387466,"method":"3d c++","id":1}
1947989,1947987,1,75048.159431,118,137,{"topic":"pupil.1","circle_3d":{"center":[-3.9534619838434457,-1.6028364060938411,58.930381364765495],"normal":[-0.287697841284621,0.6417279782867967,-0.7109255615070467],"radius":1.3780266876757419},"confidence":0.9997600166212182,"timestamp":75048.159431,"diameter_3d":2.7560533753514838,"ellipse":{"center":[118.46417310563795,102.97746337426912],"axes":[20.513032445136655,29.07509176277197],"angle":-61.74300977491754},"norm_pos":[0.3702005409551186,0.5709272359405453],"diameter":29.07509176277197,"sphere":{"center":[-0.5010878884279936,-9.303572145535401,67.46148810285005],"radius":12.0},"projected_sphere":{"center":[155.39478746226723,34.496183045386175],"axes":[220.5702900789015,220.5702900789015],"angle":90.0},"model_confidence":0.6605992261976334,"model_id":169,"model_birth_timestamp":75032.850243,"theta":2.267545578428137,"phi":-1.9553312508250305,"method":"3d c++","id":1}
1947995,1947991,1,75048.167831,118,137,{"topic":"pupil.1","circle_3d":{"center":[-3.9886688105365664,-1.6124073383267996,58.93606944919438],"normal":[-0.29063174350904775,0.6409304006007168,-0.7104515544713065],"radius":1.395414978959845},"confidence":0.9998854251221961,"timestamp":75048.167831,"diameter_3d":2.79082995791969,"ellipse":{"center":[118.09984049940792,102.87466027009769],"axes":[20.74686690614526,29.44041482180441],"angle":-61.47603982861929},"norm_pos":[0.3690620015606497,0.5713555822079263],"diameter":29.44041482180441,"sphere":{"center":[-0.5010878884279936,-9.303572145535401,67.46148810285005],"radius":12.0},"projected_sphere":{"center":[155.39478746226723,34.496183045386175],"axes":[220.5702900789015,220.5702900789015],"angle":90.0},"model_confidence":0.660588409618601,"model_id":169,"model_birth_timestamp":75032.850243,"theta":2.266506071969441,"phi":-1.9591059670054352,"method":"3d c++","id":1}
1948003,1948003,1,75048.176231,117,137,{"topic":"pupil.1","circle_3d":{"center":[-4.013940669705612,-1.6224245020494745,58.93741418153516],"normal":[-0.29273773177313483,0.6400956369571605,-0.710339493442908],"radius":1.385183270902264},"confidence":0.9994134274211821,"timestamp":75048.176231,"diameter_3d":2.770366541804528,"ellipse":{"center":[117.83449075759975,102.7722577272029],"axes":[20.58500624715686,29.224721450877645],"angle":-61.27152870990261},"norm_pos":[0.3682327836174992,0.571782259469988],"diameter":29.224721450877645,"sphere":{"center":[-0.5010878884279936,-9.303572145535401,67.46148810285005],"radius":12.0},"projected_sphere":{"center":[155.39478746226723,34.496183045386175],"axes":[220.5702900789015,220.5702900789015],"angle":90.0},"model_confidence":0.6604167798370031,"model_id":169,"model_birth_timestamp":75032.850243,"theta":2.2654190654023867,"phi":-1.9616982380988106,"method":"3d c++","id":1}
1948013,1948003,1,75048.184631,117,137,{"topic":"pupil.1","circle_3d":{"center":[-4.031706741454755,-1.6320240499097913,58.93610949945918],"normal":[-0.29421823775223016,0.6392956746354675,-0.71044821694924],"radius":1.365034547339594},"confidence":0.9993499277102377,"timestamp":75048.184631,"diameter_3d":2.730069094679188,"ellipse":{"center":[117.6452520603168,102.67566196693707],"axes":[20.28543005011406,28.800814953882117],"angle":-61.11698714779715},"norm_pos":[0.36764141268849004,0.5721847418044288],"diameter":28.800814953882117,"sphere":{"center":[-0.5010878884279936,-9.303572145535401,67.46148810285005],"radius":12.0},"projected_sphere":{"center":[155.39478746226723,34.496183045386175],"axes":[220.5702900789015,220.5702900789015],"angle":90.0},"model_confidence":0.6602260717605946,"model_id":169,"model_birth_timestamp":75032.850243,"theta":2.2643782991050143,"phi":-1.9634244631166107,"method":"3d c++","id":1}
1948022,1948020,1,75048.193031,117,137,{"topic":"pupil.1","circle_3d":{"center":[-4.0447385090643655,-1.6353835168954296,58.93849429583247],"normal":[-0.29530421838636434,0.639015719053331,-0.7102494839181319],"radius":1.3711939747308368},"confidence":0.999068323235633,"timestamp":75048.193031,"diameter_3d":2.7423879494616736,"ellipse":{"center":[117.51060019050286,102.63971876089258],"axes":[20.36698074006957,28.930067198897525],"angle":-61.01946368366629},"norm_pos":[0.3672206255953214,0.5723345051629476],"diameter":28.930067198897525,"sphere":{"center":[-0.5010878884279936,-9.303572145535401,67.46148810285005],"radius":12.0},"projected_sphere":{"center":[155.39478746226723,34.496183045386175],"axes":[220.5702900789015,220.5702900789015],"angle":90.0},"model_confidence":0.6600089708122314,"model_id":169,"model_birth_timestamp":75032.850243,"theta":2.264014284248784,"phi":-1.9648277298914518,"method":"3d c++","id":1}
1948026,1948020,1,75048.201431,117,137,{"topic":"pupil.1","circle_3d":{"center":[-4.0610057030741284,-1.6465032319038144,58.93527670476345],"normal":[-0.2966598178871779,0.6380890761359655,-0.7105176165072168],"radius":1.367765601965585},"confidence":0.9984067405699881,"timestamp":75048.201431,"diameter_3d":2.73553120393117,"ellipse":{"center":[117.3371684739081,102.52270182960473],"axes":[20.322060468558753,28.859948537579683],"angle":-60.86798505953416},"norm_pos":[0.3666786514809628,0.5728220757099802],"diameter":28.859948537579683,"sphere":{"center":[-0.5010878884279936,-9.303572145535401,67.46148810285005],"radius":12.0},"projected_sphere":{"center":[155.39478746226723,34.496183045386175],"axes":[220.5702900789015,220.5702900789015],"angle":90.0},"model_confidence":0.6597539512783079,"model_id":169,"model_birth_timestamp":75032.850243,"theta":2.2628101923068127,"phi":-1.9663197231438558,"method":"3d c++","id":1}
1948036,1948032,1,75048.209831,117,137,{"topic":"pupil.1","circle_3d":{"center":[-4.073358781809959,-1.6279028702275413,58.957196137001816],"normal":[-0.29768924111516376,0.639639106275655,-0.7086909971540201],"radius":1.354621243074008},"confidence":0.9986000822141444,"timestamp":75048.209831,"diameter_3d":2.709242486148016,"ellipse":{"center":[117.2219465764311,102.72789577745695],"axes":[20.05902001086938,28.571922027020403],"angle":-60.87001825989992},"norm_pos":[0.3663185830513472,0.5719671009272627],"diameter":28.571922027020403,"sphere":{"center":[-0.5010878884279936,-9.303572145535401,67.46148810285005],"radius":12.0},"projected_sphere":{"center":[155.39478746226723,34.496183045386175],"axes":[220.5702900789015,220.5702900789015],"angle":90.0},"model_confidence":0.6593878029049649,"model_id":169,"model_birth_timestamp":75032.850243,"theta":2.2648249998200907,"phi":-1.968471123345158,"method":"3d c++","id":1}
1948044,1948043,1,75048.218231,117,137,{"topic":"pupil.1","circle_3d":{"center":[-4.065132301171895,-1.6128321335841802,58.96736628287587],"normal":[-0.29700370106199175,0.6408950009959351,-0.7078434849978484],"radius":1.367283852121228},"confidence":0.9995487659753474,"timestamp":75048.218231,"diameter_3d":2.734567704242456,"ellipse":{"center":[117.31664758731847,102.88640386266518],"axes":[20.21804876282815,28.833604129782596],"angle":-60.98695814333334},"norm_pos":[0.36661452371037023,0.5713066505722284],"diameter":28.833604129782596,"sphere":{"center":[-0.5010878884279936,-9.303572145535401,67.46148810285005],"radius":12.0},"projected_sphere":{"center":[155.39478746226723,34.496183045386175],"axes":[220.5702900789015,220.5702900789015],"angle":90.0},"model_confidence":0.6592914999363986,"model_id":169,"model_birth_timestamp":75032.850243,"theta":2.26645995554231,"phi":-1.9680753297914784,"method":"3d c++","id":1}
1948051,1948049,1,75048.226631,117,136,{"topic":"pupil.1","circle_3d":{"center":[-4.087915852899738,-1.57646098770788,59.01007293686389],"normal":[-0.2989023303726454,0.6439259298189601,-0.7042845971655135],"radius":1.3670989463775634},"confidence":0.9433149766039571,"timestamp":75048.226631,"diameter_3d":2.7341978927551267,"ellipse":{"center":[117.10802222870376,103.28119335217147],"axes":[20.08276548852807,28.80884428021375],"angle":-60.998857700027315},"norm_pos":[0.36596256946469924,0.5696616943659523],"diameter":28.80884428021375,"sphere":{"center":[-0.5010878884279936,-9.303572145535401,67.46148810285005],"radius":12.0},"projected_sphere":{"center":[155.39478746226723,34.496183045386175],"axes":[220.5702900789015,220.5702900789015],"angle":90.0},"model_confidence":0.6586039774039598,"model_id":169,"model_birth_timestamp":75032.850243,"theta":2.2704149271089764,"phi":-1.9721634083998798,"method":"3d c++","id":1}
1948058,1948055,1,75048.235031,117,136,{"topic":"pupil.1","circle_3d":{"center":[-4.081234718487898,-1.5343944356008308,59.045881981680424],"normal":[-0.29834556917165866,0.6474314758278809,-0.7013005100974696],"radius":1.3796224110744564},"confidence":0.9996477978495553,"timestamp":75048.235031,"diameter_3d":2.7592448221489128,"ellipse":{"center":[117.20472210776893,103.73018588797898],"axes":[20.160520340008546,29.054270675951813],"angle":-61.21946484217489},"norm_pos":[0.36626475658677793,0.5677908921334209],"diameter":29.054270675951813,"sphere":{"center":[-0.5010878884279936,-9.303572145535401,67.46148810285005],"radius":12.0},"projected_sphere":{"center":[155.39478746226723,34.496183045386175],"axes":[220.5702900789015,220.5702900789015],"angle":90.0},"model_confidence":0.6586361981141486,"model_id":169,"model_birth_timestamp":75032.850243,"theta":2.2750056990416585,"phi":-1.973020619079741,"method":"3d c++","id":1}
1948073,1948067,1,75048.243431,117,135,{"topic":"pupil.1","circle_3d":{"center":[-4.072253409858681,-1.4918303961770434,59.08154373192036],"normal":[-0.2975971267858906,0.6509784791131965,-0.6983286975774747],"radius":1.3757681497721848},"confidence":0.9997834963572545,"timestamp":75048.243431,"diameter_3d":2.7515362995443695,"ellipse":{"center":[117.32390176575402,104.18755370519847],"axes":[19.999163538708384,28.95461142315355],"angle":-61.454620945955014},"norm_pos":[0.3666371930179813,0.5658851928950064],"diameter":28.95461142315355,"sphere":{"center":[-0.5010878884279936,-9.303572145535401,67.46148810285005],"radius":12.0},"projected_sphere":{"center":[155.39478746226723,34.496183045386175],"axes":[220.5702900789015,220.5702900789015],"angle":90.0},"model_confidence":0.6585987297430651,"model_id":169,"model_birth_timestamp":75032.850243,"theta":2.279669057660884,"phi":-1.9736459057806948,"method":"3d c++","id":1}
1948084,1948082,1,75048.251831,117,135,{"topic":"pupil.1","circle_3d":{"center":[-4.076611245490193,-1.4571426821698603,59.11587983265598],"normal":[-0.2979602797551833,0.6538691219471284,-0.6954673558495066],"radius":1.3574575383222292},"confidence":0.9986994899165685,"timestamp":75048.251831,"diameter_3d":2.7149150766444583,"ellipse":{"center":[117.30112722029328,104.56480323932331],"axes":[19.630375128696972,28.55208460646947],"angle":-61.57179142799487},"norm_pos":[0.3665660225634165,0.5643133198361528],"diameter":28.55208460646947,"sphere":{"center":[-0.5010878884279936,-9.303572145535401,67.46148810285005],"radius":12.0},"projected_sphere":{"center":[155.39478746226723,34.496183045386175],"axes":[220.5702900789015,220.5702900789015],"angle":90.0},"model_confidence":0.6582759528041882,"model_id":169,"model_birth_timestamp":75032.850243,"theta":2.2834833111001607,"phi":-1.9755700826600773,"method":"3d c++","id":1}
1948091,1948088,1,75048.260231,117,135,{"topic":"pupil.1","circle_3d":{"center":[-4.079117774436119,-1.4403942255929918,59.1327345866171],"normal":[-0.29816915716734377,0.6552648266618675,-0.6940627930194131],"radius":1.374449917243566},"confidence":0.9992225825355338,"timestamp":75048.260231,"diameter_3d":2.748899834487132,"ellipse":{"center":[117.28827385058301,104.74101937549537],"axes":[19.82526935724894,28.901142504255223],"angle":-61.62542562169344},"norm_pos":[0.3665258557830719,0.5635790859354359],"diameter":28.901142504255223,"sphere":{"center":[-0.5010878884279936,-9.303572145535401,67.46148810285005],"radius":12.0},"projected_sphere":{"center":[155.39478746226723,34.496183045386175],"axes":[220.5702900789015,220.5702900789015],"angle":90.0},"model_confidence":0.6580695855883278,"model_id":169,"model_birth_timestamp":75032.850243,"theta":2.2853294723960773,"phi":-1.97655648885987,"method":"3d c++","id":1}
1948095,1948094,1,75048.268631,117,135,{"topic":"pupil.1","circle_3d":{"center":[-4.0686831083399175,-1.4208189615877052,59.14677424199928],"normal":[-0.297299601659327,0.656896098662308,-0.6928928217375647],"radius":1.3771591093985405},"confidence":0.9991039612467869,"timestamp":75048.268631,"diameter_3d":2.754318218797081,"ellipse":{"center":[117.40768157788813,104.9491795654826],"axes":[19.82454701428375,28.950638586649173],"angle":-61.77109628964061},"norm_pos":[0.3668990049309004,0.5627117518104892],"diameter":28.950638586649173,"sphere":{"center":[-0.5010878884279936,-9.303572145535401,67.46148810285005],"radius":12.0},"projected_sphere":{"center":[155.39478746226723,34.496183045386175],"axes":[220.5702900789015,220.5702900789015],"angle":90.0},"model_confidence":0.6578565131596048,"model_id":169,"model_birth_timestamp":75032.850243,"theta":2.2874909837312893,"phi":-1.9761093397750875,"method":"3d c++","id":1}
1948103,1948099,1,75048.277031,117,135,{"topic":"pupil.1","circle_3d":{"center":[-4.08318116250186,-1.419870410960554,59.153909951782424],"normal":[-0.2985077728394888,0.656975144547904,-0.6922981792556361],"radius":1.3780942358461572},"confidence":0.9992397243835145,"timestamp":75048.277031,"diameter_3d":2.7561884716923144,"ellipse":{"center":[117.26109576345617,104.96085203828636],"axes":[19.813497084475703,28.96719107674775],"angle":-61.68473304264958},"norm_pos":[0.36644092426080055,0.5626631165071402],"diameter":28.96719107674775,"sphere":{"center":[-0.5010878884279936,-9.303572145535401,67.46148810285005],"radius":12.0},"projected_sphere":{"center":[155.39478746226723,34.496183045386175],"axes":[220.5702900789015,220.5702900789015],"angle":90.0},"model_confidence":0.6576367726892407,"model_id":169,"model_birth_timestamp":75032.850243,"theta":2.287595826538232,"phi":-1.9778930434617301,"method":"3d c++","id":1}
1948111,1948110,1,75048.285431,117,135,{"topic":"pupil.1","circle_3d":{"center":[-4.087920112501074,-1.4351605994734449,59.14146801043743],"normal":[-0.2989026853394234,0.6557009621718297,-0.6933350077010524],"radius":1.3715726453119252},"confidence":0.9986321736434546,"timestamp":75048.285431,"diameter_3d":2.7431452906238505,"ellipse":{"center":[117.20210487441673,104.79888254784316],"axes":[19.755781509955142,28.836519452396594],"angle":-61.59224206667815},"norm_pos":[0.36625657773255227,0.5633379893839868],"diameter":28.836519452396594,"sphere":{"center":[-0.5010878884279936,-9.303572145535401,67.46148810285005],"radius":12.0},"projected_sphere":{"center":[155.39478746226723,34.496183045386175],"axes":[220.5702900789015,220.5702900789015],"angle":90.0},"model_confidence":0.6572545828135268,"model_id":169,"model_birth_timestamp":75032.850243,"theta":2.285906974703855,"phi":-1.9778296159867526,"method":"3d c++","id":1}
1948118,1948116,1,75048.293831,117,135,{"topic":"pupil.1","circle_3d":{"center":[-4.096379706227347,-1.4514085944698252,59.12977733541565],"normal":[-0.2996076514832794,0.654346962588798,-0.6943092306195331],"radius":1.3795317439171482},"confidence":0.9990475678179651,"timestamp":75048.293831,"diameter_3d":2.7590634878342963,"ellipse":{"center":[117.10588551576623,104.62372821270964],"axes":[19.903737221261757,29.01014442256915],"angle":-61.472303822137405},"norm_pos":[0.3659558922367695,0.5640677991137099],"diameter":29.01014442256915,"sphere":{"center":[-0.5010878884279936,-9.303572145535401,67.46148810285005],"radius":12.0},"projected_sphere":{"center":[155.39478746226723,34.496183045386175],"axes":[220.5702900789015,220.5702900789015],"angle":90.0},"model_confidence":0.6569768313454905,"model_id":169,"model_birth_timestamp":75032.850243,"theta":2.2841150402828214,"phi":-1.9781756751390935,"method":"3d c++","id":1}
1948128,1948128,1,75048.302231,117,135,{"topic":"pupil.1","circle_3d":{"center":[-4.089760017031795,-1.4616367740152327,59.1172995873452],"normal":[-0.29905601071698346,0.6534946142933474,-0.6953490429587377],"radius":1.367294402378273},"confidence":0.9989167555552854,"timestamp":75048.302231,"diameter_3d":2.734588804756546,"ellipse":{"center":[117.16526790970156,104.51591900588357],"axes":[19.765642511490988,28.75879184594805],"angle":-61.47107425388728},"norm_pos":[0.36614146221781735,0.5645170041421518],"diameter":28.75879184594805,"sphere":{"center":[-0.5010878884279936,-9.303572145535401,67.46148810285005],"radius":12.0},"projected_sphere":{"center":[155.39478746226723,34.496183045386175],"axes":[220.5702900789015,220.5702900789015],"angle":90.0},"model_confidence":0.6566570931606397,"model_id":169,"model_birth_timestamp":75032.850243,"theta":2.282988434276968,"phi":-1.9769622565987464,"method":"3d c++","id":1}
1948139,1948133,1,75048.310631,117,135,{"topic":"pupil.1","circle_3d":{"center":[-4.094999470521816,-1.471799339247812,59.11001312828502],"normal":[-0.2994926318411519,0.6526477338572991,-0.6959562478804199],"radius":1.3678761521037526},"confidence":0.9988267419113237,"timestamp":75048.310631,"diameter_3d":2.735752304207505,"ellipse":{"center":[117.10525117477368,104.40730589603817],"axes":[19.79462095206213,28.774893322995336],"angle":-61.39610047559404},"norm_pos":[0.3659539099211678,0.5649695587665076],"diameter":28.774893322995336,"sphere":{"center":[-0.5010878884279936,-9.303572145535401,67.46148810285005],"radius":12.0},"projected_sphere":{"center":[155.39478746226723,34.496183045386175],"axes":[220.5702900789015,220.5702900789015],"angle":90.0},"model_confidence":0.6563116995698226,"model_id":169,"model_birth_timestamp":75032.850243,"theta":2.2818701397387846,"phi":-1.977175013899067,"method":"3d c++","id":1}
1948143,1948139,1,75048.319031,116,135,{"topic":"pupil.1","circle_3d":{"center":[-4.115488435151895,-1.4830481121022565,59.10831430300987],"normal":[-0.3012000455603251,0.6517103361194287,-0.6960978166533487],"radius":1.3581215855063418},"confidence":0.9987295785895817,"timestamp":75048.319031,"diameter_3d":2.7162431710126835,"ellipse":{"center":[116.88863998799843,104.29122035372696],"axes":[19.653983810434774,28.571208944994275],"angle":-61.22154133461714},"norm_pos":[0.3652769999624951,0.5654532485261377],"diameter":28.571208944994275,"sphere":{"center":[-0.5010878884279936,-9.303572145535401,67.46148810285005],"radius":12.0},"projected_sphere":{"center":[155.39478746226723,34.496183045386175],"axes":[220.5702900789015,220.5702900789015],"angle":90.0},"model_confidence":0.6559385408481555,"model_id":169,"model_birth_timestamp":75032.850243,"theta":2.2806335730048994,"phi":-1.979169033474771,"method":"3d c++","id":1}
1948155,1948155,1,75048.32743,116,135,{"topic":"pupil.1","circle_3d":{"center":[-4.121164726460296,-1.4981839755858264,59.09662353711121],"normal":[-0.3016730698360252,0.6504490141624646,-0.6970720471449036],"radius":1.3556116461685195},"confidence":0.9987833856004295,"timestamp":75048.32743,"diameter_3d":2.711223292337039,"ellipse":{"center":[116.82057661620101,104.12989939786043],"axes":[19.65091222420309,28.524445435614812],"angle":-61.122676345664416},"norm_pos":[0.36506430192562817,0.5661254191755816],"diameter":28.524445435614812,"sphere":{"center":[-0.5010878884279936,-9.303572145535401,67.46148810285005],"radius":12.0},"projected_sphere":{"center":[155.39478746226723,34.496183045386175],"axes":[220.5702900789015,220.5702900789015],"angle":90.0},"model_confidence":0.6555810814553586,"model_id":169,"model_birth_timestamp":75032.850243,"theta":2.278971772194064,"phi":-1.9792312331854154,"method":"3d c++","id":1}
1948163,1948161,1,75048.33583,116,136,{"topic":"pupil.1","circle_3d":{"center":[-4.140548265557292,-1.5177330479198208,59.08682167908448],"normal":[-0.3032883647607748,0.6488199248012984,-0.6978888686471313],"radius":1.3625229177311327},"confidence":0.9983193617285824,"timestamp":75048.33583,"diameter_3d":2.7250458354622653,"ellipse":{"center":[116.6110349363337,103.92070809449741],"axes":[19.77598519986674,28.675536705328728],"angle":-60.91961708870386},"norm_pos":[0.3644094841760428,0.5669970496062609],"diameter":28.675536705328728,"sphere":{"center":[-0.5010878884279936,-9.303572145535401,67.46148810285005],"radius":12.0},"projected_sphere":{"center":[155.39478746226723,34.496183045386175],"axes":[220.5702900789015,220.5702900789015],"angle":90.0},"model_confidence":0.6551371764413338,"model_id":169,"model_birth_timestamp":75032.850243,"theta":2.2768289278517964,"phi":-1.980753040578892,"method":"3d c++","id":1}
1948177,1948175,1,75048.34423,116,136,{"topic":"pupil.1","circle_3d":{"center":[-4.1552144441752,-1.5270139100208642,59.08458526682324],"normal":[-0.3045105463122672,0.6480465196262114,-0.6980752363355679],"radius":1.3761459291035598},"confidence":0.9992043924496254,"timestamp":75048.34423,"diameter_3d":2.7522918582071196,"ellipse":{"center":[116.45693013623848,103.81973222011226],"axes":[19.977259688737462,28.96399313086223],"angle":-60.789157686904474},"norm_pos":[0.36392790667574526,0.567417782416199],"diameter":28.96399313086223,"sphere":{"center":[-0.5010878884279936,-9.303572145535401,67.46148810285005],"radius":12.0},"projected_sphere":{"center":[155.39478746226723,34.496183045386175],"axes":[220.5702900789015,220.5702900789015],"angle":90.0},"model_confidence":0.6549511606496639,"model_id":169,"model_birth_timestamp":75032.850243,"theta":2.275812989069166,"phi":-1.9821272895676976,"method":"3d c++","id":1}
1948179,1948177,1,75048.35263,115,136,{"topic":"pupil.1","circle_3d":{"center":[-4.215038182837464,-1.5226510531516082,59.11500140695502],"normal":[-0.30949585786745587,0.6484100910319828,-0.6955405579912528],"radius":1.3580030117132942},"confidence":0.9924307627568736,"timestamp":75048.35263,"diameter_3d":2.7160060234265884,"ellipse":{"center":[115.85095214361596,103.87843537626279],"axes":[19.610660790642484,28.56889141189669],"angle":-60.4387155949056},"norm_pos":[0.3620342254487999,0.5671731859322384],"diameter":28.56889141189669,"sphere":{"center":[-0.5010878884279936,-9.303572145535401,67.46148810285005],"radius":12.0},"projected_sphere":{"center":[155.39478746226723,34.496183045386175],"axes":[220.5702900789015,220.5702900789015],"angle":90.0},"model_confidence":0.6542708254588692,"model_id":169,"model_birth_timestamp":75032.850243,"theta":2.276290464031326,"phi":-1.9894608478036313,"method":"3d c++","id":1}
1948188,1948188,1,75048.36103,115,136,{"topic":"pupil.1","circle_3d":{"center":[-4.234042805885085,-1.5119598907139506,59.133473570276934],"normal":[-0.31107957645475764,0.6493010212351209,-0.69400121104776],"radius":1.3743852299308337},"confidence":0.9992732082277543,"timestamp":75048.36103,"diameter_3d":2.7487704598616673,"ellipse":{"center":[115.66698918329138,103.99206756721108],"axes":[19.78792259272241,28.904932718062373],"angle":-60.367945704657075},"norm_pos":[0.36145934119778556,0.5666997184699538],"diameter":28.904932718062373,"sphere":{"center":[-0.5010878884279936,-9.303572145535401,67.46148810285005],"radius":12.0},"projected_sphere":{"center":[155.39478746226723,34.496183045386175],"axes":[220.5702900789015,220.5702900789015],"angle":90.0},"model_confidence":0.6540738567756499,"model_id":169,"model_birth_timestamp":75032.850243,"theta":2.2774613363925473,"phi":-1.9921862401620778,"method":"3d c++","id":1}
1948194,1948188,1,75048.36943,115,135,{"topic":"pupil.1","circle_3d":{"center":[-4.224955615376608,-1.5075709617648076,59.13351267692341],"normal":[-0.3103223105790512,0.6496667653142162,-0.6939979521605536],"radius":1.3722497622000462},"confidence":0.9983379016645839,"timestamp":75048.36943,"diameter_3d":2.7444995244000925,"ellipse":{"center":[115.7619599942329,104.03850649828014],"axes":[19.75908789280761,28.859660848756416],"angle":-60.442303476257024},"norm_pos":[0.3617561249819778,0.5665062229238327],"diameter":28.859660848756416,"sphere":{"center":[-0.5010878884279936,-9.303572145535401,67.46148810285005],"radius":12.0},"projected_sphere":{"center":[155.39478746226723,34.496183045386175],"axes":[220.5702900789015,220.5702900789015],"angle":90.0},"model_confidence":0.6536091151361112,"model_id":169,"model_birth_timestamp":75032.850243,"theta":2.277942341057546,"phi":-1.991279017030229,"method":"3d c++","id":1}
1948205,1948202,1,75048.37783,115,135,{"topic":"pupil.1","circle_3d":{"center":[-4.230234257691043,-1.470837953154768,59.170424092234555],"normal":[-0.31076219743858746,0.6527278493650528,-0.6909220008846246],"radius":1.3753320334406094},"confidence":0.999193419788548,"timestamp":75048.37783,"diameter_3d":2.750664066881219,"ellipse":{"center":[115.73414843448433,104.43279559593282],"axes":[19.692098997414806,28.905957853491866],"angle":-60.566190109285884},"norm_pos":[0.3616692138577635,0.5648633516836132],"diameter":28.905957853491866,"sphere":{"center":[-0.5010878884279936,-9.303572145535401,67.46148810285005],"radius":12.0},"projected_sphere":{"center":[155.39478746226723,34.496183045386175],"axes":[220.5702900789015,220.5702900789015],"angle":90.0},"model_confidence":0.6534730425199808,"model_id":169,"model_birth_timestamp":75032.850243,"theta":2.281975885058817,"phi":-1.9934664428736568,"method":"3d c++","id":1}
1948212,1948206,1,75048.38623,115,135,{"topic":"pupil.1","circle_3d":{"center":[-4.2188130411645695,-1.4368180149678649,59.19754841660425],"normal":[-0.30981042939471465,0.6555628442139614,-0.6886616405204837],"radius":1.3734040473830171},"confidence":0.9989930196859464,"timestamp":75048.38623,"diameter_3d":2.7468080947660343,"ellipse":{"center":[115.87336850155637,104.79665715818388],"axes":[19.58621364449325,28.851295154655112],"angle":-60.77925318552079},"norm_pos":[0.36210427656736366,0.5633472618409006],"diameter":28.851295154655112,"sphere":{"center":[-0.5010878884279936,-9.303572145535401,67.46148810285005],"radius":12.0},"projected_sphere":{"center":[155.39478746226723,34.496183045386175],"axes":[220.5702900789015,220.5702900789015],"angle":90.0},"model_confidence":0.6531773283553366,"model_id":169,"model_birth_timestamp":75032.850243,"theta":2.2857240565531476,"phi":-1.9935448171900663,"method":"3d c++","id":1}
1948220,1948218,1,75048.39463,115,134,{"topic":"pupil.1","circle_3d":{"center":[-4.214414671108929,-1.3894774576476507,59.24088535875815],"normal":[-0.3094438985567446,0.6595078906573125,-0.6850502286743254],"radius":1.3537037303632804},"confidence":0.9976081073499478,"timestamp":75048.39463,"diameter_3d":2.707407460726561,"ellipse":{"center":[115.94943150365002,105.30774753346276],"axes":[19.178915142488826,28.415611941976465],"angle":-61.0036458964415},"norm_pos":[0.3623419734489063,0.5612177186105718],"diameter":28.415611941976465,"sphere":{"center":[-0.5010878884279936,-9.303572145535401,67.46148810285005],"radius":12.0},"projected_sphere":{"center":[155.39478746226723,34.496183045386175],"axes":[220.5702900789015,220.5702900789015],"angle":90.0},"model_confidence":0.652470827667595,"model_id":169,"model_birth_timestamp":75032.850243,"theta":2.29096023555371,"phi":-1.995071209969073,"method":"3d c++","id":1}
1948227,1948223,1,75048.40303,115,134,{"topic":"pupil.1","circle_3d":{"center":[-4.21614498558853,-1.3556707454973989,59.274350990274556],"normal":[-0.3095880914300447,0.6623251166698335,-0.6822614260479584],"radius":1.3633677010917433},"confidence":0.9982050634526872,"timestamp":75048.40303,"diameter_3d":2.7267354021834866,"ellipse":{"center":[115.9566412244324,105.66763337402375],"axes":[19.216740759027353,28.60184780541698],"angle":-61.132896617672344},"norm_pos":[0.36236450382635127,0.559718194274901],"diameter":28.60184780541698,"sphere":{"center":[-0.5010878884279936,-9.303572145535401,67.46148810285005],"radius":12.0},"projected_sphere":{"center":[155.39478746226723,34.496183045386175],"axes":[220.5702900789015,220.5702900789015],"angle":90.0},"model_confidence":0.651966447640262,"model_id":169,"model_birth_timestamp":75032.850243,"theta":2.294714244572042,"phi":-1.996778924056519,"method":"3d c++","id":1}
1948239,1948239,1,75048.41143,116,133,{"topic":"pupil.1","circle_3d":{"center":[-4.207950926543745,-1.313988260247383,59.311290819557016],"normal":[-0.3089052531763126,0.6657986571073349,-0.6791831069410866],"radius":1.3678163689217846},"confidence":0.9989794256003193,"timestamp":75048.41143,"diameter_3d":2.735632737843569,"ellipse":{"center":[116.06952975364524,106.11137041018364],"axes":[19.171958653450744,28.676419487571433],"angle":-61.35330623083024},"norm_pos":[0.3627172804801414,0.5578692899575681],"diameter":28.676419487571433,"sphere":{"center":[-0.5010878884279936,-9.303572145535401,67.46148810285005],"radius":12.0},"projected_sphere":{"center":[155.39478746226723,34.496183045386175],"axes":[220.5702900789015,220.5702900789015],"angle":90.0},"model_confidence":0.6518784744678374,"model_id":169,"model_birth_timestamp":75032.850243,"theta":2.299360031608435,"phi":-1.9976503454653227,"method":"3d c++","id":1}
1948249,1948245,1,75048.41983,115,133,{"topic":"pupil.1","circle_3d":{"center":[-4.225942341354329,-1.2934437012483748,59.33970864200906],"normal":[-0.31040453774386123,0.6675107036905856,-0.6768149550700833],"radius":1.3773103146824588},"confidence":0.998684351848737,"timestamp":75048.41983,"diameter_3d":2.7546206293649176,"ellipse":{"center":[115.90331869048626,106.33080016045237],"axes":[19.216607744059758,28.8618327844073],"angle":-61.328384026541215},"norm_pos":[0.36219787090776956,0.5569549993314484],"diameter":28.8618327844073,"sphere":{"center":[-0.5010878884279936,-9.303572145535401,67.46148810285005],"radius":12.0},"projected_sphere":{"center":[155.39478746226723,34.496183045386175],"axes":[220.5702900789015,220.5702900789015],"angle":90.0},"model_confidence":0.6516528229607133,"model_id":169,"model_birth_timestamp":75032.850243,"theta":2.301656951812337,"phi":-2.0007999528168514,"method":"3d c++","id":1}
1948255,1948255,1,75048.42823,115,133,{"topic":"pupil.1","circle_3d":{"center":[-4.2412044038959635,-1.2904993891247099,59.3496329851108],"normal":[-0.3116763762889975,0.6677560630342243,-0.6759879264782711],"radius":1.3661715706130457},"confidence":0.998952370204578,"timestamp":75048.42823,"diameter_3d":2.7323431412260915,"ellipse":{"center":[115.75045197047604,106.36649314904932],"axes":[19.028530918045526,28.6239190491664],"angle":-61.24863269020011},"norm_pos":[0.36172016240773763,0.5568062785456278],"diameter":28.6239190491664,"sphere":{"center":[-0.5010878884279936,-9.303572145535401,67.46148810285005],"radius":12.0},"projected_sphere":{"center":[155.39478746226723,34.496183045386175],"axes":[220.5702900789015,220.5702900789015],"angle":90.0},"model_confidence":0.6513953629780689,"model_id":169,"model_birth_timestamp":75032.850243,"theta":2.3019865187371433,"phi":-2.0028161585490962,"method":"3d c++","id":1}
1948266,1948262,1,75048.43663,115,133,{"topic":"pupil.1","circle_3d":{"center":[-4.2341925454775104,-1.28069842861734,59.35609317466176],"normal":[-0.31109205475412643,0.6685728097431718,-0.6754495773490247],"radius":1.3570332653452124},"confidence":0.9977236138242231,"timestamp":75048.43663,"diameter_3d":2.714066530690425,"ellipse":{"center":[115.82757359844493,106.47236053951431],"axes":[18.88375611530507,28.42896000420476],"angle":-61.33061517318711},"norm_pos":[0.3619611674951404,0.5563651644186904],"diameter":28.42896000420476,"sphere":{"center":[-0.5010878884279936,-9.303572145535401,67.46148810285005],"radius":12.0},"projected_sphere":{"center":[155.39478746226723,34.496183045386175],"axes":[220.5702900789015,220.5702900789015],"angle":90.0},"model_confidence":0.6507964191453497,"model_id":169,"model_birth_timestamp":75032.850243,"theta":2.3030842766451465,"phi":-2.0024057146828116,"method":"3d c++","id":1}
1948272,1948272,1,75048.44503,115,133,{"topic":"pupil.1","circle_3d":{"center":[-4.256551050728391,-1.3029855995056785,59.34440048744926],"normal":[-0.31295526352503317,0.6667155455024769,-0.6764239679500659],"radius":1.3636232056255455},"confidence":0.9991717468126334,"timestamp":75048.44503,"diameter_3d":2.727246411251091,"ellipse":{"center":[115.58630533779852,106.23549733930996],"axes":[19.005096961563638,28.573641766302853],"angle":-61.10559644050048},"norm_pos":[0.36120720418062036,0.5573520944195418],"diameter":28.573641766302853,"sphere":{"center":[-0.5010878884279936,-9.303572145535401,67.46148810285005],"radius":12.0},"projected_sphere":{"center":[155.39478746226723,34.496183045386175],"axes":[220.5702900789015,220.5702900789015],"angle":90.0},"model_confidence":0.6506202321695964,"model_id":169,"model_birth_timestamp":75032.850243,"theta":2.3005895627849635,"phi":-2.0041294505328757,"method":"3d c++","id":1}
1948279,1948278,1,75048.45343,115,133,{"topic":"pupil.1","circle_3d":{"center":[-4.243661732807557,-1.314910293664104,59.32672179792019],"normal":[-0.31188115369829694,0.6657218209892748,-0.6778971920774884],"radius":1.3573396399457762},"confidence":0.9983869426048276,"timestamp":75048.45343,"diameter_3d":2.7146792798915524,"ellipse":{"center":[115.70726196421795,106.10800293185649],"axes":[18.972077386015375,28.45026874736978],"angle":-61.13421418612742},"norm_pos":[0.3615851936381811,0.5578833211172647],"diameter":28.45026874736978,"sphere":{"center":[-0.5010878884279936,-9.303572145535401,67.46148810285005],"radius":12.0},"projected_sphere":{"center":[155.39478746226723,34.496183045386175],"axes":[220.5702900789015,220.5702900789015],"angle":90.0},"model_confidence":0.6501725811589032,"model_id":169,"model_birth_timestamp":75032.850243,"theta":2.2992570570083295,"phi":-2.0019940491950345,"method":"3d c++","id":1}
1948286,1948282,1,75048.46183,115,134,{"topic":"pupil.1","circle_3d":{"center":[-4.239040379384195,-1.333447569030291,59.306439028175916],"normal":[-0.3114960409130168,0.6641770480420925,-0.6795874228895117],"radius":1.3697543225918192},"confidence":0.9992602230959814,"timestamp":75048.46183,"diameter_3d":2.7395086451836383,"ellipse":{"center":[115.7416287073826,105.90657716483855],"axes":[19.206746399938098,28.720564647525194],"angle":-61.085956223430145},"norm_pos":[0.3616925897105706,0.558722595146506],"diameter":28.720564647525194,"sphere":{"center":[-0.5010878884279936,-9.303572145535401,67.46148810285005],"radius":12.0},"projected_sphere":{"center":[155.39478746226723,34.496183045386175],"axes":[220.5702900789015,220.5702900789015],"angle":90.0},"model_confidence":0.6499916548898033,"model_id":169,"model_birth_timestamp":75032.850243,"theta":2.2971887775675546,"phi":-2.0005810682785974,"method":"3d c++","id":1}
1948296,1948294,1,75048.47023,116,133,{"topic":"pupil.1","circle_3d":{"center":[-4.1953071713973875,-1.2941579234385134,59.32502525292509],"normal":[-0.30785160691411617,0.6674511851747407,-0.678038570827081],"radius":1.3466990231061136},"confidence":0.9989391962889449,"timestamp":75048.47023,"diameter_3d":2.693398046212227,"ellipse":{"center":[116.20975518538238,106.32648866997835],"axes":[18.838497016563842,28.226378475641322],"angle":-61.51044656761559},"norm_pos":[0.36315548495431993,0.5569729638750902],"diameter":28.226378475641322,"sphere":{"center":[-0.5010878884279936,-9.303572145535401,67.46148810285005],"radius":12.0},"projected_sphere":{"center":[155.39478746226723,34.496183045386175],"axes":[220.5702900789015,220.5702900789015],"angle":90.0},"model_confidence":0.6497436403649526,"model_id":169,"model_birth_timestamp":75032.850243,"theta":2.3015770211550057,"phi":-1.9969986906811161,"method":"3d c++","id":1}
1948303,1948300,1,75048.47863,116,132,{"topic":"pupil.1","circle_3d":{"center":[-4.173167649470352,-1.2139577615822397,59.39464427471744],"normal":[-0.30600664675352984,0.6741345319960967,-0.6722369856777178],"radius":1.3548669864663052},"confidence":0.9985897400496224,"timestamp":75048.47863,"diameter_3d":2.7097339729326104,"ellipse":{"center":[116.49171367296555,107.17805690718993],"axes":[18.75376475277258,28.362482971985163],"angle":-61.9658592429613},"norm_pos":[0.36403660522801734,0.5534247628867086],"diameter":28.362482971985163,"sphere":{"center":[-0.5010878884279936,-9.303572145535401,67.46148810285005],"radius":12.0},"projected_sphere":{"center":[155.39478746226723,34.496183045386175],"axes":[220.5702900789015,220.5702900789015],"angle":90.0},"model_confidence":0.6493880802715735,"model_id":169,"model_birth_timestamp":75032.850243,"theta":2.3105886468740673,"phi":-1.997971537854337,"method":"3d c++","id":1}
1948311,1948311,1,75048.48703,116,131,{"topic":"pupil.1","circle_3d":{"center":[-4.1789230348494835,-1.1126911150131917,59.50014421004036],"normal":[-0.3064862622017908,0.6825734192101841,-0.663445324400808],"radius":1.3462242003397087},"confidence":0.9970404327430324,"timestamp":75048.48703,"diameter_3d":2.6924484006794174,"ellipse":{"center":[116.50709716740323,108.25850548604485],"axes":[18.326897155096727,28.130130772689654],"angle":-62.329038411015404},"norm_pos":[0.3640846786481351,0.5489228938081465],"diameter":28.130130772689654,"sphere":{"center":[-0.5010878884279936,-9.303572145535401,67.46148810285005],"radius":12.0},"projected_sphere":{"center":[155.39478746226723,34.496183045386175],"axes":[220.5702900789015,220.5702900789015],"angle":90.0},"model_confidence":0.6486346626348949,"model_id":169,"model_birth_timestamp":75032.850243,"theta":2.322074487877257,"phi":-2.00355287571541,"method":"3d c++","id":1}
1948324,1948323,1,75048.49543,116,130,{"topic":"pupil.1","circle_3d":{"center":[-4.207605487492798,-1.005152126189854,59.62580354626229],"normal":[-0.3088764665887337,0.691535001612129,-0.6529737130489801],"radius":1.3303995991366586},"confidence":0.9962657097128406,"timestamp":75048.49543,"diameter_3d":2.6607991982733172,"ellipse":{"center":[116.29832321305416,109.40584010028513],"axes":[17.746778809000702,27.739912901574744],"angle":-62.57249103266105},"norm_pos":[0.36343226004079426,0.5441423329154786],"diameter":27.739912901574744,"sphere":{"center":[-0.5010878884279936,-9.303572145535401,67.46148810285005],"radius":12.0},"projected_sphere":{"center":[155.39478746226723,34.496183045386175],"axes":[220.5702900789015,220.5702900789015],"angle":90.0},"model_confidence":0.6475511003553591,"model_id":169,"model_birth_timestamp":75032.850243,"theta":2.3344082555555214,"phi":-2.012636482613296,"method":"3d c++","id":1}
1948334,1948328,1,75048.50383,116,130,{"topic":"pupil.1","circle_3d":{"center":[-4.206632444169599,-0.9522246884559209,59.68177504923774],"normal":[-0.30879537964513376,0.6959456214232901,-0.6483094211343595],"radius":1.3241733921835863},"confidence":0.9951258489959135,"timestamp":75048.50383,"diameter_3d":2.6483467843671726,"ellipse":{"center":[116.34833384135047,109.96730968707149],"axes":[17.5052824812488,27.583376842065416],"angle":-62.77866614994775},"norm_pos":[0.3635885432542202,0.5418028763038688],"diameter":27.583376842065416,"sphere":{"center":[-0.5010878884279936,-9.303572145535401,67.46148810285005],"radius":12.0},"projected_sphere":{"center":[155.39478746226723,34.496183045386175],"axes":[220.5702900789015,220.5702900789015],"angle":90.0},"model_confidence":0.6469999437116236,"model_id":169,"model_birth_timestamp":75032.850243,"theta":2.3405322369312724,"phi":-2.0153118555618654,"method":"3d c++","id":1}
1948339,1948334,1,75048.51223,116,129,{"topic":"pupil.1","circle_3d":{"center":[-4.2138877577554625,-0.9373735798841398,59.70121499616001],"normal":[-0.30939998911062244,0.6971832138042718,-0.6466894255575034],"radius":1.3233655199940997},"confidence":0.9928264220288374,"timestamp":75048.51223,"diameter_3d":2.6467310399881994,"ellipse":{"center":[116.28703000526613,110.12515755915317],"axes":[17.438192954161405,27.55753147661875],"angle":-62.79197401356737},"norm_pos":[0.36339696876645666,0.5411451768368618],"diameter":27.55753147661875,"sphere":{"center":[-0.5010878884279936,-9.303572145535401,67.46148810285005],"radius":12.0},"projected_sphere":{"center":[155.39478746226723,34.496183045386175],"axes":[220.5702900789015,220.5702900789015],"angle":90.0},"model_confidence":0.6455540950093819,"model_id":169,"model_birth_timestamp":75032.850243,"theta":2.342257118980406,"phi":-2.017045008181064,"method":"3d c++","id":1}
1948348,1948346,1,75048.52063,116,130,{"topic":"pupil.1","circle_3d":{"center":[-4.186170548309842,-0.9547396083161566,59.66936637283919],"normal":[-0.30709022165682065,0.6957360447682703,-0.6493434775009049],"radius":1.3426496833703152},"confidence":0.99676310173669,"timestamp":75048.52063,"diameter_3d":2.6852993667406304,"ellipse":{"center":[116.55308727262926,109.93492494289434],"axes":[17.789380594293345,27.973712286795415],"angle":-62.88949037588296},"norm_pos":[0.3642283977269664,0.5419378127379402],"diameter":27.973712286795415,"sphere":{"center":[-0.5010878884279936,-9.303572145535401,67.46148810285005],"radius":12.0},"projected_sphere":{"center":[155.39478746226723,34.496183045386175],"axes":[220.5702900789015,220.5702900789015],"angle":90.0},"model_confidence":0.6466186407441121,"model_id":169,"model_birth_timestamp":75032.850243,"theta":2.340240427105524,"phi":-2.012549605800882,"method":"3d c++","id":1}
1948359,1948351,1,75048.52903,116,130,{"topic":"pupil.1","circle_3d":{"center":[-4.1594111446253486,-0.9803317657392547,59.62948066329176],"normal":[-0.3048602713497796,0.6936033649830122,-0.652667286629858],"radius":1.3174006855484575},"confidence":0.995550971182033,"timestamp":75048.52903,"diameter_3d":2.634801371096915,"ellipse":{"center":[116.80046021769368,109.66706847157462],"axes":[17.572363362604708,27.465579512102497],"angle":-62.95138903623891},"norm_pos":[0.36500143818029274,0.5430538813684391],"diameter":27.465579512102497,"sphere":{"center":[-0.5010878884279936,-9.303572145535401,67.46148810285005],"radius":12.0},"projected_sphere":{"center":[155.39478746226723,34.496183045386175],"axes":[220.5702900789015,220.5702900789015],"angle":90.0},"model_confidence":0.6467847437192753,"model_id":169,"model_birth_timestamp":75032.850243,"theta":2.3372756040791467,"phi":-2.007778489341092,"method":"3d c++","id":1}
1948366,1948362,1,75048.53743,116,130,{"topic":"pupil.1","circle_3d":{"center":[-4.160840513824631,-0.9903261778620536,59.619539862657106],"normal":[-0.3049793854497198,0.6927704973061123,-0.6534956866827456],"radius":1.3299438373313084},"confidence":0.9954754809600963,"timestamp":75048.53743,"diameter_3d":2.6598876746626168,"ellipse":{"center":[116.77944085669884,109.55867550386981],"axes":[17.76781562335695,27.731958860748865],"angle":-62.9052191017779},"norm_pos":[0.36493575267718387,0.5435055187338758],"diameter":27.731958860748865,"sphere":{"center":[-0.5010878884279936,-9.303572145535401,67.46148810285005],"radius":12.0},"projected_sphere":{"center":[155.39478746226723,34.496183045386175],"axes":[220.5702900789015,220.5702900789015],"angle":90.0},"model_confidence":0.6461789450733613,"model_id":169,"model_birth_timestamp":75032.850243,"theta":2.3361200594649643,"phi":-2.0074419979244964,"method":"3d c++","id":1}
1948371,1948367,1,75048.54583,116,130,{"topic":"pupil.1","circle_3d":{"center":[-4.169386097628127,-1.0283237844981006,59.58342661467109],"normal":[-0.3056915174333445,0.6896040300864418,-0.6565051240149138],"radius":1.3318179717030265},"confidence":0.9964925640357122,"timestamp":75048.54583,"diameter_3d":2.663635943406053,"ellipse":{"center":[116.66497369727477,109.15637500194015],"axes":[17.89430902636278,27.78864031545961],"angle":-62.71044073693221},"norm_pos":[0.36457804280398365,0.5451817708252493],"diameter":27.78864031545961,"sphere":{"center":[-0.5010878884279936,-9.303572145535401,67.46148810285005],"radius":12.0},"projected_sphere":{"center":[155.39478746226723,34.496183045386175],"axes":[220.5702900789015,220.5702900789015],"angle":90.0},"model_confidence":0.6461908804759942,"model_id":169,"model_birth_timestamp":75032.850243,"theta":2.3317384582758787,"phi":-2.006575672291115,"method":"3d c++","id":1}
1948380,1948379,1,75048.554229,116,131,{"topic":"pupil.1","circle_3d":{"center":[-4.1606873660331,-1.0934719948281462,59.511545513191365],"normal":[-0.3049666231337589,0.6841750125589379,-0.6624952158048911],"radius":1.3115291087473915},"confidence":0.9961326622767842,"timestamp":75048.554229,"diameter_3d":2.623058217494783,"ellipse":{"center":[116.70238884511312,108.46841781984601],"axes":[17.82577260500382,27.39897323034897],"angle":-62.51256082865643},"norm_pos":[0.3646949651409785,0.548048259083975],"diameter":27.39897323034897,"sphere":{"center":[-0.5010878884279936,-9.303572145535401,67.46148810285005],"radius":12.0},"projected_sphere":{"center":[155.39478746226723,34.496183045386175],"axes":[220.5702900789015,220.5702900789015],"angle":90.0},"model_confidence":0.6461417839996875,"model_id":169,"model_birth_timestamp":75032.850243,"theta":2.32426824779888,"phi":-2.0022076501584682,"method":"3d c++","id":1}
1948386,1948385,1,75048.562629,116,132,{"topic":"pupil.1","circle_3d":{"center":[-4.144611079412078,-1.1857449926212205,59.41005213948486],"normal":[-0.303626932582007,0.6764855960761817,-0.6709529969470995],"radius":1.3221257781130635},"confidence":0.9983655153253888,"timestamp":75048.562629,"diameter_3d":2.644251556226127,"ellipse":{"center":[116.79785856415569,107.48285319321377],"axes":[18.26215598924897,27.668566127106647],"angle":-62.24977756368554},"norm_pos":[0.3649933080129865,0.5521547783616093],"diameter":27.668566127106647,"sphere":{"center":[-0.5010878884279936,-9.303572145535401,67.46148810285005],"radius":12.0},"projected_sphere":{"center":[155.39478746226723,34.496183045386175],"axes":[220.5702900789015,220.5702900789015],"angle":90.0},"model_confidence":0.6467357528795015,"model_id":169,"model_birth_timestamp":75032.850243,"theta":2.3137763884022244,"phi":-1.9957529185396272,"method":"3d c++","id":1}
1948396,1948396,1,75048.571029,116,133,{"topic":"pupil.1","circle_3d":{"center":[-4.166694080092698,-1.2971178200084523,59.30918656396668],"normal":[-0.3054671826387254,0.6672045271272458,-0.6793584615736142],"radius":1.3126993684131163},"confidence":0.997820612597879,"timestamp":75048.571029,"diameter_3d":2.6253987368262326,"ellipse":{"center":[116.4942143010548,106.29904600379102],"axes":[18.413479102955517,27.52022739948665],"angle":-61.67204930240081},"norm_pos":[0.36404441969079626,0.5570873083175374],"diameter":27.52022739948665,"sphere":{"center":[-0.5010878884279936,-9.303572145535401,67.46148810285005],"radius":12.0},"projected_sphere":{"center":[155.39478746226723,34.496183045386175],"axes":[220.5702900789015,220.5702900789015],"angle":90.0},"model_confidence":0.6462564745128074,"model_id":169,"model_birth_timestamp":75032.850243,"theta":2.3012458316434454,"phi":-1.993351379917221,"method":"3d c++","id":1}
1948407,1948402,1,75048.579429,116,134,{"topic":"pupil.1","circle_3d":{"center":[-4.142123446639714,-1.4172309816472692,59.18208697048538],"normal":[-0.3034196298509767,0.6571950969906777,-0.6899500943637228],"radius":1.3353673913334594},"confidence":0.9993084160999417,"timestamp":75048.579429,"diameter_3d":2.6707347826669188,"ellipse":{"center":[116.66104223262894,105.0057577818123],"axes":[19.104679171507325,28.057000315117897],"angle":-61.330948765885125},"norm_pos":[0.36456575697696547,0.5624760092424488],"diameter":28.057000315117897,"sphere":{"center":[-0.5010878884279936,-9.303572145535401,67.46148810285005],"radius":12.0},"projected_sphere":{"center":[155.39478746226723,34.496183045386175],"axes":[220.5702900789015,220.5702900789015],"angle":90.0},"model_confidence":0.6461046004114235,"model_id":169,"model_birth_timestamp":75032.850243,"theta":2.287887611712138,"phi":-1.9851108269102093,"method":"3d c++","id":1}
1948418,1948416,1,75048.587829,116,136,{"topic":"pupil.1","circle_3d":{"center":[-4.1507097277760066,-1.5552866464268718,59.05646982481767],"normal":[-0.3041351532790011,0.6456904582590441,-0.7004181898360322],"radius":1.311072066945607},"confidence":0.998682304813009,"timestamp":75048.587829,"diameter_3d":2.622144133891214,"ellipse":{"center":[116.4782456199737,103.5296077127162],"axes":[19.113337648211278,27.60750671890626],"angle":-60.69670699736042},"norm_pos":[0.36399451756241785,0.5686266345303492],"diameter":27.60750671890626,"sphere":{"center":[-0.5010878884279936,-9.303572145535401,67.46148810285005],"radius":12.0},"projected_sphere":{"center":[155.39478746226723,34.496183045386175],"axes":[220.5702900789015,220.5702900789015],"angle":90.0},"model_confidence":0.645796446754987,"model_id":169,"model_birth_timestamp":75032.850243,"theta":2.272723480192553,"phi":-1.9804498859920356,"method":"3d c++","id":1}
1948422,1948418,1,75048.596229,116,137,{"topic":"pupil.1","circle_3d":{"center":[-4.15374800151613,-1.666031625255684,58.95701581473362],"normal":[-0.30438834275734467,0.6364617100233098,-0.708706024009703],"radius":1.3376587445828325},"confidence":0.9998803159907037,"timestamp":75048.596229,"diameter_3d":2.675317489165665,"ellipse":{"center":[116.37629369743038,102.33129498453876],"axes":[19.790613361337773,28.217037898230604],"angle":-60.19750796076383},"norm_pos":[0.36367591780446995,0.5736196042310885],"diameter":28.217037898230604,"sphere":{"center":[-0.5010878884279936,-9.303572145535401,67.46148810285005],"radius":12.0},"projected_sphere":{"center":[155.39478746226723,34.496183045386175],"axes":[220.5702900789015,220.5702900789015],"angle":90.0},"model_confidence":0.6466661280032038,"model_id":169,"model_birth_timestamp":75032.850243,"theta":2.26069847325687,"phi":-1.9764712663623487,"method":"3d c++","id":1}
1948431,1948430,1,75048.604629,116,138,{"topic":"pupil.1","circle_3d":{"center":[-4.132616056190667,-1.7405192552223756,58.88173087172317],"normal":[-0.3026273473135561,0.6302544075260855,-0.7149797692605737],"radius":1.3643315534012745},"confidence":0.9996679550515795,"timestamp":75048.604629,"diameter_3d":2.728663106802549,"ellipse":{"center":[116.5459008386388,101.5182138779299],"axes":[20.41474034890572,28.817398429306923],"angle":-60.00079764262975},"norm_pos":[0.36420594012074625,0.5770074421752921],"diameter":28.817398429306923,"sphere":{"center":[-0.5010878884279936,-9.303572145535401,67.46148810285005],"radius":12.0},"projected_sphere":{"center":[155.39478746226723,34.496183045386175],"axes":[220.5702900789015,220.5702900789015],"angle":90.0},"model_confidence":0.6660371039417856,"model_id":169,"model_birth_timestamp":75032.850243,"theta":2.252677175416186,"phi":-1.9711981987129283,"method":"3d c++","id":1}
1948660,1948655,1,75048.613029,116,138,{"topic":"pupil.1","circle_3d":{"center":[-4.106603405482689,-1.7473940606839804,58.86471948863873],"normal":[-0.3004596264212246,0.6296815070709517,-0.7163973845176105],"radius":1.3419256183379324},"confidence":0.9997642128663164,"timestamp":75048.613029,"diameter_3d":2.683851236675865,"ellipse":{"center":[116.80511539537974,101.44531083159362],"axes":[20.135092037516976,28.351599593826002],"angle":-60.13519827135951},"norm_pos":[0.3650159856105617,0.57731120486836],"diameter":28.351599593826002,"sphere":{"center":[-0.5010878884279936,-9.303572145535401,67.46148810285005],"radius":12.0},"projected_sphere":{"center":[155.39478746226723,34.496183045386175],"axes":[220.5702900789015,220.5702900789015],"angle":90.0},"model_confidence":0.7050989114265049,"model_id":169,"model_birth_timestamp":75032.850243,"theta":2.2519394920402673,"phi":-1.9679172213627474,"method":"3d c++","id":1}
1948667,1948667,1,75048.831428,116,133,{"topic":"pupil.1","circle_3d":{"center":[-4.213275851123672,-1.3084950588969262,59.319104980672265],"normal":[-0.30934899689130657,0.6662564238865396,-0.6785319268481491],"radius":1.3198894195025592},"confidence":0.9964264593170143,"timestamp":75048.831428,"diameter_3d":2.6397788390051184,"ellipse":{"center":[116.0157550620307,106.18122245019381],"axes":[18.476421127882666,27.667754267672],"angle":-61.3436489525767},"norm_pos":[0.36254923456884597,0.5575782397908591],"diameter":27.667754267672,"sphere":{"center":[-0.5010878884279936,-9.303572145535401,67.46148810285005],"radius":12.0},"projected_sphere":{"center":[155.39478746226723,34.496183045386175],"axes":[220.5702900789015,220.5702900789015],"angle":90.0},"model_confidence":0.7052127111140116,"model_id":169,"model_birth_timestamp":75032.850243,"theta":2.2999737199594583,"phi":-1.9985535262175727,"method":"3d c++","id":1}
1948674,1948667,1,75048.839828,115,133,{"topic":"pupil.1","circle_3d":{"center":[-4.237887711824241,-1.285939492295416,59.35261063938042],"normal":[-0.31139998528302065,0.6681360544366655,-0.6757397886224695],"radius":1.3345255557789266},"confidence":0.9983469542028861,"timestamp":75048.839828,"diameter_3d":2.6690511115578532,"ellipse":{"center":[115.78464828877252,106.42177149769927],"axes":[18.579631617729774,27.959126295229286],"angle":-61.28719056241417},"norm_pos":[0.3618270259024141,0.5565759520929197],"diameter":27.959126295229286,"sphere":{"center":[-0.5010878884279936,-9.303572145535401,67.46148810285005],"radius":12.0},"projected_sphere":{"center":[155.39478746226723,34.496183045386175],"axes":[220.5702900789015,220.5702900789015],"angle":90.0},"model_confidence":0.7055212695001867,"model_id":169,"model_birth_timestamp":75032.850243,"theta":2.302497115981004,"phi":-2.0026184539762184,"method":"3d c++","id":1}
1948681,1948679,1,75048.848228,115,133,{"topic":"pupil.1","circle_3d":{"center":[-4.253353145128573,-1.2531975637234805,59.392288976798305],"normal":[-0.31268877139171497,0.6708645484843268,-0.6724332605043123],"radius":1.3448743044277742},"confidence":0.9991858271886394,"timestamp":75048.848228,"diameter_3d":2.6897486088555485,"ellipse":{"center":[115.65335365234033,106.77066246592035],"axes":[18.60537985473429,28.15704945170161],"angle":-61.32727557037589},"norm_pos":[0.3614167301635635,0.5551222397253319],"diameter":28.15704945170161,"sphere":{"center":[-0.5010878884279936,-9.303572145535401,67.46148810285005],"radius":12.0},"projected_sphere":{"center":[155.39478746226723,34.496183045386175],"axes":[220.5702900789015,220.5702900789015],"angle":90.0},"model_confidence":0.7053154082553137,"model_id":169,"model_birth_timestamp":75032.850243,"theta":2.306170320120825,"phi":-2.0060629321030503,"method":"3d c++","id":1}
1948688,1948683,1,75048.856628,115,133,{"topic":"pupil.1","circle_3d":{"center":[-4.251019746917189,-1.2358757051979836,59.40852062475512],"normal":[-0.3124943215407663,0.6723080366947849,-0.671080623174578],"radius":1.3419834337980776},"confidence":0.9989630817391238,"timestamp":75048.856628,"diameter_3d":2.683966867596155,"ellipse":{"center":[115.68936752323893,106.95574354083556],"axes":[18.518905865199944,28.088493473475527],"angle":-61.41112359212741},"norm_pos":[0.36152927351012165,0.5543510685798518],"diameter":28.088493473475527,"sphere":{"center":[-0.5010878884279936,-9.303572145535401,67.46148810285005],"radius":12.0},"projected_sphere":{"center":[155.39478746226723,34.496183045386175],"axes":[220.5702900789015,220.5702900789015],"angle":90.0},"model_confidence":0.7050707469630213,"model_id":169,"model_birth_timestamp":75032.850243,"theta":2.3081185421099,"phi":-2.0065952011133876,"method":"3d c++","id":1}
1948694,1948688,1,75048.865028,115,132,{"topic":"pupil.1","circle_3d":{"center":[-4.259186846348381,-1.2170451143913148,59.43124696095066],"normal":[-0.3131749131600323,0.6738772525953405,-0.6691867618249497],"radius":1.3347390095966758},"confidence":0.9979846547844705,"timestamp":75048.865028,"diameter_3d":2.6694780191933516,"ellipse":{"center":[115.62039147930646,107.1589172580887],"axes":[18.351823357561067,27.92604841450628],"angle":-61.43816899514823},"norm_pos":[0.3613137233728327,0.5535045114246304],"diameter":27.92604841450628,"sphere":{"center":[-0.5010878884279936,-9.303572145535401,67.46148810285005],"radius":12.0},"projected_sphere":{"center":[155.39478746226723,34.496183045386175],"axes":[220.5702900789015,220.5702900789015],"angle":90.0},"model_confidence":0.704544746738911,"model_id":169,"model_birth_timestamp":75032.850243,"theta":2.3102403723905245,"phi":-2.008512311731133,"method":"3d c++","id":1}
1948699,1948695,1,75048.873428,115,132,{"topic":"pupil.1","circle_3d":{"center":[-4.284337401553117,-1.206945990534054,59.453263079314155],"normal":[-0.3152707927604269,0.6747188462501122,-0.6673520852946586],"radius":1.3487257006691125},"confidence":0.9986211899004219,"timestamp":75048.873428,"diameter_3d":2.697451401338225,"ellipse":{"center":[115.37578357789266,107.26622888000495],"axes":[18.47499549432391,28.208805082179463],"angle":-61.329303626625915},"norm_pos":[0.3605493236809146,0.553057379666646],"diameter":28.208805082179463,"sphere":{"center":[-0.5010878884279936,-9.303572145535401,67.46148810285005],"radius":12.0},"projected_sphere":{"center":[155.39478746226723,34.496183045386175],"axes":[220.5702900789015,220.5702900789015],"angle":90.0},"model_confidence":0.7042134113917742,"model_id":169,"model_birth_timestamp":75032.850243,"theta":2.3113800341323287,"phi":-2.0121379037308706,"method":"3d c++","id":1}
1948710,1948709,1,75048.881828,115,132,{"topic":"pupil.1","circle_3d":{"center":[-4.293193991695977,-1.2185372124679859,59.44574475412455],"normal":[-0.31600884193899864,0.6737529110889513,-0.6679786123937926],"radius":1.3404125898099681},"confidence":0.9983481086316118,"timestamp":75048.881828,"diameter_3d":2.6808251796199363,"ellipse":{"center":[115.27731557155747,107.14555935502646],"axes":[18.380864868775983,28.038842862334274],"angle":-61.23020478439739},"norm_pos":[0.3602416111611171,0.5535601693540564],"diameter":28.038842862334274,"sphere":{"center":[-0.5010878884279936,-9.303572145535401,67.46148810285005],"radius":12.0},"projected_sphere":{"center":[155.39478746226723,34.496183045386175],"axes":[220.5702900789015,220.5702900789015],"angle":90.0},"model_confidence":0.7037969986678494,"model_id":169,"model_birth_timestamp":75032.850243,"theta":2.3100720931863017,"phi":-2.012678809633787,"method":"3d c++","id":1}
1948715,1948711,1,75048.890228,115,133,{"topic":"pupil.1","circle_3d":{"center":[-4.308989904652003,-1.2390179639528682,59.43261221097348],"normal":[-0.31732516801866745,0.6720461817985444,-0.6690729909897143],"radius":1.3348851706150147},"confidence":0.9981059747045677,"timestamp":75048.890228,"diameter_3d":2.6697703412300293,"ellipse":{"center":[115.10258639010276,106.93030597330298],"axes":[18.339401917391175,27.930089108645916],"angle":-61.05386346980288},"norm_pos":[0.35969558246907113,0.5544570584445709],"diameter":27.930089108645916,"sphere":{"center":[-0.5010878884279936,-9.303572145535401,67.46148810285005],"radius":12.0},"projected_sphere":{"center":[155.39478746226723,34.496183045386175],"axes":[220.5702900789015,220.5702900789015],"angle":90.0},"model_confidence":0.7035037061082217,"model_id":169,"model_birth_timestamp":75032.850243,"theta":2.3077648707177354,"phi":-2.013653663947042,"method":"3d c++","id":1}
1948723,1948717,1,75048.898628,115,133,{"topic":"pupil.1","circle_3d":{"center":[-4.294848922608167,-1.2564496274145043,59.40846405011758],"normal":[-0.31614675284834776,0.6705935431767414,-0.6710853377277063],"radius":1.3295013660084625},"confidence":0.9984543412998621,"timestamp":75048.898628,"diameter_3d":2.659002732016925,"ellipse":{"center":[115.2315516471399,106.74402558996975],"axes":[18.3375059733968,27.828637655089906],"angle":-61.066916079532035},"norm_pos":[0.36009859889731216,0.5552332267084594],"diameter":27.828637655089906,"sphere":{"center":[-0.5010878884279936,-9.303572145535401,67.46148810285005],"radius":12.0},"projected_sphere":{"center":[155.39478746226723,34.496183045386175],"axes":[220.5702900789015,220.5702900789015],"angle":90.0},"model_confidence":0.7031249084359037,"model_id":169,"model_birth_timestamp":75032.850243,"theta":2.30580493733533,"phi":-2.0110559172688034,"method":"3d c++","id":1}
1948733,1948732,1,75048.907028,115,133,{"topic":"pupil.1","circle_3d":{"center":[-4.302077453258253,-1.277699551351974,59.390685947550566],"normal":[-0.3167491304025216,0.6688227161819523,-0.6725668462749572],"radius":1.3601917240322463},"confidence":0.9991331215863705,"timestamp":75048.907028,"diameter_3d":2.7203834480644926,"ellipse":{"center":[115.14551412215113,106.51149026032655],"axes":[18.811576460910434,28.480284548965475],"angle":-60.93724813159386},"norm_pos":[0.35982973163172227,0.5562021239153061],"diameter":28.480284548965475,"sphere":{"center":[-0.5010878884279936,-9.303572145535401,67.46148810285005],"radius":12.0},"projected_sphere":{"center":[155.39478746226723,34.496183045386175],"axes":[220.5702900789015,220.5702900789015],"angle":90.0},"model_confidence":0.702884115458613,"model_id":169,"model_birth_timestamp":75032.850243,"theta":2.303420382770034,"phi":-2.010939636841239,"method":"3d c++","id":1}
1948744,1948744,1,75048.915428,115,133,{"topic":"pupil.1","circle_3d":{"center":[-4.294484426054854,-1.303854403685424,59.36120053023566],"normal":[-0.31611637813557175,0.6666431451541648,-0.675023964384533],"radius":1.3581299677586973},"confidence":0.9991189359875633,"timestamp":75048.915428,"diameter_3d":2.7162599355173946,"ellipse":{"center":[115.2026049841589,106.23188370125916],"axes":[18.871025598523865,28.451461931402974],"angle":-60.87525174145452},"norm_pos":[0.36000814057549657,0.5573671512447536],"diameter":28.451461931402974,"sphere":{"center":[-0.5010878884279936,-9.303572145535401,67.46148810285005],"radius":12.0},"projected_sphere":{"center":[155.39478746226723,34.496183045386175],"axes":[220.5702900789015,220.5702900789015],"angle":90.0},"model_confidence":0.7026550908994955,"model_id":169,"model_birth_timestamp":75032.850243,"theta":2.3004924260466795,"phi":-2.0087671142160692,"method":"3d c++","id":1}
1948753,1948744,1,75048.923828,115,133,{"topic":"pupil.1","circle_3d":{"center":[-4.2856097945580345,-1.3123812866362936,59.348642572540165],"normal":[-0.31537682551083673,0.6659325715749257,-0.6760704608591577],"radius":1.354977681210163},"confidence":0.9990937911106198,"timestamp":75048.923828,"diameter_3d":2.709955362420326,"ellipse":{"center":[115.28558876276175,106.14047024171012],"axes":[18.86583694983581,28.391320422057568],"angle":-60.89317122445945},"norm_pos":[0.3602674648836305,0.5577480406595412],"diameter":28.391320422057568,"sphere":{"center":[-0.5010878884279936,-9.303572145535401,67.46148810285005],"radius":12.0},"projected_sphere":{"center":[155.39478746226723,34.496183045386175],"axes":[220.5702900789015,220.5702900789015],"angle":90.0},"model_confidence":0.7024675633295563,"model_id":169,"model_birth_timestamp":75032.850243,"theta":2.299539524367573,"phi":-2.00727441471186,"method":"3d c++","id":1}
1948759,1948756,1,75048.932228,115,133,{"topic":"pupil.1","circle_3d":{"center":[-4.276024350153404,-1.3221254144996335,59.334596766701004],"normal":[-0.3145780384771175,0.6651205609196473,-0.6772409446790874],"radius":1.3308455857398536},"confidence":0.9972150052002051,"timestamp":75048.932228,"diameter_3d":2.661691171479707,"ellipse":{"center":[115.3731966906585,106.04052517684424],"axes":[18.57204425205652,27.89204417453166],"angle":-60.91047100662149},"norm_pos":[0.3605412396583078,0.5581644784298156],"diameter":27.89204417453166,"sphere":{"center":[-0.5010878884279936,-9.303572145535401,67.46148810285005],"radius":12.0},"projected_sphere":{"center":[155.39478746226723,34.496183045386175],"axes":[220.5702900789015,220.5702900789015],"angle":90.0},"model_confidence":0.7016614247832731,"model_id":169,"model_birth_timestamp":75032.850243,"theta":2.298451583717632,"phi":-2.005642351011112,"method":"3d c++","id":1}
1948767,1948762,1,75048.940628,115,133,{"topic":"pupil.1","circle_3d":{"center":[-4.274689331548254,-1.3117267776214359,59.34420162497872],"normal":[-0.3144667869266884,0.6659871139928305,-0.6764405398226109],"radius":1.3737498542128566},"confidence":0.9990892692561681,"timestamp":75048.940628,"diameter_3d":2.747499708425713,"ellipse":{"center":[115.39778717273009,106.14200041821078],"axes":[19.14292810823205,28.786626628643567],"angle":-60.96109642199852},"norm_pos":[0.36061808491478153,0.5577416649241218],"diameter":28.786626628643567,"sphere":{"center":[-0.5010878884279936,-9.303572145535401,67.46148810285005],"radius":12.0},"projected_sphere":{"center":[155.39478746226723,34.496183045386175],"axes":[220.5702900789015,220.5702900789015],"angle":90.0},"model_confidence":0.7014493983410808,"model_id":169,"model_birth_timestamp":75032.850243,"theta":2.299612638744424,"phi":-2.0059591082400328,"method":"3d c++","id":1}
1948777,1948776,1,75048.949028,115,133,{"topic":"pupil.1","circle_3d":{"center":[-4.243087393560203,-1.309135860170196,59.332132151556834],"normal":[-0.3118332920943508,0.6662030237804338,-0.6774463292744348],"radius":1.3793074225669013},"confidence":0.9998506329093405,"timestamp":75048.949028,"diameter_3d":2.7586148451338026,"ellipse":{"center":[115.71905804291939,106.16472105043944],"axes":[19.2633130237938,28.90810683157077],"angle":-61.161235686900056},"norm_pos":[0.3616220563841231,0.557646995623169],"diameter":28.90810683157077,"sphere":{"center":[-0.5010878884279936,-9.303572145535401,67.46148810285005],"radius":12.0},"projected_sphere":{"center":[155.39478746226723,34.496183045386175],"axes":[220.5702900789015,220.5702900789015],"angle":90.0},"model_confidence":0.7015336866939226,"model_id":169,"model_birth_timestamp":75032.850243,"theta":2.2999021137223146,"phi":-2.0021884275423654,"method":"3d c++","id":1}
1948783,1948779,1,75048.957428,115,133,{"topic":"pupil.1","circle_3d":{"center":[-4.246520710011251,-1.2988321947880408,59.34386090643878],"normal":[-0.3121194017986048,0.66706166256228,-0.6764689330342731],"radius":1.3803923859852116},"confidence":0.9992060074117368,"timestamp":75048.957428,"diameter_3d":2.7607847719704233,"ellipse":{"center":[115.69194246790434,106.27493631441457],"axes":[19.242757700483956,28.925054742094797],"angle":-61.18270225212075},"norm_pos":[0.3615373202122011,0.557187765356606],"diameter":28.925054742094797,"sphere":{"center":[-0.5010878884279936,-9.303572145535401,67.46148810285005],"radius":12.0},"projected_sphere":{"center":[155.39478746226723,34.496183045386175],"axes":[220.5702900789015,220.5702900789015],"angle":90.0},"model_confidence":0.7013464976770356,"model_id":169,"model_birth_timestamp":75032.850243,"theta":2.301054051305408,"phi":-2.003085850093433,"method":"3d c++","id":1}
1948791,1948790,1,75048.965828,115,133,{"topic":"pupil.1","circle_3d":{"center":[-4.226564023334559,-1.2572789663423798,59.375822165976736],"normal":[-0.3104563445755471,0.6705244315994185,-0.6738054947394432],"radius":1.3558624511537736},"confidence":0.9983042303484235,"timestamp":75048.965828,"diameter_3d":2.711724902307547,"ellipse":{"center":[115.92146525270968,106.72169484564787],"axes":[18.8113515453976,28.39440794361023],"angle":-61.47120459578707},"norm_pos":[0.36225457891471774,0.5553262714764672],"diameter":28.39440794361023,"sphere":{"center":[-0.5010878884279936,-9.303572145535401,67.46148810285005],"radius":12.0},"projected_sphere":{"center":[155.39478746226723,34.496183045386175],"axes":[220.5702900789015,220.5702900789015],"angle":90.0},"model_confidence":0.7008901355015751,"model_id":169,"model_birth_timestamp":75032.850243,"theta":2.305711776995135,"phi":-2.002554474057459,"method":"3d c++","id":1}
1948800,1948795,1,75048.974228,116,132,{"topic":"pupil.1","circle_3d":{"center":[-4.2030854982360495,-1.2245000789398723,59.397753965384254],"normal":[-0.308499800817338,0.6732560055496275,-0.6719778447888165],"radius":1.3690892407080195},"confidence":0.9984840817609499,"timestamp":75048.974228,"diameter_3d":2.738178481416039,"ellipse":{"center":[116.18326943318323,107.06574870562947],"axes":[18.935212340614427,28.659749370047365],"angle":-61.74375559119662},"norm_pos":[0.3630727169786976,0.5538927137265439],"diameter":28.659749370047365,"sphere":{"center":[-0.5010878884279936,-9.303572145535401,67.46148810285005],"radius":12.0},"projected_sphere":{"center":[155.39478746226723,34.496183045386175],"axes":[220.5702900789015,220.5702900789015],"angle":90.0},"model_confidence":0.7004635958380856,"model_id":169,"model_birth_timestamp":75032.850243,"theta":2.3093998571308814,"phi":-2.0011855689877187,"method":"3d c++","id":1}
1948807,1948801,1,75048.982628,116,132,{"topic":"pupil.1","circle_3d":{"center":[-4.178803700062871,-1.1894899485532306,59.42183161084321],"normal":[-0.3064763176362398,0.676173516415181,-0.6699713743339035],"radius":1.3478267994743287},"confidence":0.9964056740906583,"timestamp":75048.982628,"diameter_3d":2.6956535989486574,"ellipse":{"center":[116.45203066761275,107.4409438743356],"axes":[18.576052203295056,28.201918775398457],"angle":-62.02885068638068},"norm_pos":[0.3639125958362898,0.5523294005236017],"diameter":28.201918775398457,"sphere":{"center":[-0.5010878884279936,-9.303572145535401,67.46148810285005],"radius":12.0},"projected_sphere":{"center":[155.39478746226723,34.496183045386175],"axes":[220.5702900789015,220.5702900789015],"angle":90.0},"model_confidence":0.6994256187193182,"model_id":169,"model_birth_timestamp":75032.850243,"theta":2.313352712020762,"phi":-1.9998257993624187,"method":"3d c++","id":1}
1948817,1948817,1,75048.991028,116,132,{"topic":"pupil.1","circle_3d":{"center":[-4.165404120849172,-1.1516010378135064,59.454106907497724],"normal":[-0.3053596860350982,0.6793309256434912,-0.667281766279361],"radius":1.3840386512819876},"confidence":0.9991754815393955,"timestamp":75048.991028,"diameter_3d":2.768077302563975,"ellipse":{"center":[116.61770467729544,107.83489845204737],"axes":[18.981994192718155,28.94316952780822],"angle":-62.25824340680987},"norm_pos":[0.3644303271165482,0.5506879231164693],"diameter":28.94316952780822,"sphere":{"center":[-0.5010878884279936,-9.303572145535401,67.46148810285005],"radius":12.0},"projected_sphere":{"center":[155.39478746226723,34.496183045386175],"axes":[220.5702900789015,220.5702900789015],"angle":90.0},"model_confidence":0.6992096479619736,"model_id":169,"model_birth_timestamp":75032.850243,"theta":2.3176468221710915,"phi":-1.9999667235106755,"method":"3d c++","id":1}
1948826,1948824,1,75048.999428,116,131,{"topic":"pupil.1","circle_3d":{"center":[-4.151912400296272,-1.1161610239299584,59.48415900663287],"normal":[-0.30423537598902317,0.6822842601337868,-0.6647774246847653],"radius":1.3966359914699336},"confidence":0.9988797603627861,"timestamp":75048.999428,"diameter_3d":2.793271982939867,"ellipse":{"center":[116.7806833188547,108.20766601594514],"axes":[19.06734652048455,29.19102062538436],"angle":-62.47717639754603},"norm_pos":[0.36493963537142093,0.5491347249335619],"diameter":29.19102062538436,"sphere":{"center":[-0.5010878884279936,-9.303572145535401,67.46148810285005],"radius":12.0},"projected_sphere":{"center":[155.39478746226723,34.496183045386175],"axes":[220.5702900789015,220.5702900789015],"angle":90.0},"model_confidence":0.6989325704015115,"model_id":169,"model_birth_timestamp":75032.850243,"theta":2.3216788954594074,"phi":-1.99999373842728,"method":"3d c++","id":1}
1948836,1948829,1,75049.007827,116,131,{"topic":"pupil.1","circle_3d":{"center":[-4.137037457627374,-1.0883422064509674,59.50599517166033],"normal":[-0.30299579743328164,0.6846024949237028,-0.66295774426581],"radius":1.3708376681758678},"confidence":0.9964239029266192,"timestamp":75049.007827,"diameter_3d":2.7416753363517357,"ellipse":{"center":[116.94900637442728,108.50767872418778],"axes":[18.653578517782854,28.64032841140425],"angle":-62.67384114308615},"norm_pos":[0.36546564492008526,0.547884671982551],"diameter":28.64032841140425,"sphere":{"center":[-0.5010878884279936,-9.303572145535401,67.46148810285005],"radius":12.0},"projected_sphere":{"center":[155.39478746226723,34.496183045386175],"axes":[220.5702900789015,220.5702900789015],"angle":90.0},"model_confidence":0.6979778725850982,"model_id":169,"model_birth_timestamp":75032.850243,"theta":2.324854549054441,"phi":-1.99948626618321,"method":"3d c++","id":1}
1948844,1948842,1,75049.016227,116,131,{"topic":"pupil.1","circle_3d":{"center":[-4.138746351890599,-1.0844954070677026,59.510751126293854],"normal":[-0.3031382052885504,0.684923061538975,-0.6625614147130168],"radius":1.394711821281527},"confidence":0.9980546991184287,"timestamp":75049.016227,"diameter_3d":2.789423642563054,"ellipse":{"center":[116.9364858476562,108.54334800655039],"axes":[18.96401459656525,29.136931725987395],"angle":-62.678308485709636},"norm_pos":[0.36542651827392564,0.5477360499727066],"diameter":29.136931725987395,"sphere":{"center":[-0.5010878884279936,-9.303572145535401,67.46148810285005],"radius":12.0},"projected_sphere":{"center":[155.39478746226723,34.496183045386175],"axes":[220.5702900789015,220.5702900789015],"angle":90.0},"model_confidence":0.6974175064097365,"model_id":169,"model_birth_timestamp":75032.850243,"theta":2.325294424965455,"phi":-1.999890138597332,"method":"3d c++","id":1}
1948851,1948847,1,75049.024627,116,131,{"topic":"pupil.1","circle_3d":{"center":[-4.1507723861095664,-1.11495556944225,59.484874683790856],"normal":[-0.30414037480679773,0.6823847146744293,-0.6647177849215999],"radius":1.3673743314504228},"confidence":0.9963770005217029,"timestamp":75049.024627,"diameter_3d":2.7347486629008455,"ellipse":{"center":[116.79074444153258,108.22694885241292],"axes":[18.665748188135787,28.578848555700294],"angle":-62.48876386443044},"norm_pos":[0.3649710763797893,0.5490543797816129],"diameter":28.578848555700294,"sphere":{"center":[-0.5010878884279936,-9.303572145535401,67.46148810285005],"radius":12.0},"projected_sphere":{"center":[155.39478746226723,34.496183045386175],"axes":[220.5702900789015,220.5702900789015],"angle":90.0},"model_confidence":0.6966731472346499,"model_id":169,"model_birth_timestamp":75032.850243,"theta":2.3218163086315387,"phi":-1.999909516007025,"method":"3d c++","id":1}
1948858,1948858,1,75049.033027,116,132,{"topic":"pupil.1","circle_3d":{"center":[-4.132446209058397,-1.1606453638136305,59.42992659995993],"normal":[-0.30261319338586695,0.6785772318101476,-0.6692967919075103],"radius":1.3857963872845511},"confidence":0.9985033314839599,"timestamp":75049.033027,"diameter_3d":2.7715927745691022,"ellipse":{"center":[116.94379827265351,107.73483047098354],"axes":[19.085284410828624,28.991002051178214],"angle":-62.42141569115907},"norm_pos":[0.3654493696020422,0.5511048730375686],"diameter":28.991002051178214,"sphere":{"center":[-0.5010878884279936,-9.303572145535401,67.46148810285005],"radius":12.0},"projected_sphere":{"center":[155.39478746226723,34.496183045386175],"axes":[220.5702900789015,220.5702900789015],"angle":90.0},"model_confidence":0.6962687739304751,"model_id":169,"model_birth_timestamp":75032.850243,"theta":2.3166202439590906,"phi":-1.9954251553855933,"method":"3d c++","id":1}
1948868,1948862,1,75049.041427,116,132,{"topic":"pupil.1","circle_3d":{"center":[-4.14582402726936,-1.2083199342547175,59.387902151491204],"normal":[-0.30372801157011386,0.674604350940057,-0.6727988292799039],"radius":1.4113549167158026},"confidence":0.9993435018641655,"timestamp":75049.041427,"diameter_3d":2.822709833431605,"ellipse":{"center":[116.77646741206478,107.2224585610479],"axes":[19.562601801674653,29.547872150524174],"angle":-62.153227748598596},"norm_pos":[0.3649264606627024,0.5532397559956337],"diameter":29.547872150524174,"sphere":{"center":[-0.5010878884279936,-9.303572145535401,67.46148810285005],"radius":12.0},"projected_sphere":{"center":[155.39478746226723,34.496183045386175],"axes":[220.5702900789015,220.5702900789015],"angle":90.0},"model_confidence":0.6961327836770725,"model_id":169,"model_birth_timestamp":75032.850243,"theta":2.311224918165541,"phi":-1.994846752159568,"method":"3d c++","id":1}
1948875,1948874,1,75049.049827,116,133,{"topic":"pupil.1","circle_3d":{"center":[-4.131234410342519,-1.2758254249107885,59.314260425969245],"normal":[-0.3025122101595438,0.6689788933853844,-0.6789356397400673],"radius":1.4026522557718302},"confidence":0.9993826666409004,"timestamp":75049.049827,"diameter_3d":2.8053045115436603,"ellipse":{"center":[116.87525093848181,106.5025093834249],"axes":[19.668325042945643,29.402775065201176],"angle":-61.97336131929322},"norm_pos":[0.3652351591827557,0.5562395442357296],"diameter":29.402775065201176,"sphere":{"center":[-0.5010878884279936,-9.303572145535401,67.46148810285005],"radius":12.0},"projected_sphere":{"center":[155.39478746226723,34.496183045386175],"axes":[220.5702900789015,220.5702900789015],"angle":90.0},"model_confidence":0.6960103438409138,"model_id":169,"model_birth_timestamp":75032.850243,"theta":2.3036304814481965,"phi":-1.9899587560914898,"method":"3d c++","id":1}
1948885,1948883,1,75049.058227,117,133,{"topic":"pupil.1","circle_3d":{"center":[-4.0871154783607855,-1.2788364873969655,59.29178653294909],"normal":[-0.2988356324943993,0.6687279715115363,-0.6808084641584139],"radius":1.4031410807502913},"confidence":0.9987201466714248,"timestamp":75049.058227,"diameter_3d":2.8062821615005826,"ellipse":{"center":[117.31983145204273,106.46536577350506],"axes":[19.752988355043623,29.423017503824436],"angle":-62.231382624765445},"norm_pos":[0.36662447328763353,0.5563943092770622],"diameter":29.423017503824436,"sphere":{"center":[-0.5010878884279936,-9.303572145535401,67.46148810285005],"radius":12.0},"projected_sphere":{"center":[155.39478746226723,34.496183045386175],"axes":[220.5702900789015,220.5702900789015],"angle":90.0},"model_confidence":0.6957047529777771,"model_id":169,"model_birth_timestamp":75032.850243,"theta":2.3032929460678617,"phi":-1.984416712439215,"method":"3d c++","id":1}
1948891,1948886,1,75049.066627,117,133,{"topic":"pupil.1","circle_3d":{"center":[-4.067086759768183,-1.2329750900631744,59.32827746880132],"normal":[-0.29716657261168244,0.6725497546226855,-0.6777675528373951],"radius":1.3915322818241689},"confidence":0.9982274444206519,"timestamp":75049.066627,"diameter_3d":2.7830645636483378,"ellipse":{"center":[117.55367899325901,106.95565066030937],"axes":[19.48373797908355,29.160298865359383],"angle":-62.53594921525564},"norm_pos":[0.3673552468539344,0.5543514555820444],"diameter":29.160298865359383,"sphere":{"center":[-0.5010878884279936,-9.303572145535401,67.46148810285005],"radius":12.0},"projected_sphere":{"center":[155.39478746226723,34.496183045386175],"axes":[220.5702900789015,220.5702900789015],"angle":90.0},"model_confidence":0.6952653272162435,"model_id":169,"model_birth_timestamp":75032.850243,"theta":2.3084451165911535,"phi":-1.9840031111577434,"method":"3d c++","id":1}
1948900,1948896,1,75049.075027,117,132,{"topic":"pupil.1","circle_3d":{"center":[-4.072289131575531,-1.163781372793533,59.39983021771701],"normal":[-0.29760010359562816,0.678315897728489,-0.6718048237610872],"radius":1.4148415380555457},"confidence":0.9985300395004582,"timestamp":75049.075027,"diameter_3d":2.8296830761110914,"ellipse":{"center":[117.55161558353493,107.68862785415358],"axes":[19.590274934322018,29.612241728643617],"angle":-62.774185374026814},"norm_pos":[0.36734879869854664,0.5512973839410267],"diameter":29.612241728643617,"sphere":{"center":[-0.5010878884279936,-9.303572145535401,67.46148810285005],"radius":12.0},"projected_sphere":{"center":[155.39478746226723,34.496183045386175],"axes":[220.5702900789015,220.5702900789015],"angle":90.0},"model_confidence":0.6948743648486633,"model_id":169,"model_birth_timestamp":75032.850243,"theta":2.3162645178655397,"phi":-1.9878020862015193,"method":"3d c++","id":1}
1948912,1948909,1,75049.083427,117,131,{"topic":"pupil.1","circle_3d":{"center":[-4.088616124359961,-1.084716159424591,59.487778336626974],"normal":[-0.2989606863276639,0.6849046655092341,-0.6644758138519236],"radius":1.4011106546040786},"confidence":0.9969737283286904,"timestamp":75049.083427,"diameter_3d":2.802221309208157,"ellipse":{"center":[117.44231940026336,108.5346737157222],"axes":[19.130829413130044,29.280637820099493],"angle":-62.979138549668846},"norm_pos":[0.36700724812582297,0.5477721928511574],"diameter":29.280637820099493,"sphere":{"center":[-0.5010878884279936,-9.303572145535401,67.46148810285005],"radius":12.0},"projected_sphere":{"center":[155.39478746226723,34.496183045386175],"axes":[220.5702900789015,220.5702900789015],"angle":90.0},"model_confidence":0.6940292206605303,"model_id":169,"model_birth_timestamp":75032.850243,"theta":2.32526917733623,"phi":-1.9935833826369052,"method":"3d c++","id":1}
1948918,1948913,1,75049.091827,117,131,{"topic":"pupil.1","circle_3d":{"center":[-4.109074818090444,-1.0629745067327594,59.51951222333838],"normal":[-0.30066557747187084,0.6867164699002202,-0.6618313232926396],"radius":1.4018834066907138},"confidence":0.9971306673227165,"timestamp":75049.091827,"diameter_3d":2.8037668133814275,"ellipse":{"center":[117.25190203363186,108.76743372479702],"axes":[19.04136978674174,29.281380779118024],"angle":-62.93872342219697},"norm_pos":[0.3664121938550996,0.5468023594800124],"diameter":29.281380779118024,"sphere":{"center":[-0.5010878884279936,-9.303572145535401,67.46148810285005],"radius":12.0},"projected_sphere":{"center":[155.39478746226723,34.496183045386175],"axes":[220.5702900789015,220.5702900789015],"angle":90.0},"model_confidence":0.6932405063586722,"model_id":169,"model_birth_timestamp":75032.850243,"theta":2.327758673985254,"phi":-1.9972148747400464,"method":"3d c++","id":1}
1948927,1948924,1,75049.100227,117,131,{"topic":"pupil.1","circle_3d":{"center":[-4.092059819556009,-1.0776838306633518,59.49658496338237],"normal":[-0.2992476609273346,0.6854906929060042,-0.6637419282889738],"radius":1.434586633758898},"confidence":0.9983862278437667,"timestamp":75049.100227,"diameter_3d":2.869173267517796,"ellipse":{"center":[117.41534685015215,108.60199464791134],"axes":[19.560264004930286,29.97599727068742],"angle":-62.98507507043976},"norm_pos":[0.36692295890672544,0.547491688967036],"diameter":29.97599727068742,"sphere":{"center":[-0.5010878884279936,-9.303572145535401,67.46148810285005],"radius":12.0},"projected_sphere":{"center":[155.39478746226723,34.496183045386175],"axes":[220.5702900789015,220.5702900789015],"angle":90.0},"model_confidence":0.692853514625047,"model_id":169,"model_birth_timestamp":75032.850243,"theta":2.326073765378224,"phi":-1.994356403629024,"method":"3d c++","id":1}
1948935,1948930,1,75049.108627,117,131,{"topic":"pupil.1","circle_3d":{"center":[-4.0891701873278565,-1.1016230470864627,59.470637309425484],"normal":[-0.29900685824165524,0.6834957582040783,-0.6659042327853809],"radius":1.414833649931804},"confidence":0.9981579031694929,"timestamp":75049.108627,"diameter_3d":2.829667299863608,"ellipse":{"center":[117.42557992860813,108.35185108630577],"axes":[19.37045410535227,29.576310297928902],"angle":-62.9111265685799},"norm_pos":[0.36695493727690043,0.5485339538070593],"diameter":29.576310297928902,"sphere":{"center":[-0.5010878884279936,-9.303572145535401,67.46148810285005],"radius":12.0},"projected_sphere":{"center":[155.39478746226723,34.496183045386175],"axes":[220.5702900789015,220.5702900789015],"angle":90.0},"model_confidence":0.692398591772414,"model_id":169,"model_birth_timestamp":75032.850243,"theta":2.323337298473267,"phi":-1.992838159199115,"method":"3d c++","id":1}
1948942,1948940,1,75049.117027,117,132,{"topic":"pupil.1","circle_3d":{"center":[-4.077395804586383,-1.1352255874753148,59.43103754287207],"normal":[-0.29802565967986583,0.6806955465050073,-0.6692042133314989],"radius":1.3963943664595846},"confidence":0.9981379798502814,"timestamp":75049.117027,"diameter_3d":2.792788732919169,"ellipse":{"center":[117.51886401916886,107.99745668332943],"axes":[19.239543533969282,29.210378836154348],"angle":-62.853484354859205},"norm_pos":[0.3672464500599027,0.550010597152794],"diameter":29.210378836154348,"sphere":{"center":[-0.5010878884279936,-9.303572145535401,67.46148810285005],"radius":12.0},"projected_sphere":{"center":[155.39478746226723,34.496183045386175],"axes":[220.5702900789015,220.5702900789015],"angle":90.0},"model_confidence":0.6919025404534374,"model_id":169,"model_birth_timestamp":75032.850243,"theta":2.3195080085771567,"phi":-1.9897710551795664,"method":"3d c++","id":1}
1948951,1948946,1,75049.125427,117,132,{"topic":"pupil.1","circle_3d":{"center":[-4.0942509490593935,-1.1556069694479874,59.41786685934407],"normal":[-0.29943025505261667,0.6789970980072845,-0.6703017702921654],"radius":1.4171266538737433},"confidence":0.9983659652776464,"timestamp":75049.125427,"diameter_3d":2.8342533077474865,"ellipse":{"center":[117.33566460087445,107.77739319824175],"axes":[19.562075228038662,29.65154573506691],"angle":-62.67225440887759},"norm_pos":[0.36667395187773266,0.5509275283406594],"diameter":29.65154573506691,"sphere":{"center":[-0.5010878884279936,-9.303572145535401,67.46148810285005],"radius":12.0},"projected_sphere":{"center":[155.39478746226723,34.496183045386175],"axes":[220.5702900789015,220.5702900789015],"angle":90.0},"model_confidence":0.6914474635882017,"model_id":169,"model_birth_timestamp":75032.850243,"theta":2.3171920077746426,"phi":-1.9909106110371184,"method":"3d c++","id":1}
1948961,1948959,1,75049.133827,116,132,{"topic":"pupil.1","circle_3d":{"center":[-4.145628174315762,-1.1804711609660359,59.41583359255512],"normal":[-0.3037116904906474,0.6769250820474472,-0.670471209191245],"radius":1.4267665038043653},"confidence":0.999127671452042,"timestamp":75049.133827,"diameter_3d":2.8535330076087306,"ellipse":{"center":[116.79975264943772,107.51564368010429],"axes":[19.690391095480567,29.85612967187872],"angle":-62.26407317417403},"norm_pos":[0.3649992270294929,0.5520181513328988],"diameter":29.85612967187872,"sphere":{"center":[-0.5010878884279936,-9.303572145535401,67.46148810285005],"radius":12.0},"projected_sphere":{"center":[155.39478746226723,34.496183045386175],"axes":[220.5702900789015,220.5702900789015],"angle":90.0},"model_confidence":0.6912489858276527,"model_id":169,"model_birth_timestamp":75032.850243,"theta":2.314373310146713,"phi":-1.9961276900786387,"method":"3d c++","id":1}
1948969,1948962,1,75049.142227,116,133,{"topic":"pupil.1","circle_3d":{"center":[-4.182368235712386,-1.2290932587135632,59.38368111636133],"normal":[-0.3067733622736994,0.6728732405684865,-0.6731505822073938],"radius":1.433487661179874},"confidence":0.9987302205159719,"timestamp":75049.142227,"diameter_3d":2.866975322359748,"ellipse":{"center":[116.39436561528888,106.9997717631413],"axes":[19.87456483739281,30.014871089752486],"angle":-61.84993594713467},"norm_pos":[0.3637323925477777,0.5541676176535779],"diameter":30.014871089752486,"sphere":{"center":[-0.5010878884279936,-9.303572145535401,67.46148810285005],"radius":12.0},"projected_sphere":{"center":[155.39478746226723,34.496183045386175],"axes":[220.5702900789015,220.5702900789015],"angle":90.0},"model_confidence":0.6908867801984742,"model_id":169,"model_birth_timestamp":75032.850243,"theta":2.3088823159672995,"phi":-1.9984031842936816,"method":"3d c++","id":1}
1948976,1948975,1,75049.150627,115,133,{"topic":"pupil.1","circle_3d":{"center":[-4.218966149239665,-1.285587185204454,59.34426576921334],"normal":[-0.3098231884009726,0.6681654133609123,-0.6764351944697264],"radius":1.4406346102433338},"confidence":0.9983896049744458,"timestamp":75049.150627,"diameter_3d":2.8812692204866677,"ellipse":{"center":[115.98479935508654,106.39932331083713],"axes":[20.088080627152962,30.186576853268573],"angle":-61.40212232775744},"norm_pos":[0.3624524979846454,0.5566694862048454],"diameter":30.186576853268573,"sphere":{"center":[-0.5010878884279936,-9.303572145535401,67.46148810285005],"radius":12.0},"projected_sphere":{"center":[155.39478746226723,34.496183045386175],"axes":[220.5702900789015,220.5702900789015],"angle":90.0},"model_confidence":0.6904675382039871,"model_id":169,"model_birth_timestamp":75032.850243,"theta":2.302536575525012,"phi":-2.000302497071408,"method":"3d c++","id":1}
1948985,1948983,1,75049.159027,115,134,{"topic":"pupil.1","circle_3d":{"center":[-4.241698452402561,-1.3893691904569119,59.25336869615836],"normal":[-0.3117175469978806,0.6595169129232075,-0.6840099505576409],"radius":1.4487117794207622},"confidence":0.9986521293732581,"timestamp":75049.159027,"diameter_3d":2.8974235588415245,"ellipse":{"center":[115.68174367439403,105.29040776916014],"axes":[20.48027543479922,30.40491797836384],"angle":-60.838366566486684},"norm_pos":[0.3615054489824813,0.5612899676284995],"diameter":30.40491797836384,"sphere":{"center":[-0.5010878884279936,-9.303572145535401,67.46148810285005],"radius":12.0},"projected_sphere":{"center":[155.39478746226723,34.496183045386175],"axes":[220.5702900789015,220.5702900789015],"angle":90.0},"model_confidence":0.6900817998933273,"model_id":169,"model_birth_timestamp":75032.850243,"theta":2.2909722381368214,"phi":-1.9983974581712938,"method":"3d c++","id":1}
1948996,1948992,1,75049.167427,115,135,{"topic":"pupil.1","circle_3d":{"center":[-4.265709891855328,-1.4942671471335291,59.164357477552755],"normal":[-0.31371850028561116,0.6507754165334894,-0.691427552108108],"radius":1.4348627536920928},"confidence":0.9991429963110925,"timestamp":75049.167427,"diameter_3d":2.8697255073841856,"ellipse":{"center":[115.36382013085284,104.1722086160286],"axes":[20.555520307872133,30.162064324674613],"angle":-60.250361705893994},"norm_pos":[0.3605119379089151,0.5659491307665475],"diameter":30.162064324674613,"sphere":{"center":[-0.5010878884279936,-9.303572145535401,67.46148810285005],"radius":12.0},"projected_sphere":{"center":[155.39478746226723,34.496183045386175],"axes":[220.5702900789015,220.5702900789015],"angle":90.0},"model_confidence":0.6898829301618559,"model_id":169,"model_birth_timestamp":75032.850243,"theta":2.279401582603831,"phi":-1.9967442847587165,"method":"3d c++","id":1}
1949003,1949002,1,75049.175827,115,136,{"topic":"pupil.1","circle_3d":{"center":[-4.280527025674439,-1.5799067549864372,59.09125317528165],"normal":[-0.31495326143720376,0.643638782545747,-0.6975195772973667],"radius":1.4693847406294496},"confidence":0.9997787594864115,"timestamp":75049.175827,"diameter_3d":2.938769481258899,"ellipse":{"center":[115.15763836550423,103.24579584983996],"axes":[21.279964046284086,30.928277083639074],"angle":-59.790202504114575},"norm_pos":[0.35986761989220073,0.5698091839590002],"diameter":30.928277083639074,"sphere":{"center":[-0.5010878884279936,-9.303572145535401,67.46148810285005],"radius":12.0},"projected_sphere":{"center":[155.39478746226723,34.496183045386175],"axes":[220.5702900789015,220.5702900789015],"angle":90.0},"model_confidence":0.6899202784704905,"model_id":169,"model_birth_timestamp":75032.850243,"theta":2.2700396735379194,"phi":-1.9949245489405765,"method":"3d c++","id":1}
1949011,1949009,1,75049.184227,114,137,{"topic":"pupil.1","circle_3d":{"center":[-4.304305865663804,-1.6276420747442604,59.05817741205951],"normal":[-0.31693483143631757,0.6396608392325951,-0.700275890899212],"radius":1.4501150280631492},"confidence":0.9997102822029185,"timestamp":75049.184227,"diameter_3d":2.9002300561262984,"ellipse":{"center":[114.88196736447294,102.74007200263095],"axes":[21.09913723597231,30.541277810997027],"angle":-59.43556400697736},"norm_pos":[0.35900614801397795,0.5719163666557043],"diameter":30.541277810997027,"sphere":{"center":[-0.5010878884279936,-9.303572145535401,67.46148810285005],"radius":12.0},"projected_sphere":{"center":[155.39478746226723,34.496183045386175],"axes":[220.5702900789015,220.5702900789015],"angle":90.0},"model_confidence":0.6898690246024963,"model_id":169,"model_birth_timestamp":75032.850243,"theta":2.264853273410804,"phi":-1.9957984141869671,"method":"3d c++","id":1}
1949019,1949013,1,75049.192627,114,137,{"topic":"pupil.1","circle_3d":{"center":[-4.29444954505005,-1.6124132663923696,59.06765212411847],"normal":[-0.3161134713851714,0.6409299065952526,-0.6994863315609656],"radius":1.4416931456692779},"confidence":0.9997111003074731,"timestamp":75049.192627,"diameter_3d":2.8833862913385557,"ellipse":{"center":[114.99154865728008,102.90461390529249],"axes":[20.949242271865472,30.358390286905177],"angle":-59.56288972743624},"norm_pos":[0.35934858955400023,0.5712307753946146],"diameter":30.358390286905177,"sphere":{"center":[-0.5010878884279936,-9.303572145535401,67.46148810285005],"radius":12.0},"projected_sphere":{"center":[155.39478746226723,34.496183045386175],"axes":[220.5702900789015,220.5702900789015],"angle":90.0},"model_confidence":0.6897945419206186,"model_id":169,"model_birth_timestamp":75032.850243,"theta":2.266505428397299,"phi":-1.9952476882432815,"method":"3d c++","id":1}
1949029,1949028,1,75049.201027,114,136,{"topic":"pupil.1","circle_3d":{"center":[-4.3110873975178885,-1.5504687134812922,59.132425075557876],"normal":[-0.31749995909082457,0.6460919526711758,-0.6940885856076815],"radius":1.4530940919027833},"confidence":0.9991625551151119,"timestamp":75049.201027,"diameter_3d":2.9061881838055665,"ellipse":{"center":[114.86688410208734,103.57039043041692],"axes":[20.90655680014857,30.56431321814821],"angle":-59.73275694866507},"norm_pos":[0.3589590128190229,0.5684567065399295],"diameter":30.56431321814821,"sphere":{"center":[-0.5010878884279936,-9.303572145535401,67.46148810285005],"radius":12.0},"projected_sphere":{"center":[155.39478746226723,34.496183045386175],"axes":[220.5702900789015,220.5702900789015],"angle":90.0},"model_confidence":0.6895709858901644,"model_id":169,"model_birth_timestamp":75032.850243,"theta":2.27324938919159,"phi":-1.9998154319057468,"method":"3d c++","id":1}
1949038,1949035,1,75049.209427,115,135,{"topic":"pupil.1","circle_3d":{"center":[-4.303048220879208,-1.4487090721163103,59.224606185018246],"normal":[-0.3168300277042678,0.6545719227849243,-0.6864068264859842],"radius":1.4769141055650188},"confidence":0.9995361188009555,"timestamp":75049.209427,"diameter_3d":2.9538282111300376,"ellipse":{"center":[115.02207409188811,104.65573086320175],"axes":[20.956426587561793,31.014963676224163],"angle":-60.21851449480087},"norm_pos":[0.35944398153715035,0.5639344547366594],"diameter":31.014963676224163,"sphere":{"center":[-0.5010878884279936,-9.303572145535401,67.46148810285005],"radius":12.0},"projected_sphere":{"center":[155.39478746226723,34.496183045386175],"axes":[220.5702900789015,220.5702900789015],"angle":90.0},"model_confidence":0.6894408386614259,"model_id":169,"model_birth_timestamp":75032.850243,"theta":2.284412568465662,"phi":-2.0032363817962526,"method":"3d c++","id":1}
1949043,1949043,1,75049.217827,115,134,{"topic":"pupil.1","circle_3d":{"center":[-4.280845605876011,-1.3336757518325246,59.32550733400393],"normal":[-0.3149798097873348,0.6641580328085731,-0.6779983974038439],"radius":1.4837967073095224},"confidence":0.9993253564750357,"timestamp":75049.217827,"diameter_3d":2.967593414619045,"ellipse":{"center":[115.32939526431299,105.88258196030499],"axes":[20.735823286995945,31.103768128835753],"angle":-60.833534396576795},"norm_pos":[0.3604043602009781,0.5588225751653959],"diameter":31.103768128835753,"sphere":{"center":[-0.5010878884279936,-9.303572145535401,67.46148810285005],"radius":12.0},"projected_sphere":{"center":[155.39478746226723,34.496183045386175],"axes":[220.5702900789015,220.5702900789015],"angle":90.0},"model_confidence":0.6892951668325487,"model_id":169,"model_birth_timestamp":75032.850243,"theta":2.297163341978209,"phi":-2.0057029291509667,"method":"3d c++","id":1}
1949052,1949047,1,75049.226227,115,133,{"topic":"pupil.1","circle_3d":{"center":[-4.295505318919956,-1.262881753637851,59.40235078023139],"normal":[-0.31620145254099685,0.6700575326581292,-0.671594776884889],"radius":1.4868346039120557},"confidence":0.9989792854873704,"timestamp":75049.226227,"diameter_3d":2.9736692078241114,"ellipse":{"center":[115.23362361673553,106.63953757903364],"axes":[20.52839916309662,31.126300466591328],"angle":-61.0363959729311},"norm_pos":[0.3601050738022985,0.5556685934206931],"diameter":31.126300466591328,"sphere":{"center":[-0.5010878884279936,-9.303572145535401,67.46148810285005],"radius":12.0},"projected_sphere":{"center":[155.39478746226723,34.496183045386175],"axes":[220.5702900789015,220.5702900789015],"angle":90.0},"model_confidence":0.689065797478916,"model_id":169,"model_birth_timestamp":75032.850243,"theta":2.305082616518437,"phi":-2.010830099908049,"method":"3d c++","id":1}
1949059,1949055,1,75049.234626,115,132,{"topic":"pupil.1","circle_3d":{"center":[-4.230915653787313,-1.2064082470026847,59.42878484422951],"normal":[-0.31081898044660994,0.6747636582110598,-0.669391938218379],"radius":1.4844331122905638},"confidence":0.9986882555065254,"timestamp":75049.234626,"diameter_3d":2.9688662245811277,"ellipse":{"center":[115.92562390709392,107.23483994568673],"axes":[20.425800980916407,31.059352007732617],"angle":-61.648935731806176},"norm_pos":[0.3622675747096685,0.5531881668929719],"diameter":31.059352007732617,"sphere":{"center":[-0.5010878884279936,-9.303572145535401,67.46148810285005],"radius":12.0},"projected_sphere":{"center":[155.39478746226723,34.496183045386175],"axes":[220.5702900789015,220.5702900789015],"angle":90.0},"model_confidence":0.688706017000773,"model_id":169,"model_birth_timestamp":75032.850243,"theta":2.311440750474141,"phi":-2.005503246191688,"method":"3d c++","id":1}
1949069,1949064,1,75049.243026,116,132,{"topic":"pupil.1","circle_3d":{"center":[-4.205590801864027,-1.2150912133539435,59.40834372477754],"normal":[-0.3087085761196694,0.6740400776817882,-0.671095364839376],"radius":1.4691999725486453},"confidence":0.9978932595061252,"timestamp":75049.243026,"diameter_3d":2.9383999450972906,"ellipse":{"center":[116.17325183020128,107.14316368513738],"axes":[20.286564821714965,30.750525274791908],"angle":-61.765977341205485},"norm_pos":[0.363041411969379,0.5535701513119275],"diameter":30.750525274791908,"sphere":{"center":[-0.5010878884279936,-9.303572145535401,67.46148810285005],"radius":12.0},"projected_sphere":{"center":[155.39478746226723,34.496183045386175],"axes":[220.5702900789015,220.5702900789015],"angle":90.0},"model_confidence":0.6881126386327763,"model_id":169,"model_birth_timestamp":75032.850243,"theta":2.3104607729153437,"phi":-2.001940858051093,"method":"3d c++","id":1}
1949079,1949076,1,75049.251426,116,133,{"topic":"pupil.1","circle_3d":{"center":[-4.160751101593165,-1.2504005287645708,59.3526477371108],"normal":[-0.30497193443043097,0.6710976347309026,-0.6757366971449377],"radius":1.4735353519103696},"confidence":0.998099790839616,"timestamp":75049.251426,"diameter_3d":2.947070703820739,"ellipse":{"center":[116.60085500904864,106.76053574482303],"axes":[20.5338615965408,30.86956505364179],"angle":-61.89541765172723},"norm_pos":[0.364377671903277,0.5551644343965707],"diameter":30.86956505364179,"sphere":{"center":[-0.5010878884279936,-9.303572145535401,67.46148810285005],"radius":12.0},"projected_sphere":{"center":[155.39478746226723,34.496183045386175],"axes":[220.5702900789015,220.5702900789015],"angle":90.0},"model_confidence":0.6875780522038855,"model_id":169,"model_birth_timestamp":75032.850243,"theta":2.3064846751829267,"phi":-1.99474551585762,"method":"3d c++","id":1}
1949087,1949081,1,75049.259826,116,134,{"topic":"pupil.1","circle_3d":{"center":[-4.137647048860853,-1.320970933579007,59.27286701236454],"normal":[-0.3030465967027383,0.6652167676630328,-0.6823850908737927],"radius":1.4897706618486983},"confidence":0.9994347172690914,"timestamp":75049.259826,"diameter_3d":2.9795413236973967,"ellipse":{"center":[116.78621378160587,105.99999700731954],"axes":[21.022763140717995,31.25236473785604],"angle":-61.75213918430967},"norm_pos":[0.36495691806751834,0.5583333458028352],"diameter":31.25236473785604,"sphere":{"center":[-0.5010878884279936,-9.303572145535401,67.46148810285005],"radius":12.0},"projected_sphere":{"center":[155.39478746226723,34.496183045386175],"axes":[220.5702900789015,220.5702900789015],"angle":90.0},"model_confidence":0.6874537195213914,"model_id":169,"model_birth_timestamp":75032.850243,"theta":2.298580427466452,"phi":-1.9887322292017933,"method":"3d c++","id":1}
1949096,1949091,1,75049.268226,117,134,{"topic":"pupil.1","circle_3d":{"center":[-4.103147109513636,-1.3859630989332121,59.19489047426337],"normal":[-0.3001716017571369,0.6598007538835158,-0.6888831357155574],"radius":1.480206257476884},"confidence":0.9991254753247172,"timestamp":75049.268226,"diameter_3d":2.960412514953768,"ellipse":{"center":[117.09020869821772,105.3025560134683],"axes":[21.146057262124113,31.092690845025135],"angle":-61.69975492605124},"norm_pos":[0.3659069021819304,0.5612393499438821],"diameter":31.092690845025135,"sphere":{"center":[-0.5010878884279936,-9.303572145535401,67.46148810285005],"radius":12.0},"projected_sphere":{"center":[155.39478746226723,34.496183045386175],"axes":[220.5702900789015,220.5702900789015],"angle":90.0},"model_confidence":0.687236861754803,"model_id":169,"model_birth_timestamp":75032.850243,"theta":2.291349904602101,"phi":-1.9817257185646822,"method":"3d c++","id":1}
1949103,1949102,1,75049.276626,117,135,{"topic":"pupil.1","circle_3d":{"center":[-4.099688183502487,-1.4385196518495835,59.14337382208568],"normal":[-0.29988335792287446,0.6554210411404848,-0.693176190063698],"radius":1.5031645638178843},"confidence":0.9998461460364145,"timestamp":75049.276626,"diameter_3d":3.0063291276357686,"ellipse":{"center":[117.09181975777193,104.7329230227868],"axes":[21.64338988923399,31.603457301989284],"angle":-61.504781572021614},"norm_pos":[0.3659119367430373,0.5636128207383884],"diameter":31.603457301989284,"sphere":{"center":[-0.5010878884279936,-9.303572145535401,67.46148810285005],"radius":12.0},"projected_sphere":{"center":[155.39478746226723,34.496183045386175],"axes":[220.5702900789015,220.5702900789015],"angle":90.0},"model_confidence":0.687273202664962,"model_id":169,"model_birth_timestamp":75032.850243,"theta":2.285536288190785,"phi":-1.979105230115601,"method":"3d c++","id":1}
1949112,1949108,1,75049.285026,117,135,{"topic":"pupil.1","circle_3d":{"center":[-4.064909045236334,-1.4667935460400638,59.10181825621274],"normal":[-0.29698509640069504,0.6530648832912781,-0.696639153886443],"radius":1.5033600948191388},"confidence":0.9995728077568746,"timestamp":75049.285026,"diameter_3d":3.0067201896382776,"ellipse":{"center":[117.42641436909426,104.4250974328279],"axes":[21.79043532599398,31.629255487990047],"angle":-61.60446405018067},"norm_pos":[0.3669575449034196,0.5648954273632171],"diameter":31.629255487990047,"sphere":{"center":[-0.5010878884279936,-9.303572145535401,67.46148810285005],"radius":12.0},"projected_sphere":{"center":[155.39478746226723,34.496183045386175],"axes":[220.5702900789015,220.5702900789015],"angle":90.0},"model_confidence":0.6871589077421247,"model_id":169,"model_birth_timestamp":75032.850243,"theta":2.2824208453325543,"phi":-1.9737770756425328,"method":"3d c++","id":1}
1949117,1949114,1,75049.293426,117,135,{"topic":"pupil.1","circle_3d":{"center":[-4.065529319745612,-1.4822317587559075,59.087636430122714],"normal":[-0.2970367859431349,0.6517783655649578,-0.697820972727278],"radius":1.4914014322272515},"confidence":0.9993293473244281,"timestamp":75049.293426,"diameter_3d":2.982802864454503,"ellipse":{"center":[117.40880499554855,104.26231125649092],"axes":[21.66292531545653,31.385402761333946],"angle":-61.5364332074588},"norm_pos":[0.3669025156110892,0.5655737030979545],"diameter":31.385402761333946,"sphere":{"center":[-0.5010878884279936,-9.303572145535401,67.46148810285005],"radius":12.0},"projected_sphere":{"center":[155.39478746226723,34.496183045386175],"axes":[220.5702900789015,220.5702900789015],"angle":90.0},"model_confidence":0.6869678880501273,"model_id":169,"model_birth_timestamp":75032.850243,"theta":2.2807232696979445,"phi":-1.9732286706929594,"method":"3d c++","id":1}
1949127,1949125,1,75049.301826,117,135,{"topic":"pupil.1","circle_3d":{"center":[-4.0540473731952,-1.4713617743827667,59.09291835637534],"normal":[-0.29607995706393386,0.6526841975960529,-0.697380812206226],"radius":1.503929917105248},"confidence":0.9962011082933255,"timestamp":75049.301826,"diameter_3d":3.007859834210496,"ellipse":{"center":[117.53392435521171,104.37455718575929],"axes":[21.83043234290329,31.645766521359914],"angle":-61.653574832219675},"norm_pos":[0.3672935136100366,0.5651060117260029],"diameter":31.645766521359914,"sphere":{"center":[-0.5010878884279936,-9.303572145535401,67.46148810285005],"radius":12.0},"projected_sphere":{"center":[155.39478746226723,34.496183045386175],"axes":[220.5702900789015,220.5702900789015],"angle":90.0},"model_confidence":0.6866392333681692,"model_id":169,"model_birth_timestamp":75032.850243,"theta":2.281918267425145,"phi":-1.9722941819680762,"method":"3d c++","id":1}
1949138,1949137,1,75049.310226,117,135,{"topic":"pupil.1","circle_3d":{"center":[-4.057763736495056,-1.4654101445611474,59.10007235201816],"normal":[-0.29638965400558853,0.6531801667478545,-0.696784645902658],"radius":1.4957942368135522},"confidence":0.999442858362741,"timestamp":75049.310226,"diameter_3d":2.9915884736271043,"ellipse":{"center":[117.49930883228456,104.44096676790316],"axes":[21.688069900413886,31.470712718898202],"angle":-61.654980436124674},"norm_pos":[0.3671853401008892,0.5648293051337367],"diameter":31.470712718898202,"sphere":{"center":[-0.5010878884279936,-9.303572145535401,67.46148810285005],"radius":12.0},"projected_sphere":{"center":[155.39478746226723,34.496183045386175],"axes":[220.5702900789015,220.5702900789015],"angle":90.0},"model_confidence":0.6865029720145688,"model_id":169,"model_birth_timestamp":75032.850243,"theta":2.2825730845067786,"phi":-1.9729783439238295,"method":"3d c++","id":1}
1949142,1949142,1,75049.318626,117,135,{"topic":"pupil.1","circle_3d":{"center":[-4.0431719739294225,-1.448979494938861,59.10930188459365],"normal":[-0.2951736737917857,0.6545493875497117,-0.6960155181880342],"radius":1.4763353531713739},"confidence":0.9985298526230193,"timestamp":75049.318626,"diameter_3d":2.9526707063427478,"ellipse":{"center":[117.65683727924927,104.62044342754696],"axes":[21.379434607472607,31.055597860895674],"angle":-61.8144363221019},"norm_pos":[0.36767761649765396,0.5640814857185543],"diameter":31.055597860895674,"sphere":{"center":[-0.5010878884279936,-9.303572145535401,67.46148810285005],"radius":12.0},"projected_sphere":{"center":[155.39478746226723,34.496183045386175],"axes":[220.5702900789015,220.5702900789015],"angle":90.0},"model_confidence":0.6860821516350146,"model_id":169,"model_birth_timestamp":75032.850243,"theta":2.2843827603276448,"phi":-1.9718964948729276,"method":"3d c++","id":1}
1949153,1949150,1,75049.327026,117,135,{"topic":"pupil.1","circle_3d":{"center":[-4.034308185876927,-1.4576830026198362,59.09737560439724],"normal":[-0.2944350247874111,0.6538240952429638,-0.6970093748710675],"radius":1.4991733538979284},"confidence":0.999666088437372,"timestamp":75049.327026,"diameter_3d":2.9983467077958568,"ellipse":{"center":[117.74332843558187,104.5202658298923],"axes":[21.75141426364947,31.54242116316037],"angle":-61.834130559449875},"norm_pos":[0.3679479013611934,0.5644988923754488],"diameter":31.54242116316037,"sphere":{"center":[-0.5010878884279936,-9.303572145535401,67.46148810285005],"radius":12.0},"projected_sphere":{"center":[155.39478746226723,34.496183045386175],"axes":[220.5702900789015,220.5702900789015],"angle":90.0},"model_confidence":0.6859928102747714,"model_id":169,"model_birth_timestamp":75032.850243,"theta":2.283423801333121,"phi":-1.9704849281249806,"method":"3d c++","id":1}
1949164,1949158,1,75049.335426,117,135,{"topic":"pupil.1","circle_3d":{"center":[-4.0410770314181566,-1.462878107253971,59.09536630923685],"normal":[-0.2949990952491803,0.6533911698567859,-0.6971768161344336],"radius":1.4895174472415356},"confidence":0.9994703950473807,"timestamp":75049.335426,"diameter_3d":2.979034894483071,"ellipse":{"center":[117.6701633234666,104.46769013627664],"axes":[21.616173118513274,31.340556918269126],"angle":-61.770176166370106},"norm_pos":[0.36771926038583314,0.5647179577655139],"diameter":31.340556918269126,"sphere":{"center":[-0.5010878884279936,-9.303572145535401,67.46148810285005],"radius":12.0},"projected_sphere":{"center":[155.39478746226723,34.496183045386175],"axes":[220.5702900789015,220.5702900789015],"angle":90.0},"model_confidence":0.6858455975138233,"model_id":169,"model_birth_timestamp":75032.850243,"theta":2.2828517794003336,"phi":-1.9710852487979729,"method":"3d c++","id":1}
1949171,1949171,1,75049.343826,117,135,{"topic":"pupil.1","circle_3d":{"center":[-4.053336646454851,-1.4723617055254525,59.09168094823916],"normal":[-0.2960207298355715,0.6526008700008291,-0.6974839295509083],"radius":1.5092992325519698},"confidence":0.9997067089571748,"timestamp":75049.343826,"diameter_3d":3.0185984651039397,"ellipse":{"center":[117.54098768079604,104.36238351723716],"axes":[21.912661679990656,31.759447699765676],"angle":-61.653867345946225},"norm_pos":[0.36731558650248763,0.5651567353448452],"diameter":31.759447699765676,"sphere":{"center":[-0.5010878884279936,-9.303572145535401,67.46148810285005],"radius":12.0},"projected_sphere":{"center":[155.39478746226723,34.496183045386175],"axes":[220.5702900789015,220.5702900789015],"angle":90.0},"model_confidence":0.6857680212241535,"model_id":169,"model_birth_timestamp":75032.850243,"theta":2.281808288095747,"phi":-1.9721690466211494,"method":"3d c++","id":1}
1949178,1949175,1,75049.352226,117,135,{"topic":"pupil.1","circle_3d":{"center":[-4.05542370221887,-1.478085697999357,59.08721447570882],"normal":[-0.2961946511492397,0.6521238706280037,-0.6978561355951031],"radius":1.5007887562793896},"confidence":0.9993572638008947,"timestamp":75049.352226,"diameter_3d":3.001577512558779,"ellipse":{"center":[117.51520300523086,104.30327679068868],"axes":[21.803137886074765,31.582860487015605],"angle":-61.617029586704376},"norm_pos":[0.36723500939134646,0.5654030133721305],"diameter":31.582860487015605,"sphere":{"center":[-0.5010878884279936,-9.303572145535401,67.46148810285005],"radius":12.0},"projected_sphere":{"center":[155.39478746226723,34.496183045386175],"axes":[220.5702900789015,220.5702900789015],"angle":90.0},"model_confidence":0.6855834473161959,"model_id":169,"model_birth_timestamp":75032.850243,"theta":2.2811789242469955,"phi":-1.972188416689253,"method":"3d c++","id":1}
1949188,1949186,1,75049.360626,117,135,{"topic":"pupil.1","circle_3d":{"center":[-4.058082521733624,-1.4808784063247185,59.085734295511344],"normal":[-0.29641621944213586,0.6518911449342236,-0.6979794839448926],"radius":1.4937033791693792},"confidence":0.9997265949819343,"timestamp":75049.360626,"diameter_3d":2.9874067583387585,"ellipse":{"center":[117.4856651756055,104.2753631424749],"axes":[21.704329265686827,31.434623616095173],"angle":-61.58875724874767},"norm_pos":[0.3671427036737672,0.565519320239688],"diameter":31.434623616095173,"sphere":{"center":[-0.5010878884279936,-9.303572145535401,67.46148810285005],"radius":12.0},"projected_sphere":{"center":[155.39478746226723,34.496183045386175],"axes":[220.5702900789015,220.5702900789015],"angle":90.0},"model_confidence":0.68553601825041,"model_id":169,"model_birth_timestamp":75032.850243,"theta":2.28087198431425,"phi":-1.9723938272155934,"method":"3d c++","id":1}
1949195,1949192,1,75049.369026,117,135,{"topic":"pupil.1","circle_3d":{"center":[-4.070335609357196,-1.4897448379408944,59.08267115093303],"normal":[-0.2974373100774335,0.6511522756328756,-0.6982347459930852],"radius":1.5159027326845314},"confidence":0.9996305086396206,"timestamp":75049.369026,"diameter_3d":3.0318054653690627,"ellipse":{"center":[117.35720976259319,104.17605515560096],"axes":[22.034301339053094,31.90415589139799],"angle":-61.47489994128938},"norm_pos":[0.36674128050810373,0.5659331035183293],"diameter":31.90415589139799,"sphere":{"center":[-0.5010878884279936,-9.303572145535401,67.46148810285005],"radius":12.0},"projected_sphere":{"center":[155.39478746226723,34.496183045386175],"axes":[220.5702900789015,220.5702900789015],"angle":90.0},"model_confidence":0.6854654335310628,"model_id":169,"model_birth_timestamp":75032.850243,"theta":2.2798980320511486,"phi":-1.9735007176867796,"method":"3d c++","id":1}
1949204,1949199,1,75049.377426,117,135,{"topic":"pupil.1","circle_3d":{"center":[-4.074450909215674,-1.4786151041633762,59.094820664595474],"normal":[-0.2977802517323067,0.6520797534476688,-0.6972222865212151],"radius":1.5015015063420514},"confidence":0.9994116517056357,"timestamp":75049.377426,"diameter_3d":3.0030030126841027,"ellipse":{"center":[117.3213803334316,104.2997567141811],"axes":[21.784108208110776,31.5943855206667],"angle":-61.495596720566766},"norm_pos":[0.36662931354197376,0.5654176803575788],"diameter":31.5943855206667,"sphere":{"center":[-0.5010878884279936,-9.303572145535401,67.46148810285005],"radius":12.0},"projected_sphere":{"center":[155.39478746226723,34.496183045386175],"axes":[220.5702900789015,220.5702900789015],"angle":90.0},"model_confidence":0.6853505845198948,"model_id":169,"model_birth_timestamp":75032.850243,"theta":2.281120732250089,"phi":-1.974440239417524,"method":"3d c++","id":1}
1949211,1949204,1,75049.385826,117,135,{"topic":"pupil.1","circle_3d":{"center":[-4.096806485172113,-1.4459539247449698,59.1351057149621],"normal":[-0.2996432163953433,0.6548015183992026,-0.6938651989906628],"radius":1.4957721781744275},"confidence":0.9995955933602756,"timestamp":75049.385826,"diameter_3d":2.991544356348855,"ellipse":{"center":[117.11541734659673,104.65462863898985],"axes":[21.564463268378866,31.452428188891776],"angle":-61.49191393893415},"norm_pos":[0.36598567920811476,0.5639390473375423],"diameter":31.452428188891776,"sphere":{"center":[-0.5010878884279936,-9.303572145535401,67.46148810285005],"radius":12.0},"projected_sphere":{"center":[155.39478746226723,34.496183045386175],"axes":[220.5702900789015,220.5702900789015],"angle":90.0},"model_confidence":0.6852425810448315,"model_id":169,"model_birth_timestamp":75032.850243,"theta":2.2847163064192624,"phi":-1.9784516495417734,"method":"3d c++","id":1}
1949222,1949222,1,75049.394226,116,134,{"topic":"pupil.1","circle_3d":{"center":[-4.115916978732056,-1.4111368559601747,59.176412614493955],"normal":[-0.30123575752533854,0.6577029407979356,-0.6904229573630085],"radius":1.496860213447329},"confidence":0.9992539198563121,"timestamp":75049.394226,"diameter_3d":2.993720426894658,"ellipse":{"center":[116.94501938758965,105.03016210956342],"axes":[21.44121581043794,31.453286472417723],"angle":-61.517360806628545},"norm_pos":[0.36545318558621764,0.5623743245434858],"diameter":31.453286472417723,"sphere":{"center":[-0.5010878884279936,-9.303572145535401,67.46148810285005],"radius":12.0},"projected_sphere":{"center":[155.39478746226723,34.496183045386175],"axes":[220.5702900789015,220.5702900789015],"angle":90.0},"model_confidence":0.6850337768374182,"model_id":169,"model_birth_timestamp":75032.850243,"theta":2.288561592459155,"phi":-1.9822042478264053,"method":"3d c++","id":1}
1949226,1949222,1,75049.402626,117,134,{"topic":"pupil.1","circle_3d":{"center":[-4.103084325299347,-1.359915254410165,59.219890147062316],"normal":[-0.3001663697392795,0.6619714075937697,-0.6867998296489781],"radius":1.5095502409776427},"confidence":0.999691888775045,"timestamp":75049.402626,"diameter_3d":3.0191004819552854,"ellipse":{"center":[117.11126962741338,105.574319895868],"axes":[21.483619145862477,31.695436985067417],"angle":-61.80632500855188},"norm_pos":[0.3659727175856668,0.5601070004338833],"diameter":31.695436985067417,"sphere":{"center":[-0.5010878884279936,-9.303572145535401,67.46148810285005],"radius":12.0},"projected_sphere":{"center":[155.39478746226723,34.496183045386175],"axes":[220.5702900789015,220.5702900789015],"angle":90.0},"model_confidence":0.6849591968081659,"model_id":169,"model_birth_timestamp":75032.850243,"theta":2.2942422377683696,"phi":-1.9828296174477562,"method":"3d c++","id":1}
1949235,1949232,1,75049.411026,117,134,{"topic":"pupil.1","circle_3d":{"center":[-4.107601335045748,-1.322408324662172,59.258190910638284],"normal":[-0.30054278721814626,0.6650969850727692,-0.6836080993509811],"radius":1.4958227341223462},"confidence":0.9983306605012946,"timestamp":75049.411026,"diameter_3d":2.9916454682446925,"ellipse":{"center":[117.09004697131623,105.97967780553128],"axes":[21.162787183892373,31.386282217501197],"angle":-61.93051743646012},"norm_pos":[0.3659063967853632,0.5584180091436197],"diameter":31.386282217501197,"sphere":{"center":[-0.5010878884279936,-9.303572145535401,67.46148810285005],"radius":12.0},"projected_sphere":{"center":[155.39478746226723,34.496183045386175],"axes":[220.5702900789015,220.5702900789015],"angle":90.0},"model_confidence":0.6846774802933608,"model_id":169,"model_birth_timestamp":75032.850243,"theta":2.2984200122978766,"phi":-1.9850031739097957,"method":"3d c++","id":1}
1949246,1949243,1,75049.419426,117,133,{"topic":"pupil.1","circle_3d":{"center":[-4.117905685945598,-1.2963398940369135,59.288186402183285],"normal":[-0.30140148312646703,0.6672693542915407,-0.6811084750555644],"radius":1.4833391736165775},"confidence":0.998029854476322,"timestamp":75049.419426,"diameter_3d":2.966678347233155,"ellipse":{"center":[117.0026745186484,106.26266969347239],"axes":[20.887266853516163,31.108358150684886],"angle":-61.972300569000765},"norm_pos":[0.3656333578707763,0.5572388762771984],"diameter":31.108358150684886,"sphere":{"center":[-0.5010878884279936,-9.303572145535401,67.46148810285005],"radius":12.0},"projected_sphere":{"center":[155.39478746226723,34.496183045386175],"axes":[220.5702900789015,220.5702900789015],"angle":90.0},"model_confidence":0.6841878907277499,"model_id":169,"model_birth_timestamp":75032.850243,"theta":2.301332866017248,"phi":-1.9874092584621703,"method":"3d c++","id":1}
1949256,1949255,1,75049.427826,116,133,{"topic":"pupil.1","circle_3d":{"center":[-4.137336701877049,-1.2951678574456071,59.29796219028045],"normal":[-0.303020734454088,0.6673670240074828,-0.6802938260474668],"radius":1.4998624084757746},"confidence":0.9985254970167252,"timestamp":75049.427826,"diameter_3d":2.999724816951549,"ellipse":{"center":[116.80829127227139,106.27334853063843],"axes":[21.083827482270035,31.45036396379391],"angle":-61.85817819668907},"norm_pos":[0.36502591022584807,0.5571943811223399],"diameter":31.45036396379391,"sphere":{"center":[-0.5010878884279936,-9.303572145535401,67.46148810285005],"radius":12.0},"projected_sphere":{"center":[155.39478746226723,34.496183045386175],"axes":[220.5702900789015,220.5702900789015],"angle":90.0},"model_confidence":0.6840538894754222,"model_id":169,"model_birth_timestamp":75032.850243,"theta":2.3014640063113525,"phi":-1.9898402239253015,"method":"3d c++","id":1}
1949263,1949261,1,75049.436226,116,133,{"topic":"pupil.1","circle_3d":{"center":[-4.1483506714620795,-1.29743409070303,59.30065311870417],"normal":[-0.3039385652528405,0.667178171236031,-0.6800695820121571],"radius":1.4986625526224893},"confidence":0.9992105547111048,"timestamp":75049.436226,"diameter_3d":2.9973251052449785,"ellipse":{"center":[116.69516094475443,106.25068107767692],"axes":[21.055654429187214,31.424131937161064],"angle":-61.781874251356584},"norm_pos":[0.36467237795235763,0.5572888288430129],"diameter":31.424131937161064,"sphere":{"center":[-0.5010878884279936,-9.303572145535401,67.46148810285005],"radius":12.0},"projected_sphere":{"center":[155.39478746226723,34.496183045386175],"axes":[220.5702900789015,220.5702900789015],"angle":90.0},"model_confidence":0.683881553803134,"model_id":169,"model_birth_timestamp":75032.850243,"theta":2.3012104492115792,"phi":-1.9910882614572198,"method":"3d c++","id":1}
1949277,1949274,1,75049.444626,116,133,{"topic":"pupil.1","circle_3d":{"center":[-4.176814391848905,-1.304074450811707,59.306914459540465],"normal":[-0.30631054195174257,0.6666248078936412,-0.6795478036091323],"radius":1.5035089575056035},"confidence":0.9980706675477289,"timestamp":75049.444626,"diameter_3d":3.007017915011207,"ellipse":{"center":[116.40305554799204,106.18179739948332],"axes":[21.09673776960721,31.52341281102016],"angle":-61.58186743440754},"norm_pos":[0.3637595485874751,0.5575758441688194],"diameter":31.52341281102016,"sphere":{"center":[-0.5010878884279936,-9.303572145535401,67.46148810285005],"radius":12.0},"projected_sphere":{"center":[155.39478746226723,34.496183045386175],"axes":[220.5702900789015,220.5702900789015],"angle":90.0},"model_confidence":0.6833627040493395,"model_id":169,"model_birth_timestamp":75032.850243,"theta":2.300467824995058,"phi":-1.994279122625511,"method":"3d c++","id":1}
1949278,1949277,1,75049.453026,116,133,{"topic":"pupil.1","circle_3d":{"center":[-4.1775962752483204,-1.3153173780786522,59.296252536631265],"normal":[-0.3063756989016939,0.6656878972880624,-0.6804362971848993],"radius":1.512521431119023},"confidence":0.9996788870531922,"timestamp":75049.453026,"diameter_3d":3.025042862238046,"ellipse":{"center":[116.38802633029347,106.05948129564044],"axes":[21.257991098339414,31.718366393851213],"angle":-61.53146192741917},"norm_pos":[0.3637125822821671,0.5580854946014981],"diameter":31.718366393851213,"sphere":{"center":[-0.5010878884279936,-9.303572145535401,67.46148810285005],"radius":12.0},"projected_sphere":{"center":[155.39478746226723,34.496183045386175],"axes":[220.5702900789015,220.5702900789015],"angle":90.0},"model_confidence":0.68374798980253,"model_id":169,"model_birth_timestamp":75032.850243,"theta":2.2992115959887913,"phi":-1.9938694439218279,"method":"3d c++","id":1}
1949289,1949288,1,75049.461425,116,134,{"topic":"pupil.1","circle_3d":{"center":[-4.201257383333917,-1.3424451386007803,59.28046112034817],"normal":[-0.30834745790882695,0.6634272505778851,-0.6817522485418235],"radius":1.5140097721641428},"confidence":0.9994717960156588,"timestamp":75049.461425,"diameter_3d":3.0280195443282856,"ellipse":{"center":[116.12976447568198,105.7718103931644],"axes":[21.325011285111117,31.75923971397705],"angle":-61.27706240195829},"norm_pos":[0.36290551398650617,0.559284123361815],"diameter":31.75923971397705,"sphere":{"center":[-0.5010878884279936,-9.303572145535401,67.46148810285005],"radius":12.0},"projected_sphere":{"center":[155.39478746226723,34.496183045386175],"axes":[220.5702900789015,220.5702900789015],"angle":90.0},"model_confidence":0.684505253254819,"model_id":169,"model_birth_timestamp":75032.850243,"theta":2.296186251389781,"phi":-1.995550225920669,"method":"3d c++","id":1}
1949294,1949293,1,75049.469825,116,134,{"topic":"pupil.1","circle_3d":{"center":[-4.205416095492598,-1.3588228162526708,59.26643406829927],"normal":[-0.3086940172553837,0.6620624441068942,-0.6829211695458989],"radius":1.5262036702088322},"confidence":0.9996663554196574,"timestamp":75049.469825,"diameter_3d":3.0524073404176644,"ellipse":{"center":[116.07729371568539,105.59404420136016],"axes":[21.54221643599901,32.02312477537457],"angle":-61.184492801582024},"norm_pos":[0.36274154286151683,0.560024815827666],"diameter":32.02312477537457,"sphere":{"center":[-0.5010878884279936,-9.303572145535401,67.46148810285005],"radius":12.0},"projected_sphere":{"center":[155.39478746226723,34.496183045386175],"axes":[220.5702900789015,220.5702900789015],"angle":90.0},"model_confidence":0.68531471032649,"model_id":169,"model_birth_timestamp":75032.850243,"theta":2.294363702562632,"phi":-1.995328804242947,"method":"3d c++","id":1}
1949303,1949299,1,75049.478225,115,134,{"topic":"pupil.1","circle_3d":{"center":[-4.223328739138485,-1.373918518740287,59.25993237187089],"normal":[-0.3101867375592076,0.6608044688995929,-0.6834629775815968],"radius":1.5100481142833928},"confidence":0.9981644699427054,"timestamp":75049.478225,"diameter_3d":3.0200962285667856,"ellipse":{"center":[115.88400761773903,105.43868357111472],"axes":[21.330962637761598,31.688313290381497],"angle":-61.013561912493884},"norm_pos":[0.36213752380543446,0.560672151787022],"diameter":31.688313290381497,"sphere":{"center":[-0.5010878884279936,-9.303572145535401,67.46148810285005],"radius":12.0},"projected_sphere":{"center":[155.39478746226723,34.496183045386175],"axes":[220.5702900789015,220.5702900789015],"angle":90.0},"model_confidence":0.6852788859768477,"model_id":169,"model_birth_timestamp":75032.850243,"theta":2.292686410252293,"phi":-1.9968437384542923,"method":"3d c++","id":1}
1949310,1949304,1,75049.486625,115,134,{"topic":"pupil.1","circle_3d":{"center":[-4.2225888280926,-1.389420517649203,59.244637442962066],"normal":[-0.3101250783053839,0.6595126356571832,-0.6847375549906658],"radius":1.5163239038014347},"confidence":0.999115759663626,"timestamp":75049.486625,"diameter_3d":3.0326478076028693,"ellipse":{"center":[115.88115658189342,105.27106470176516],"axes":[21.47007354422472,31.82853725769707],"angle":-60.95374380204248},"norm_pos":[0.3621286143184169,0.5613705637426452],"diameter":31.82853725769707,"sphere":{"center":[-0.5010878884279936,-9.303572145535401,67.46148810285005],"radius":12.0},"projected_sphere":{"center":[155.39478746226723,34.496183045386175],"axes":[220.5702900789015,220.5702900789015],"angle":90.0},"model_confidence":0.685085540447461,"model_id":169,"model_birth_timestamp":75032.850243,"theta":2.2909665479494885,"phi":-1.9960682919542896,"method":"3d c++","id":1}
1949319,1949316,1,75049.495025,115,134,{"topic":"pupil.1","circle_3d":{"center":[-4.230113271755696,-1.3853544920352387,59.25196930560645],"normal":[-0.31075211527730856,0.6598514711250135,-0.684126566436967],"radius":1.51333762440457},"confidence":0.9992617531767239,"timestamp":75049.495025,"diameter_3d":3.02667524880914,"ellipse":{"center":[115.80764129178169,105.31627518862415],"axes":[21.40190603684701,31.76205057677825],"angle":-60.92501062100314},"norm_pos":[0.3618988790368178,0.5611821867140661],"diameter":31.76205057677825,"sphere":{"center":[-0.5010878884279936,-9.303572145535401,67.46148810285005],"radius":12.0},"projected_sphere":{"center":[155.39478746226723,34.496183045386175],"axes":[220.5702900789015,220.5702900789015],"angle":90.0},"model_confidence":0.6853000024572897,"model_id":169,"model_birth_timestamp":75032.850243,"theta":2.291417399950228,"phi":-1.9971639317877776,"method":"3d c++","id":1}
1949330,1949327,1,75049.503425,115,134,{"topic":"pupil.1","circle_3d":{"center":[-4.251867515158812,-1.4011374243711057,59.246673578502104],"normal":[-0.3125649688942349,0.6585362267636913,-0.6845678770289957],"radius":1.519025822765498},"confidence":0.999679137679457,"timestamp":75049.503425,"diameter_3d":3.038051645530996,"ellipse":{"center":[115.57707624924552,105.14856373482635],"axes":[21.494495841333745,31.885276622581387],"angle":-60.72755195149455},"norm_pos":[0.36117836327889224,0.5618809844382235],"diameter":31.885276622581387,"sphere":{"center":[-0.5010878884279936,-9.303572145535401,67.46148810285005],"radius":12.0},"projected_sphere":{"center":[155.39478746226723,34.496183045386175],"axes":[220.5702900789015,220.5702900789015],"angle":90.0},"model_confidence":0.6855278836726764,"model_id":169,"model_birth_timestamp":75032.850243,"theta":2.2896683413720993,"phi":-1.9991146961072872,"method":"3d c++","id":1}
1949340,1949339,1,75049.511825,115,135,{"topic":"pupil.1","circle_3d":{"center":[-4.257700087765703,-1.4561455548144089,59.19675818064255],"normal":[-0.3130510166114758,0.653952215893416,-0.6887274935172927],"radius":1.5155120770267203},"confidence":0.9989807741982343,"timestamp":75049.511825,"diameter_3d":3.0310241540534406,"ellipse":{"center":[115.47905618160394,104.56064851764177],"axes":[21.60716997459732,31.839538997324855],"angle":-60.46087617007581},"norm_pos":[0.3608720505675123,0.5643306311764926],"diameter":31.839538997324855,"sphere":{"center":[-0.5010878884279936,-9.303572145535401,67.46148810285005],"radius":12.0},"projected_sphere":{"center":[155.39478746226723,34.496183045386175],"axes":[220.5702900789015,220.5702900789015],"angle":90.0},"model_confidence":0.6854489770210526,"model_id":169,"model_birth_timestamp":75032.850243,"theta":2.2835931406631444,"phi":-1.9974154748051265,"method":"3d c++","id":1}
1949346,1949344,1,75049.520225,115,135,{"topic":"pupil.1","circle_3d":{"center":[-4.258851749624069,-1.475473296622793,59.178971626854256],"normal":[-0.3131469884330063,0.6523415707427174,-0.6902097063329831],"radius":1.5090959413308105},"confidence":0.9538213244523619,"timestamp":75049.520225,"diameter_3d":3.018191882661621,"ellipse":{"center":[115.45328442103897,104.35506093258083],"axes":[21.573539099399035,31.714629045009726],"angle":-60.37190109453314},"norm_pos":[0.3607915138157468,0.5651872461142465],"diameter":31.714629045009726,"sphere":{"center":[-0.5010878884279936,-9.303572145535401,67.46148810285005],"radius":12.0},"projected_sphere":{"center":[155.39478746226723,34.496183045386175],"axes":[220.5702900789015,220.5702900789015],"angle":90.0},"model_confidence":0.6849470357111587,"model_id":169,"model_birth_timestamp":75032.850243,"theta":2.2814661204504367,"phi":-1.9967215237271472,"method":"3d c++","id":1}
1949355,1949350,1,75049.528625,115,135,{"topic":"pupil.1","circle_3d":{"center":[-4.300817780273166,-1.4890893344800231,59.18526244469293],"normal":[-0.3166441576537644,0.6512069009212815,-0.6896854715130936],"radius":1.5238495279727935},"confidence":0.9989360877590324,"timestamp":75049.528625,"diameter_3d":3.047699055945587,"ellipse":{"center":[115.02055904155594,104.21084169826025],"axes":[21.753273576109116,32.02293703215067],"angle":-60.05956191913893},"norm_pos":[0.3594392470048623,0.5657881595905823],"diameter":32.02293703215067,"sphere":{"center":[-0.5010878884279936,-9.303572145535401,67.46148810285005],"radius":12.0},"projected_sphere":{"center":[155.39478746226723,34.496183045386175],"axes":[220.5702900789015,220.5702900789015],"angle":90.0},"model_confidence":0.6848746312524634,"model_id":169,"model_birth_timestamp":75032.850243,"theta":2.279970009366226,"phi":-2.001203439879466,"method":"3d c++","id":1}
1949361,1949361,1,75049.537025,114,135,{"topic":"pupil.1","circle_3d":{"center":[-4.310707963815121,-1.4778020730369725,59.200488305392405],"normal":[-0.31746833961559395,0.6521475060415357,-0.6884166497881373],"radius":1.5179789943249582},"confidence":0.9989725875370415,"timestamp":75049.537025,"diameter_3d":3.0359579886499164,"ellipse":{"center":[114.92794358944269,104.33472016473091],"axes":[21.61685516618921,31.891402994291084],"angle":-60.04825026634262},"norm_pos":[0.35914982371700843,0.5652719993136213],"diameter":31.891402994291084,"sphere":{"center":[-0.5010878884279936,-9.303572145535401,67.46148810285005],"radius":12.0},"projected_sphere":{"center":[155.39478746226723,34.496183045386175],"axes":[220.5702900789015,220.5702900789015],"angle":90.0},"model_confidence":0.6847480788013005,"model_id":169,"model_birth_timestamp":75032.850243,"theta":2.281210101325116,"phi":-2.002889802344286,"method":"3d c++","id":1}
1949373,1949368,1,75049.545425,114,135,{"topic":"pupil.1","circle_3d":{"center":[-4.309484862398512,-1.460436999668807,59.21640814130181],"normal":[-0.3173664144975432,0.6535945954888829,-0.6870899967956869],"radius":1.533071776263743},"confidence":0.999711757614943,"timestamp":75049.545425,"diameter_3d":3.066143552527486,"ellipse":{"center":[114.95406506564666,104.51702400372852],"axes":[21.77939761773192,32.19956369761525],"angle":-60.12970334491288},"norm_pos":[0.35923145333014583,0.5645123999844646],"diameter":32.19956369761525,"sphere":{"center":[-0.5010878884279936,-9.303572145535401,67.46148810285005],"radius":12.0},"projected_sphere":{"center":[155.39478746226723,34.496183045386175],"axes":[220.5702900789015,220.5702900789015],"angle":90.0},"model_confidence":0.6852786820304879,"model_id":169,"model_birth_timestamp":75032.850243,"theta":2.283120529376039,"phi":-2.0035015643440603,"method":"3d c++","id":1}
1949381,1949379,1,75049.553825,114,135,{"topic":"pupil.1","circle_3d":{"center":[-4.3393067523749105,-1.438783915387134,59.25093501262749],"normal":[-0.3198515719955764,0.6553990191790223,-0.6842127575185472],"radius":1.5362951861765313},"confidence":0.99951218399821,"timestamp":75049.553825,"diameter_3d":3.0725903723530625,"ellipse":{"center":[114.66863609718087,104.75223995249888],"axes":[21.702887286709807,32.24897323129968],"angle":-60.042986167204845},"norm_pos":[0.3583394878036902,0.5635323335312546],"diameter":32.24897323129968,"sphere":{"center":[-0.5010878884279936,-9.303572145535401,67.46148810285005],"radius":12.0},"projected_sphere":{"center":[155.39478746226723,34.496183045386175],"axes":[220.5702900789015,220.5702900789015],"angle":90.0},"model_confidence":0.6853003329483465,"model_id":169,"model_birth_timestamp":75032.850243,"theta":2.285507130582902,"phi":-2.008086114598269,"method":"3d c++","id":1}
1949387,1949383,1,75049.562225,114,134,{"topic":"pupil.1","circle_3d":{"center":[-4.344222175465319,-1.399471054272765,59.29108390287935],"normal":[-0.32026119058644376,0.658675090938553,-0.6808670166642251],"radius":1.5161604198439327},"confidence":0.9977181446997493,"timestamp":75049.562225,"diameter_3d":3.0323208396878654,"ellipse":{"center":[114.64546644008149,105.17887652301137],"axes":[21.285485297459015,31.804004659097004],"angle":-60.18025080367039},"norm_pos":[0.35826708262525464,0.5617546811541193],"diameter":31.804004659097004,"sphere":{"center":[-0.5010878884279936,-9.303572145535401,67.46148810285005],"radius":12.0},"projected_sphere":{"center":[155.39478746226723,34.496183045386175],"axes":[220.5702900789015,220.5702900789015],"angle":90.0},"model_confidence":0.685051755182875,"model_id":169,"model_birth_timestamp":75032.850243,"theta":2.2898528813607184,"phi":-2.010462357050492,"method":"3d c++","id":1}
1949395,1949394,1,75049.570625,114,134,{"topic":"pupil.1","circle_3d":{"center":[-4.364923188956458,-1.3842494435601704,59.315623832413806],"normal":[-0.32198627504403865,0.659943558497936,-0.6788220225363539],"radius":1.5344645043354042},"confidence":0.9991384139635116,"timestamp":75049.570625,"diameter_3d":3.0689290086708083,"ellipse":{"center":[114.44964048969186,105.33988345918434],"axes":[21.456124987542943,32.17511489832764],"angle":-60.121320261962495},"norm_pos":[0.3576551265302871,0.5610838189200653],"diameter":32.17511489832764,"sphere":{"center":[-0.5010878884279936,-9.303572145535401,67.46148810285005],"radius":12.0},"projected_sphere":{"center":[155.39478746226723,34.496183045386175],"axes":[220.5702900789015,220.5702900789015],"angle":90.0},"model_confidence":0.6851054478391849,"model_id":169,"model_birth_timestamp":75032.850243,"theta":2.2915399615847982,"phi":-2.013698613139403,"method":"3d c++","id":1}
1949405,1949400,1,75049.579025,114,134,{"topic":"pupil.1","circle_3d":{"center":[-4.367575531620995,-1.3859538201349846,59.31522556360426],"normal":[-0.32220730359941674,0.6598015271167014,-0.6788552116038162],"radius":1.5198542443228105},"confidence":0.9984648774749533,"timestamp":75049.579025,"diameter_3d":3.039708488645621,"ellipse":{"center":[114.42026028619841,105.32561735435928],"axes":[21.252328941820092,31.868978317376936],"angle":-60.09845464681473},"norm_pos":[0.35756331339437003,0.561143261023503],"diameter":31.868978317376936,"sphere":{"center":[-0.5010878884279936,-9.303572145535401,67.46148810285005],"radius":12.0},"projected_sphere":{"center":[155.39478746226723,34.496183045386175],"axes":[220.5702900789015,220.5702900789015],"angle":90.0},"model_confidence":0.684859232243018,"model_id":169,"model_birth_timestamp":75032.850243,"theta":2.291350933603651,"phi":-2.0139454435925703,"method":"3d c++","id":1}
1949417,1949417,1,75049.587425,114,135,{"topic":"pupil.1","circle_3d":{"center":[-4.400775922810866,-1.423136500999017,59.29502208095224],"normal":[-0.3249740028652394,0.656702970378032,-0.6805388351581508],"radius":1.5221420362393272},"confidence":0.9984643165786946,"timestamp":75049.587425,"diameter_3d":3.0442840724786544,"ellipse":{"center":[114.05875680112388,104.93148932152218],"axes":[21.34230280873907,31.929559341350167],"angle":-59.74416612418827},"norm_pos":[0.3564336150035121,0.5627854611603242],"diameter":31.929559341350167,"sphere":{"center":[-0.5010878884279936,-9.303572145535401,67.46148810285005],"radius":12.0},"projected_sphere":{"center":[155.39478746226723,34.496183045386175],"axes":[220.5702900789015,220.5702900789015],"angle":90.0},"model_confidence":0.6848422911606034,"model_id":169,"model_birth_timestamp":75032.850243,"theta":2.287234867578123,"phi":-2.016302455382713,"method":"3d c++","id":1}
1949424,1949423,1,75049.595825,114,135,{"topic":"pupil.1","circle_3d":{"center":[-4.394444417689029,-1.4357929469713557,59.279811904252156],"normal":[-0.32444637743841964,0.6556482665470038,-0.6818063498831581],"radius":1.5260824293607906},"confidence":0.9990581111386699,"timestamp":75049.595825,"diameter_3d":3.0521648587215813,"ellipse":{"center":[114.1136863551056,104.79414987536911],"axes":[21.4493035314968,32.02051809006511],"angle":-59.727588773147346},"norm_pos":[0.356605269859705,0.5633577088526287],"diameter":32.02051809006511,"sphere":{"center":[-0.5010878884279936,-9.303572145535401,67.46148810285005],"radius":12.0},"projected_sphere":{"center":[155.39478746226723,34.496183045386175],"axes":[220.5702900789015,220.5702900789015],"angle":90.0},"model_confidence":0.6847853322558439,"model_id":169,"model_birth_timestamp":75032.850243,"theta":2.285837183202267,"phi":-2.0149485132093523,"method":"3d c++","id":1}
1949432,1949428,1,75049.604225,113,135,{"topic":"pupil.1","circle_3d":{"center":[-4.411754116707637,-1.4617298036904316,59.2631835014925],"normal":[-0.32588885235663695,0.6534868618204142,-0.6831920501131298],"radius":1.5310696409404203},"confidence":0.9993757768677911,"timestamp":75049.604225,"diameter_3d":3.0621392818808406,"ellipse":{"center":[113.92081345476237,104.5174011684661],"axes":[21.569966265190814,32.13525283901038],"angle":-59.51378695877264},"norm_pos":[0.3560025420461324,0.5645108284647247],"diameter":32.13525283901038,"sphere":{"center":[-0.5010878884279936,-9.303572145535401,67.46148810285005],"radius":12.0},"projected_sphere":{"center":[155.39478746226723,34.496183045386175],"axes":[220.5702900789015,220.5702900789015],"angle":90.0},"model_confidence":0.6848292547281587,"model_id":169,"model_birth_timestamp":75032.850243,"theta":2.2829781923434695,"phi":-2.0158826643192187,"method":"3d c++","id":1}
1949439,1949433,1,75049.612625,114,135,{"topic":"pupil.1","circle_3d":{"center":[-4.398753388199847,-1.4480791028258455,59.270063763467434],"normal":[-0.32480545831432106,0.6546244202257964,-0.6826186949485517],"radius":1.5545106040882655},"confidence":0.9998405264023974,"timestamp":75049.612625,"diameter_3d":3.109021208176531,"ellipse":{"center":[114.06411796351559,104.65601697312567],"axes":[21.880750055920693,32.6229668103256],"angle":-59.64936240648825},"norm_pos":[0.3564503686359862,0.5639332626119764],"diameter":32.6229668103256,"sphere":{"center":[-0.5010878884279936,-9.303572145535401,67.46148810285005],"radius":12.0},"projected_sphere":{"center":[155.39478746226723,34.496183045386175],"axes":[220.5702900789015,220.5702900789015],"angle":90.0},"model_confidence":0.6849380047224685,"model_id":169,"model_birth_timestamp":75032.850243,"theta":2.2844820116371842,"phi":-2.0149156839643463,"method":"3d c++","id":1}
1949446,1949444,1,75049.621025,114,134,{"topic":"pupil.1","circle_3d":{"center":[-4.392974998322872,-1.4053171550688504,59.308526504179035],"normal":[-0.3243239258245732,0.6581879158722126,-0.6794134665559184],"radius":1.5277537823518597},"confidence":0.9980597419681239,"timestamp":75049.621025,"diameter_3d":3.0555075647037193,"ellipse":{"center":[114.15095131840923,105.11979656886088],"axes":[21.378518050668426,32.039436408772644],"angle":-59.86610537027963},"norm_pos":[0.35672172287002885,0.5620008476297463],"diameter":32.039436408772644,"sphere":{"center":[-0.5010878884279936,-9.303572145535401,67.46148810285005],"radius":12.0},"projected_sphere":{"center":[155.39478746226723,34.496183045386175],"axes":[220.5702900789015,220.5702900789015],"angle":90.0},"model_confidence":0.6846209479281384,"model_id":169,"model_birth_timestamp":75032.850243,"theta":2.2892055935863507,"phi":-2.016167386728213,"method":"3d c++","id":1}
1949455,1949451,1,75049.629425,114,134,{"topic":"pupil.1","circle_3d":{"center":[-4.379616311697779,-1.3355659270544074,59.37026482252114],"normal":[-0.3232107019391488,0.6640005182067495,-0.6742686066940761],"radius":1.5248511258945354},"confidence":0.999040955769286,"timestamp":75049.629425,"diameter_3d":3.049702251789071,"ellipse":{"center":[114.33664125979399,105.86457336163227],"axes":[21.138311375784635,31.943544635175048],"angle":-60.23867216833497},"norm_pos":[0.35730200393685624,0.5588976109931989],"diameter":31.943544635175048,"sphere":{"center":[-0.5010878884279936,-9.303572145535401,67.46148810285005],"radius":12.0},"projected_sphere":{"center":[155.39478746226723,34.496183045386175],"axes":[220.5702900789015,220.5702900789015],"angle":90.0},"model_confidence":0.6843796943683422,"model_id":169,"model_birth_timestamp":75032.850243,"theta":2.2969526658068395,"phi":-2.0177879391777003,"method":"3d c++","id":1}
1949462,1949462,1,75049.637825,114,133,{"topic":"pupil.1","circle_3d":{"center":[-4.3871447979739315,-1.2305057916508666,59.478746635061704],"normal":[-0.32383807579549484,0.672755529490378,-0.6652284556490291],"radius":1.5090700443175884},"confidence":0.997114266812504,"timestamp":75049.637825,"diameter_3d":3.018140088635177,"ellipse":{"center":[114.33847058276294,106.99005872069384],"axes":[20.565506689257543,31.5534455234055],"angle":-60.62842264858341},"norm_pos":[0.3573077205711342,0.5542080886637757],"diameter":31.5534455234055,"sphere":{"center":[-0.5010878884279936,-9.303572145535401,67.46148810285005],"radius":12.0},"projected_sphere":{"center":[155.39478746226723,34.496183045386175],"axes":[220.5702900789015,220.5702900789015],"angle":90.0},"model_confidence":0.6836368240344615,"model_id":169,"model_birth_timestamp":75032.850243,"theta":2.3087232063756473,"phi":-2.0238341923166763,"method":"3d c++","id":1}
1949472,1949467,1,75049.646225,113,132,{"topic":"pupil.1","circle_3d":{"center":[-4.425305052033679,-1.179925797270485,59.549036544629644],"normal":[-0.3270180969671405,0.6769705290220764,-0.6593709631850343],"radius":1.535048810805844},"confidence":0.9978482298878615,"timestamp":75049.646225,"diameter_3d":3.070097621611688,"ellipse":{"center":[113.99710694249107,107.52651254491313],"axes":[20.67900555741488,32.05913529307189],"angle":-60.61237090514564},"norm_pos":[0.3562409591952846,0.5519728643961953],"diameter":32.05913529307189,"sphere":{"center":[-0.5010878884279936,-9.303572145535401,67.46148810285005],"radius":12.0},"projected_sphere":{"center":[155.39478746226723,34.496183045386175],"axes":[220.5702900789015,220.5702900789015],"angle":90.0},"model_confidence":0.6831444139132503,"model_id":169,"model_birth_timestamp":75032.850243,"theta":2.314435056150836,"phi":-2.031202423977307,"method":"3d c++","id":1}
1949478,1949474,1,75049.654625,113,132,{"topic":"pupil.1","circle_3d":{"center":[-4.460182513187309,-1.1995637295748907,59.54627380718862],"normal":[-0.3299245520632763,0.6753340346633758,-0.6596011913051194],"radius":1.549271506771683},"confidence":0.9987154247972689,"timestamp":75049.654625,"diameter_3d":3.098543013543366,"ellipse":{"center":[113.63386832582256,107.31825293412493],"axes":[20.871160389723368,32.35917987136732],"angle":-60.33091334640406},"norm_pos":[0.3551058385181955,0.5528406127744795],"diameter":32.35917987136732,"sphere":{"center":[-0.5010878884279936,-9.303572145535401,67.46148810285005],"radius":12.0},"projected_sphere":{"center":[155.39478746226723,34.496183045386175],"axes":[220.5702900789015,220.5702900789015],"angle":90.0},"model_confidence":0.6828510807273647,"model_id":169,"model_birth_timestamp":75032.850243,"theta":2.3122138561220473,"phi":-2.0345942655334284,"method":"3d c++","id":1}
1949487,1949484,1,75049.663025,113,133,{"topic":"pupil.1","circle_3d":{"center":[-4.497041192951343,-1.2568067218710226,59.506494488485025],"normal":[-0.3329961087102791,0.6705637853053649,-0.662916134530419],"radius":1.5326368976095492},"confidence":0.9979316509077649,"timestamp":75049.663025,"diameter_3d":3.0652737952190985,"ellipse":{"center":[113.21858419344979,106.7175261118929],"axes":[20.768183951904557,32.03516181446048],"angle":-59.88274064933589},"norm_pos":[0.3538080756045306,0.5553436412004462],"diameter":32.03516181446048,"sphere":{"center":[-0.5010878884279936,-9.303572145535401,67.46148810285005],"radius":12.0},"projected_sphere":{"center":[155.39478746226723,34.496183045386175],"axes":[220.5702900789015,220.5702900789015],"angle":90.0},"model_confidence":0.6825375993413485,"model_id":169,"model_birth_timestamp":75032.850243,"theta":2.3057648236526043,"phi":-2.0362983044606398,"method":"3d c++","id":1}
1949500,1949496,1,75049.671425,113,133,{"topic":"pupil.1","circle_3d":{"center":[-4.506512298246109,-1.311169270684272,59.45661011606571],"normal":[-0.333785367484843,0.6660335729042608,-0.6670731655653621],"radius":1.5410864231415915},"confidence":0.9981694268644552,"timestamp":75049.671425,"diameter_3d":3.082172846283183,"ellipse":{"center":[113.0823651854179,106.13719516930361],"axes":[21.04513037336959,32.24020195650658],"angle":-59.60088010780095},"norm_pos":[0.35338239120443093,0.5577616867945683],"diameter":32.24020195650658,"sphere":{"center":[-0.5010878884279936,-9.303572145535401,67.46148810285005],"radius":12.0},"projected_sphere":{"center":[155.39478746226723,34.496183045386175],"axes":[220.5702900789015,220.5702900789015],"angle":90.0},"model_confidence":0.6823247454020187,"model_id":169,"model_birth_timestamp":75032.850243,"theta":2.2996749209056833,"phi":-2.0347422510024806,"method":"3d c++","id":1}
1949508,1949501,1,75049.679825,113,134,{"topic":"pupil.1","circle_3d":{"center":[-4.499852681952175,-1.3517674745112203,59.41296758042176],"normal":[-0.3332303994603485,0.6626503892520151,-0.6707100435356916],"radius":1.5496941549039287},"confidence":0.9988534422467483,"timestamp":75049.679825,"diameter_3d":3.0993883098078574,"ellipse":{"center":[113.1188207409126,105.70089628807214],"axes":[21.30966716423263,32.44476750827122],"angle":-59.467863831029376},"norm_pos":[0.3534963148153519,0.5595795987996994],"diameter":32.44476750827122,"sphere":{"center":[-0.5010878884279936,-9.303572145535401,67.46148810285005],"radius":12.0},"projected_sphere":{"center":[155.39478746226723,34.496183045386175],"axes":[220.5702900789015,220.5702900789015],"angle":90.0},"model_confidence":0.6824118339353702,"model_id":169,"model_birth_timestamp":75032.850243,"theta":2.295148478220164,"phi":-2.031906549320245,"method":"3d c++","id":1}
1949517,1949512,1,75049.688224,113,134,{"topic":"pupil.1","circle_3d":{"center":[-4.496526071770581,-1.3654305761783911,59.39784239213493],"normal":[-0.3329531819452156,0.6615117974464175,-0.6719704758929266],"radius":1.5316227816269883},"confidence":0.9985416592428195,"timestamp":75049.688224,"diameter_3d":3.0632455632539766,"ellipse":{"center":[113.14000267527372,105.55899801200668],"axes":[21.11161509123315,32.07461662036877],"angle":-59.42918227202426},"norm_pos":[0.3535625083602304,0.5601708416166389],"diameter":32.07461662036877,"sphere":{"center":[-0.5010878884279936,-9.303572145535401,67.46148810285005],"radius":12.0},"projected_sphere":{"center":[155.39478746226723,34.496183045386175],"axes":[220.5702900789015,220.5702900789015],"angle":90.0},"model_confidence":0.6823307772708898,"model_id":169,"model_birth_timestamp":75032.850243,"theta":2.2936292051384686,"phi":-2.0308276755641566,"method":"3d c++","id":1}
1949524,1949522,1,75049.696624,112,134,{"topic":"pupil.1","circle_3d":{"center":[-4.541045846978058,-1.354758383077785,59.43060400065356],"normal":[-0.3366631632125054,0.662401146871468,-0.6692403418497077],"radius":1.5268423757902163},"confidence":0.998048293574074,"timestamp":75049.696624,"diameter_3d":3.0536847515804326,"ellipse":{"center":[112.70125109370127,105.6800768480895],"axes":[20.926776338743924,31.957948690932536],"angle":-59.21748398634122},"norm_pos":[0.3521914096678165,0.5596663464662938],"diameter":31.957948690932536,"sphere":{"center":[-0.5010878884279936,-9.303572145535401,67.46148810285005],"radius":12.0},"projected_sphere":{"center":[155.39478746226723,34.496183045386175],"axes":[220.5702900789015,220.5702900789015],"angle":90.0},"model_confidence":0.682165426793202,"model_id":169,"model_birth_timestamp":75032.850243,"theta":2.2948157287321953,"phi":-2.0368831152605065,"method":"3d c++","id":1}
1949534,1949532,1,75049.705024,112,134,{"topic":"pupil.1","circle_3d":{"center":[-4.548084263086777,-1.373757230288418,59.41537999063672],"normal":[-0.33724969788823195,0.6608179096039153,-0.6705090093511108],"radius":1.51730046023698},"confidence":0.9971421619158659,"timestamp":75049.705024,"diameter_3d":3.03460092047396,"ellipse":{"center":[112.61512370348865,105.48046691011089],"axes":[20.843657879040403,31.766876008623793],"angle":-59.095903001090534},"norm_pos":[0.351922261573402,0.5604980545412046],"diameter":31.766876008623793,"sphere":{"center":[-0.5010878884279936,-9.303572145535401,67.46148810285005],"radius":12.0},"projected_sphere":{"center":[155.39478746226723,34.496183045386175],"axes":[220.5702900789015,220.5702900789015],"angle":90.0},"model_confidence":0.6817010198380768,"model_id":169,"model_birth_timestamp":75032.850243,"theta":2.2927043180070283,"phi":-2.036821613007879,"method":"3d c++","id":1}
1949539,1949534,1,75049.713424,112,135,{"topic":"pupil.1","circle_3d":{"center":[-4.586871046791101,-1.4210703666153641,59.388536865033814],"normal":[-0.3404819298635923,0.6568751482433365,-0.672745936484687],"radius":1.537025836559392},"confidence":0.9980193345481388,"timestamp":75049.713424,"diameter_3d":3.074051673118784,"ellipse":{"center":[112.1919223028269,104.97538726767792],"axes":[21.193163472309973,32.19667015048084],"angle":-58.66917828782087},"norm_pos":[0.35059975719633407,0.562602553051342],"diameter":32.19667015048084,"sphere":{"center":[-0.5010878884279936,-9.303572145535401,67.46148810285005],"radius":12.0},"projected_sphere":{"center":[155.39478746226723,34.496183045386175],"axes":[220.5702900789015,220.5702900789015],"angle":90.0},"model_confidence":0.6817370714629956,"model_id":169,"model_birth_timestamp":75032.850243,"theta":2.287463197669956,"phi":-2.0393181860048397,"method":"3d c++","id":1}
1949549,1949545,1,75049.721824,111,135,{"topic":"pupil.1","circle_3d":{"center":[-4.603562725819711,-1.5000972853861416,59.32051271192875],"normal":[-0.34187290311597646,0.650289571679105,-0.6784146159101088],"radius":1.5436906772443844},"confidence":0.9981956438703609,"timestamp":75049.721824,"diameter_3d":3.0873813544887687,"ellipse":{"center":[111.96477988419645,104.13041067541553],"axes":[21.506247493618556,32.37556797568362],"angle":-58.22739110801601},"norm_pos":[0.3498899371381139,0.5661232888524352],"diameter":32.37556797568362,"sphere":{"center":[-0.5010878884279936,-9.303572145535401,67.46148810285005],"radius":12.0},"projected_sphere":{"center":[155.39478746226723,34.496183045386175],"axes":[220.5702900789015,220.5702900789015],"angle":90.0},"model_confidence":0.6816938372986359,"model_id":169,"model_birth_timestamp":75032.850243,"theta":2.278761874000447,"phi":-2.0375823158030797,"method":"3d c++","id":1}
1949556,1949556,1,75049.730224,111,136,{"topic":"pupil.1","circle_3d":{"center":[-4.605771855679473,-1.5712615315087328,59.25399505702911],"normal":[-0.3420569972709566,0.6443592178355557,-0.6839577538184122],"radius":1.5332298934314224},"confidence":0.9989984256403943,"timestamp":75049.730224,"diameter_3d":3.0664597868628447,"ellipse":{"center":[111.88780471514976,103.37034178058926],"axes":[21.57928103692085,32.19377319467168],"angle":-57.89793584437933},"norm_pos":[0.349649389734843,0.5692902425808781],"diameter":32.19377319467168,"sphere":{"center":[-0.5010878884279936,-9.303572145535401,67.46148810285005],"radius":12.0},"projected_sphere":{"center":[155.39478746226723,34.496183045386175],"axes":[220.5702900789015,220.5702900789015],"angle":90.0},"model_confidence":0.6815923550708258,"model_id":169,"model_birth_timestamp":75032.850243,"theta":2.270981386709664,"phi":-2.0345353061087446,"method":"3d c++","id":1}
1949563,1949560,1,75049.738624,111,137,{"topic":"pupil.1","circle_3d":{"center":[-4.63720920820372,-1.6605528232125222,59.18641976073373],"normal":[-0.34467677664797725,0.6369182768602399,-0.6895890285096936],"radius":1.5419316033219472},"confidence":0.9988259948082918,"timestamp":75049.738624,"diameter_3d":3.0838632066438945,"ellipse":{"center":[111.50624653541192,102.41400366836248],"axes":[21.91767261932685,32.416443704441285],"angle":-57.31160222514731},"norm_pos":[0.34845702042316223,0.5732749847151564],"diameter":32.416443704441285,"sphere":{"center":[-0.5010878884279936,-9.303572145535401,67.46148810285005],"radius":12.0},"projected_sphere":{"center":[155.39478746226723,34.496183045386175],"axes":[220.5702900789015,220.5702900789015],"angle":90.0},"model_confidence":0.6815912827913384,"model_id":169,"model_birth_timestamp":75032.850243,"theta":2.2612905561166654,"phi":-2.034307337743665,"method":"3d c++","id":1}
1949571,1949568,1,75049.747024,111,138,{"topic":"pupil.1","circle_3d":{"center":[-4.640795643812079,-1.7111816388619836,59.14172692273267],"normal":[-0.34497564628200716,0.6326992088894515,-0.6933134316764485],"radius":1.5321761846533453},"confidence":0.9994143082346656,"timestamp":75049.747024,"diameter_3d":3.0643523693066905,"ellipse":{"center":[111.43178186490579,101.87232887576764],"axes":[21.925632952433283,32.23686258814764],"angle":-57.057594260032175},"norm_pos":[0.3482243183278306,0.5755319630176349],"diameter":32.23686258814764,"sphere":{"center":[-0.5010878884279936,-9.303572145535401,67.46148810285005],"radius":12.0},"projected_sphere":{"center":[155.39478746226723,34.496183045386175],"axes":[220.5702900789015,220.5702900789015],"angle":90.0},"model_confidence":0.6816439557259302,"model_id":169,"model_birth_timestamp":75032.850243,"theta":2.2558301556827347,"phi":-2.0325023037706216,"method":"3d c++","id":1}
1949584,1949583,1,75049.755424,111,138,{"topic":"pupil.1","circle_3d":{"center":[-4.6272729985658545,-1.7238430183431657,59.123484577109004],"normal":[-0.34384875917815505,0.6316440939326863,-0.6948336271450878],"radius":1.5166563766057988},"confidence":0.9979870635659935,"timestamp":75049.755424,"diameter_3d":3.0333127532115975,"ellipse":{"center":[111.55696606922757,101.73759835317848],"axes":[21.766885409636494,31.919928526591296],"angle":-57.07727376351468},"norm_pos":[0.34861551896633614,0.5760933401950896],"diameter":31.919928526591296,"sphere":{"center":[-0.5010878884279936,-9.303572145535401,67.46148810285005],"radius":12.0},"projected_sphere":{"center":[155.39478746226723,34.496183045386175],"axes":[220.5702900789015,220.5702900789015],"angle":90.0},"model_confidence":0.6814477750322179,"model_id":169,"model_birth_timestamp":75032.850243,"theta":2.2544684151453853,"phi":-2.0303274070620514,"method":"3d c++","id":1}
1949591,1949588,1,75049.763824,111,137,{"topic":"pupil.1","circle_3d":{"center":[-4.625454626156734,-1.6944769138341158,59.149372321196296],"normal":[-0.3436972281440617,0.6340912693084405,-0.6926763151378136],"radius":1.5183571700614316},"confidence":0.998125180028045,"timestamp":75049.763824,"diameter_3d":3.036714340122863,"ellipse":{"center":[111.59694643828871,102.05300678907474],"axes":[21.706947792831198,31.94104128868153],"angle":-57.223696311885504},"norm_pos":[0.3487404576196522,0.5747791383788552],"diameter":31.94104128868153,"sphere":{"center":[-0.5010878884279936,-9.303572145535401,67.46148810285005],"radius":12.0},"projected_sphere":{"center":[155.39478746226723,34.496183045386175],"axes":[220.5702900789015,220.5702900789015],"angle":90.0},"model_confidence":0.6812485064671914,"model_id":169,"model_birth_timestamp":75032.850243,"theta":2.2576290827998977,"phi":-2.031389169968927,"method":"3d c++","id":1}
1949600,1949594,1,75049.772224,111,137,{"topic":"pupil.1","circle_3d":{"center":[-4.602476893335627,-1.6193691545265665,59.20729931027972],"normal":[-0.3417824170756361,0.6403502492507362,-0.6878490660475276],"radius":1.5353940799143286},"confidence":0.9981165555150936,"timestamp":75049.772224,"diameter_3d":3.0707881598286573,"ellipse":{"center":[111.88530074456588,102.85275566118733],"axes":[21.765175325554285,32.26559988771297],"angle":-57.700109485617986},"norm_pos":[0.3496415648267684,0.5714468514117195],"diameter":32.26559988771297,"sphere":{"center":[-0.5010878884279936,-9.303572145535401,67.46148810285005],"radius":12.0},"projected_sphere":{"center":[155.39478746226723,34.496183045386175],"axes":[220.5702900789015,220.5702900789015],"angle":90.0},"model_confidence":0.680925581605174,"model_id":169,"model_birth_timestamp":75032.850243,"theta":2.265750510196129,"phi":-2.0319494545556096,"method":"3d c++","id":1}
1949606,1949605,1,75049.780624,111,136,{"topic":"pupil.1","circle_3d":{"center":[-4.59625066811797,-1.5895183580322971,59.23208861252569],"normal":[-0.34126356497416477,0.6428378156252587,-0.6857832908603635],"radius":1.5415707588228669},"confidence":0.9986332263052453,"timestamp":75049.780624,"diameter_3d":3.0831415176457337,"ellipse":{"center":[111.97071967387123,103.17086058191575],"axes":[21.77212881840567,32.381047776624364],"angle":-57.87091736528666},"norm_pos":[0.3499084989808476,0.5701214142420177],"diameter":32.381047776624364,"sphere":{"center":[-0.5010878884279936,-9.303572145535401,67.46148810285005],"radius":12.0},"projected_sphere":{"center":[155.39478746226723,34.496183045386175],"axes":[220.5702900789015,220.5702900789015],"angle":90.0},"model_confidence":0.6809467420168525,"model_id":169,"model_birth_timestamp":75032.850243,"theta":2.268993568593275,"phi":-2.0325428967488466,"method":"3d c++","id":1}
1949616,1949611,1,75049.789024,112,136,{"topic":"pupil.1","circle_3d":{"center":[-4.593619421038601,-1.534044057276228,59.28312525076654],"normal":[-0.34104429438421724,0.6474606740215978,-0.6815302376736263],"radius":1.5450919635456977},"confidence":0.9987747501838958,"timestamp":75049.789024,"diameter_3d":3.0901839270913953,"ellipse":{"center":[112.03904752322691,103.76478066212638],"axes":[21.652767505830106,32.42582361800605],"angle":-58.134221749370994},"norm_pos":[0.3501220235100841,0.5676467472411401],"diameter":32.42582361800605,"sphere":{"center":[-0.5010878884279936,-9.303572145535401,67.46148810285005],"radius":12.0},"projected_sphere":{"center":[155.39478746226723,34.496183045386175],"axes":[220.5702900789015,220.5702900789015],"angle":90.0},"model_confidence":0.6810494802749645,"model_id":169,"model_birth_timestamp":75032.850243,"theta":2.275044011286954,"phi":-2.034771586468798,"method":"3d c++","id":1}
1949623,1949622,1,75049.797424,112,136,{"topic":"pupil.1","circle_3d":{"center":[-4.590242558151474,-1.524983007887803,59.29005217550231],"normal":[-0.3407628891436234,0.6482157614706332,-0.6809529939456451],"radius":1.5512263344414456},"confidence":0.9989147306924308,"timestamp":75049.797424,"diameter_3d":3.1024526688828913,"ellipse":{"center":[112.08041789851019,103.85989320112955],"axes":[21.716591470285664,32.5505087084492],"angle":-58.19392340464529},"norm_pos":[0.35025130593284437,0.5672504449952935],"diameter":32.5505087084492,"sphere":{"center":[-0.5010878884279936,-9.303572145535401,67.46148810285005],"radius":12.0},"projected_sphere":{"center":[155.39478746226723,34.496183045386175],"axes":[220.5702900789015,220.5702900789015],"angle":90.0},"model_confidence":0.6809239184149996,"model_id":169,"model_birth_timestamp":75032.850243,"theta":2.2760352286725163,"phi":-2.034780339618971,"method":"3d c++","id":1}
1949630,1949627,1,75049.805824,112,136,{"topic":"pupil.1","circle_3d":{"center":[-4.556581995085481,-1.5248955275162697,59.273377354750174],"normal":[-0.3379578422214573,0.6482230515015943,-0.6823425623416569],"radius":1.5410957038833797},"confidence":0.9987133074903625,"timestamp":75049.805824,"diameter_3d":3.0821914077667594,"ellipse":{"center":[112.41757543152588,103.85837125100565],"axes":[21.63910188054883,32.34592297624863],"angle":-58.38912816545982},"norm_pos":[0.35130492322351836,0.5672567864541431],"diameter":32.34592297624863,"sphere":{"center":[-0.5010878884279936,-9.303572145535401,67.46148810285005],"radius":12.0},"projected_sphere":{"center":[155.39478746226723,34.496183045386175],"axes":[220.5702900789015,220.5702900789015],"angle":90.0},"model_confidence":0.6816507315043019,"model_id":169,"model_birth_timestamp":75032.850243,"theta":2.2760448025071662,"phi":-2.0306693057055374,"method":"3d c++","id":1}
1949638,1949633,1,75049.814224,112,136,{"topic":"pupil.1","circle_3d":{"center":[-4.528818491280514,-1.5433051366968789,59.24226416488744],"normal":[-0.33564421690437674,0.6466889174032102,-0.6849353281635513],"radius":1.5461585720353508},"confidence":0.9986353729706126,"timestamp":75049.814224,"diameter_3d":3.0923171440707016,"ellipse":{"center":[112.68362197376672,103.65556753541557],"axes":[21.82144073787573,32.46880792098635],"angle":-58.46920196111728},"norm_pos":[0.352136318668021,0.5681018019357684],"diameter":32.46880792098635,"sphere":{"center":[-0.5010878884279936,-9.303572145535401,67.46148810285005],"radius":12.0},"projected_sphere":{"center":[155.39478746226723,34.496183045386175],"axes":[220.5702900789015,220.5702900789015],"angle":90.0},"model_confidence":0.6817320244410952,"model_id":169,"model_birth_timestamp":75032.850243,"theta":2.2740317737854823,"phi":-2.026442479269011,"method":"3d c++","id":1}
1949650,1949639,1,75049.822624,112,136,{"topic":"pupil.1","circle_3d":{"center":[-4.567693044970131,-1.5970283392025646,59.2109181187909],"normal":[-0.33888376304517814,0.6422119838610697,-0.6875474986715964],"radius":1.5274103526305076},"confidence":0.9986142388201157,"timestamp":75049.822624,"diameter_3d":3.0548207052610152,"ellipse":{"center":[112.25086998131505,103.08934440443119],"axes":[21.649476808050075,32.094262075669775],"angle":-58.0029114816779},"norm_pos":[0.35078396869160955,0.5704610649815367],"diameter":32.094262075669775,"sphere":{"center":[-0.5010878884279936,-9.303572145535401,67.46148810285005],"radius":12.0},"projected_sphere":{"center":[155.39478746226723,34.496183045386175],"axes":[220.5702900789015,220.5702900789015],"angle":90.0},"model_confidence":0.6817720164263408,"model_id":169,"model_birth_timestamp":75032.850243,"theta":2.2681768381194036,"phi":-2.028737992018032,"method":"3d c++","id":1}
1949656,1949656,1,75049.831024,111,137,{"topic":"pupil.1","circle_3d":{"center":[-4.600644695701974,-1.6540455688393108,59.174246273607125],"normal":[-0.34162973393949836,0.6374605480580076,-0.6906034857702446],"radius":1.532523012864023},"confidence":0.9984869039109898,"timestamp":75049.831024,"diameter_3d":3.065046025728046,"ellipse":{"center":[111.87783208169488,102.48046760415617],"axes":[21.834225294311203,32.223935770861615],"angle":-57.55306076450145},"norm_pos":[0.3496182252552965,0.5729980516493492],"diameter":32.223935770861615,"sphere":{"center":[-0.5010878884279936,-9.303572145535401,67.46148810285005],"radius":12.0},"projected_sphere":{"center":[155.39478746226723,34.496183045386175],"axes":[220.5702900789015,220.5702900789015],"angle":90.0},"model_confidence":0.6818221764463561,"model_id":169,"model_birth_timestamp":75032.850243,"theta":2.2619941582141156,"phi":-2.0301812140963005,"method":"3d c++","id":1}
1949668,1949668,1,75049.839424,111,137,{"topic":"pupil.1","circle_3d":{"center":[-4.614733490451445,-1.686388274326557,59.15146826333409],"normal":[-0.342803800168621,0.634765322600737,-0.6925016532929972],"radius":1.537782894436088},"confidence":0.9987206266180461,"timestamp":75049.839424,"diameter_3d":3.075565788872176,"ellipse":{"center":[111.71285865033332,102.13352813985802],"axes":[21.980900571950436,32.34817779655833],"angle":-57.32305801715518},"norm_pos":[0.3491026832822916,0.5744436327505916],"diameter":32.34817779655833,"sphere":{"center":[-0.5010878884279936,-9.303572145535401,67.46148810285005],"radius":12.0},"projected_sphere":{"center":[155.39478746226723,34.496183045386175],"axes":[220.5702900789015,220.5702900789015],"angle":90.0},"model_confidence":0.6817820243127604,"model_id":169,"model_birth_timestamp":75032.850243,"theta":2.2585011000036586,"phi":-2.0304538975886635,"method":"3d c++","id":1}
1949674,1949673,1,75049.847824,111,137,{"topic":"pupil.1","circle_3d":{"center":[-4.622547185876136,-1.688370155357032,59.15352373675762],"normal":[-0.34345494145401184,0.6346001658481975,-0.6923303638410363],"radius":1.518221531236595},"confidence":0.9973908709107446,"timestamp":75049.847824,"diameter_3d":3.03644306247319,"ellipse":{"center":[111.6306759994298,102.11828107938696],"axes":[21.69220708564454,31.935721637412318],"angle":-57.26869131118437},"norm_pos":[0.34884586249821814,0.574507162169221],"diameter":31.935721637412318,"sphere":{"center":[-0.5010878884279936,-9.303572145535401,67.46148810285005],"radius":12.0},"projected_sphere":{"center":[155.39478746226723,34.496183045386175],"axes":[220.5702900789015,220.5702900789015],"angle":90.0},"model_confidence":0.6813924620456602,"model_id":169,"model_birth_timestamp":75032.850243,"theta":2.2582873803287598,"phi":-2.031307303651563,"method":"3d c++","id":1}
1949684,1949679,1,75049.856224,111,137,{"topic":"pupil.1","circle_3d":{"center":[-4.620315527926631,-1.680395471424088,59.15973280356089],"normal":[-0.3432689699582198,0.6352647228426095,-0.69181294160743],"radius":1.5423617064160724},"confidence":0.9996733511281787,"timestamp":75049.856224,"diameter_3d":3.084723412832145,"ellipse":{"center":[111.66157095118851,102.19776996638076],"axes":[22.017317369037468,32.44003686025686],"angle":-57.31822955522739},"norm_pos":[0.3489424092224641,0.5741759584734135],"diameter":32.44003686025686,"sphere":{"center":[-0.5010878884279936,-9.303572145535401,67.46148810285005],"radius":12.0},"projected_sphere":{"center":[155.39478746226723,34.496183045386175],"axes":[220.5702900789015,220.5702900789015],"angle":90.0},"model_confidence":0.6820430188641313,"model_id":169,"model_birth_timestamp":75032.850243,"theta":2.259147573020999,"phi":-2.0313893286927085,"method":"3d c++","id":1}
1949692,1949690,1,75049.864624,111,137,{"topic":"pupil.1","circle_3d":{"center":[-4.621507016366278,-1.6512124283406218,59.187218529723076],"normal":[-0.34336826066152376,0.637696643099565,-0.6895224644272483],"radius":1.5097947595879193},"confidence":0.9977272928713424,"timestamp":75049.864624,"diameter_3d":3.0195895191758386,"ellipse":{"center":[111.6676493854436,102.5198038402851],"axes":[21.462248380283498,31.73948030031678],"angle":-57.44517901297735},"norm_pos":[0.3489614043295112,0.5728341506654787],"diameter":31.73948030031678,"sphere":{"center":[-0.5010878884279936,-9.303572145535401,67.46148810285005],"radius":12.0},"projected_sphere":{"center":[155.39478746226723,34.496183045386175],"axes":[220.5702900789015,220.5702900789015],"angle":90.0},"model_confidence":0.6820227806697776,"model_id":169,"model_birth_timestamp":75032.850243,"theta":2.262300621797475,"phi":-2.0328264721745226,"method":"3d c++","id":1}
1949700,1949696,1,75049.873024,111,137,{"topic":"pupil.1","circle_3d":{"center":[-4.628353611605742,-1.6239998524000159,59.21589248792997],"normal":[-0.3439388102648124,0.6399643577612821,-0.6871329679100072],"radius":1.5231699111451678},"confidence":0.9983354941450715,"timestamp":75049.873024,"diameter_3d":3.0463398222903355,"ellipse":{"center":[111.62043749156851,102.81006630670424],"axes":[21.556469176298492,32.004864749516784],"angle":-57.529574081431946},"norm_pos":[0.3488138671611516,0.5716247237220656],"diameter":32.004864749516784,"sphere":{"center":[-0.5010878884279936,-9.303572145535401,67.46148810285005],"radius":12.0},"projected_sphere":{"center":[155.39478746226723,34.496183045386175],"axes":[220.5702900789015,220.5702900789015],"angle":90.0},"model_confidence":0.6822508185645448,"model_id":169,"model_birth_timestamp":75032.850243,"theta":2.2652482067966537,"phi":-2.0348773256898305,"method":"3d c++","id":1}
1949706,1949701,1,75049.881424,111,136,{"topic":"pupil.1","circle_3d":{"center":[-4.608985853287134,-1.5948033776615391,59.233483582083274],"normal":[-0.3423248304049284,0.6423973973228219,-0.685667043397232],"radius":1.4990163883949876},"confidence":0.9967474859730096,"timestamp":75049.881424,"diameter_3d":2.9980327767899753,"ellipse":{"center":[111.83435823726475,103.12648407365015],"axes":[21.162794845449845,31.48662177173893],"angle":-57.773620091063066},"norm_pos":[0.34948236949145234,0.570306316359791],"diameter":31.48662177173893,"sphere":{"center":[-0.5010878884279936,-9.303572145535401,67.46148810285005],"radius":12.0},"projected_sphere":{"center":[155.39478746226723,34.496183045386175],"axes":[220.5702900789015,220.5702900789015],"angle":90.0},"model_confidence":0.6815174892518039,"model_id":169,"model_birth_timestamp":75032.850243,"theta":2.2684187503224678,"phi":-2.033850245617551,"method":"3d c++","id":1}
1949717,1949714,1,75049.889824,111,136,{"topic":"pupil.1","circle_3d":{"center":[-4.599888884003905,-1.5730472195850655,59.24937419911452],"normal":[-0.34156674963132594,0.6442104104958614,-0.6843428253112944],"radius":1.522064395060014},"confidence":0.9992642896530588,"timestamp":75049.889824,"diameter_3d":3.044128790120028,"ellipse":{"center":[111.94441202321289,103.35302537421984],"axes":[21.43876522016973,31.96159675293492],"angle":-57.92393910456002},"norm_pos":[0.3498262875725403,0.569362394274084],"diameter":31.96159675293492,"sphere":{"center":[-0.5010878884279936,-9.303572145535401,67.46148810285005],"radius":12.0},"projected_sphere":{"center":[155.39478746226723,34.496183045386175],"axes":[220.5702900789015,220.5702900789015],"angle":90.0},"model_confidence":0.6817626076495831,"model_id":169,"model_birth_timestamp":75032.850243,"theta":2.270786812789531,"phi":-2.0337368320682585,"method":"3d c++","id":1}
1949724,1949718,1,75049.898224,111,136,{"topic":"pupil.1","circle_3d":{"center":[-4.598038238288505,-1.566382843596573,59.2547287219043],"normal":[-0.3414125291550426,0.6447657751615691,-0.683896615078813],"radius":1.5291341395943272},"confidence":0.9990233838702791,"timestamp":75049.898224,"diameter_3d":3.0582682791886544,"ellipse":{"center":[111.96872728465189,103.42252394461596],"axes":[21.521280407620733,32.107006037062476],"angle":-57.96447414104017},"norm_pos":[0.34990227276453717,0.5690728168974335],"diameter":32.107006037062476,"sphere":{"center":[-0.5010878884279936,-9.303572145535401,67.46148810285005],"radius":12.0},"projected_sphere":{"center":[155.39478746226723,34.496183045386175],"axes":[220.5702900789015,220.5702900789015],"angle":90.0},"model_confidence":0.6817909664867172,"model_id":169,"model_birth_timestamp":75032.850243,"theta":2.2715131458838504,"phi":-2.0338170033023504,"method":"3d c++","id":1}
1949732,1949731,1,75049.906624,112,136,{"topic":"pupil.1","circle_3d":{"center":[-4.588726047043819,-1.5672804638452025,59.249240828197465],"normal":[-0.34063651321798544,0.6446909734741832,-0.6843539395543824],"radius":1.523877971786569},"confidence":0.9987245523005724,"timestamp":75049.906624,"diameter_3d":3.047755943573138,"ellipse":{"center":[112.06108478071181,103.41277168371002],"axes":[21.467785484034046,31.999305101263403],"angle":-58.01432035363996},"norm_pos":[0.3501908899397244,0.5691134513178749],"diameter":31.999305101263403,"sphere":{"center":[-0.5010878884279936,-9.303572145535401,67.46148810285005],"radius":12.0},"projected_sphere":{"center":[155.39478746226723,34.496183045386175],"axes":[220.5702900789015,220.5702900789015],"angle":90.0},"model_confidence":0.681882114055643,"model_id":169,"model_birth_timestamp":75032.850243,"theta":2.271415290654007,"phi":-2.0326415431380247,"method":"3d c++","id":1}
1949740,1949737,1,75049.915023,112,136,{"topic":"pupil.1","circle_3d":{"center":[-4.572387713866312,-1.582734879895284,59.22661168307977],"normal":[-0.3392749854531932,0.6434031054700098,-0.6862397016475241],"radius":1.529485643307126},"confidence":0.9990922264827067,"timestamp":75049.915023,"diameter_3d":3.058971286614252,"ellipse":{"center":[112.21442964045592,103.243034917052],"axes":[21.625869752460847,32.129205253272524],"angle":-58.03979510389573},"norm_pos":[0.35067009262642473,0.5698206878456167],"diameter":32.129205253272524,"sphere":{"center":[-0.5010878884279936,-9.303572145535401,67.46148810285005],"radius":12.0},"projected_sphere":{"center":[155.39478746226723,34.496183045386175],"axes":[220.5702900789015,220.5702900789015],"angle":90.0},"model_confidence":0.682109397738484,"model_id":169,"model_birth_timestamp":75032.850243,"theta":2.2697317713923457,"phi":-2.02995165637531,"method":"3d c++","id":1}
1949752,1949747,1,75049.923423,112,136,{"topic":"pupil.1","circle_3d":{"center":[-4.5660098998647305,-1.5673538690186746,59.23790398039921],"normal":[-0.33874350095306144,0.6446848563763939,-0.6852986768709038],"radius":1.525616445965979},"confidence":0.998453636848952,"timestamp":75049.923423,"diameter_3d":3.051232891931958,"ellipse":{"center":[112.28957898798107,103.40813049925971],"axes":[21.53570011714098,32.041267999738785],"angle":-58.14570195473473},"norm_pos":[0.35090493433744085,0.5691327895864179],"diameter":32.041267999738785,"sphere":{"center":[-0.5010878884279936,-9.303572145535401,67.46148810285005],"radius":12.0},"projected_sphere":{"center":[155.39478746226723,34.496183045386175],"axes":[220.5702900789015,220.5702900789015],"angle":90.0},"model_confidence":0.682318456279174,"model_id":169,"model_birth_timestamp":75032.850243,"theta":2.271407288651501,"phi":-2.029873975063665,"method":"3d c++","id":1}
1949758,1949757,1,75049.931823,112,136,{"topic":"pupil.1","circle_3d":{"center":[-4.559580024650553,-1.5683452925940795,59.23379662141037],"normal":[-0.3382076780185467,0.6446022377451102,-0.6856409567866403],"radius":1.4954301547563087},"confidence":0.9982724024386181,"timestamp":75049.931823,"diameter_3d":2.9908603095126174,"ellipse":{"center":[112.35042991196357,103.4038766519522],"axes":[21.124239059152014,31.40907854923781],"angle":-58.17875300771965},"norm_pos":[0.35109509347488616,0.5691505139501991],"diameter":31.40907854923781,"sphere":{"center":[-0.5010878884279936,-9.303572145535401,67.46148810285005],"radius":12.0},"projected_sphere":{"center":[155.39478746226723,34.496183045386175],"axes":[220.5702900789015,220.5702900789015],"angle":90.0},"model_confidence":0.6821265159134393,"model_id":169,"model_birth_timestamp":75032.850243,"theta":2.2712992174447986,"phi":-2.0290472891982336,"method":"3d c++","id":1}
1949769,1949764,1,75049.940223,112,136,{"topic":"pupil.1","circle_3d":{"center":[-4.562482041508686,-1.5488047111037089,59.25364675623524],"normal":[-0.3384495127567244,0.6462306195359744,-0.6839867788845677],"radius":1.499751026503451},"confidence":0.9978924586320723,"timestamp":75049.940223,"diameter_3d":2.999502053006902,"ellipse":{"center":[112.33620848525368,103.61294531315113],"axes":[21.120372915202978,31.488989794974827],"angle":-58.24896659932793},"norm_pos":[0.35105065151641773,0.5682793945285369],"diameter":31.488989794974827,"sphere":{"center":[-0.5010878884279936,-9.303572145535401,67.46148810285005],"radius":12.0},"projected_sphere":{"center":[155.39478746226723,34.496183045386175],"axes":[220.5702900789015,220.5702900789015],"angle":90.0},"model_confidence":0.6819050653974812,"model_id":169,"model_birth_timestamp":75032.850243,"theta":2.2734310803661537,"phi":-2.0302903863423163,"method":"3d c++","id":1}
1949775,1949770,1,75049.948623,112,136,{"topic":"pupil.1","circle_3d":{"center":[-4.56366625748987,-1.5330291967517962,59.26916735251685],"normal":[-0.338548197421823,0.6475452457319671,-0.6826933958611],"radius":1.4989438178196859},"confidence":0.9983507118973477,"timestamp":75049.948623,"diameter_3d":2.9978876356393718,"ellipse":{"center":[112.33600016397244,103.7825174580392],"axes":[21.05855750638164,31.46350285372023],"angle":-58.31215473147142},"norm_pos":[0.35105000051241386,0.5675728439248366],"diameter":31.46350285372023,"sphere":{"center":[-0.5010878884279936,-9.303572145535401,67.46148810285005],"radius":12.0},"projected_sphere":{"center":[155.39478746226723,34.496183045386175],"axes":[220.5702900789015,220.5702900789015],"angle":90.0},"model_confidence":0.6819918710480488,"model_id":169,"model_birth_timestamp":75032.850243,"theta":2.2751549886178526,"phi":-2.031159197279579,"method":"3d c++","id":1}
1949786,1949780,1,75049.957023,112,135,{"topic":"pupil.1","circle_3d":{"center":[-4.532116740601231,-1.4931207785635419,59.291564245364334],"normal":[-0.3359190710144365,0.6508709472476549,-0.6808269881238099],"radius":1.5069154663845872},"confidence":0.9991952191909623,"timestamp":75049.957023,"diameter_3d":3.0138309327691744,"ellipse":{"center":[112.68375885540259,104.20379545220644],"axes":[21.10621368010614,31.617182028329623],"angle":-58.67128506523301},"norm_pos":[0.3521367464231331,0.5658175189491399],"diameter":31.617182028329623,"sphere":{"center":[-0.5010878884279936,-9.303572145535401,67.46148810285005],"radius":12.0},"projected_sphere":{"center":[155.39478746226723,34.496183045386175],"axes":[220.5702900789015,220.5702900789015],"angle":90.0},"model_confidence":0.6824697178074435,"model_id":169,"model_birth_timestamp":75032.850243,"theta":2.2795274085035064,"phi":-2.029148869347555,"method":"3d c++","id":1}
1949790,1949786,1,75049.965423,112,135,{"topic":"pupil.1","circle_3d":{"center":[-4.5433954960204375,-1.4491830444351308,59.339399636567656],"normal":[-0.3368589672993703,0.6545324250916892,-0.6768407055235331],"radius":1.464145058000703},"confidence":0.9965204819757008,"timestamp":75049.965423,"diameter_3d":2.928290116001406,"ellipse":{"center":[112.59934662032175,104.68612612257317],"axes":[20.353156728356698,30.69419069641634],"angle":-58.79780153056387},"norm_pos":[0.3518729581885055,0.5638078078226119],"diameter":30.69419069641634,"sphere":{"center":[-0.5010878884279936,-9.303572145535401,67.46148810285005],"radius":12.0},"projected_sphere":{"center":[155.39478746226723,34.496183045386175],"axes":[220.5702900789015,220.5702900789015],"angle":90.0},"model_confidence":0.6819376741148075,"model_id":169,"model_birth_timestamp":75032.850243,"theta":2.2843603240029307,"phi":-2.0325967350940797,"method":"3d c++","id":1}
1949799,1949798,1,75049.973823,112,135,{"topic":"pupil.1","circle_3d":{"center":[-4.546292351932187,-1.4276770189545616,59.36169817942945],"normal":[-0.3371003719586828,0.6563245938817367,-0.6749824936183835],"radius":1.4779394633500196},"confidence":0.9973866343007431,"timestamp":75049.973823,"diameter_3d":2.955878926700039,"ellipse":{"center":[112.58794627594213,104.91335818011939],"axes":[20.47344077333814,30.971493407470188],"angle":-58.87429439474303},"norm_pos":[0.35183733211231916,0.5628610075828359],"diameter":30.971493407470188,"sphere":{"center":[-0.5010878884279936,-9.303572145535401,67.46148810285005],"radius":12.0},"projected_sphere":{"center":[155.39478746226723,34.496183045386175],"axes":[220.5702900789015,220.5702900789015],"angle":90.0},"model_confidence":0.6818145177456825,"model_id":169,"model_birth_timestamp":75032.850243,"theta":2.286733250884163,"phi":-2.033980557396754,"method":"3d c++","id":1}
1949806,1949802,1,75049.982223,113,134,{"topic":"pupil.1","circle_3d":{"center":[-4.507471088097874,-1.362282284351953,59.40637736505955],"normal":[-0.3338652666391567,0.6617741550986207,-0.6712592281492088],"radius":1.4738019223719838},"confidence":0.9969289738783693,"timestamp":75049.982223,"diameter_3d":2.9476038447439676,"ellipse":{"center":[113.02700822359475,105.60803845016892],"axes":[20.28433153809725,30.859152594037404],"angle":-59.37934844565979},"norm_pos":[0.3532094006987336,0.5599665064576296],"diameter":30.859152594037404,"sphere":{"center":[-0.5010878884279936,-9.303572145535401,67.46148810285005],"radius":12.0},"projected_sphere":{"center":[155.39478746226723,34.496183045386175],"axes":[220.5702900789015,220.5702900789015],"angle":90.0},"model_confidence":0.6818608783517033,"model_id":169,"model_birth_timestamp":75032.850243,"theta":2.293979099776407,"phi":-2.0323389943011096,"method":"3d c++","id":1}
1949815,1949814,1,75049.990623,112,133,{"topic":"pupil.1","circle_3d":{"center":[-4.519428933322302,-1.3249785687970181,59.44931113375191],"normal":[-0.3348617537411923,0.6648827980615319,-0.667681414091512],"radius":1.480784348271327},"confidence":0.9979879305426732,"timestamp":75049.990623,"diameter_3d":2.961568696542654,"ellipse":{"center":[112.93645858662549,106.00615309946949],"axes":[20.241045113534156,30.982641237692697],"angle":-59.468399186813144},"norm_pos":[0.35292643308320465,0.5583076954188771],"diameter":30.982641237692697,"sphere":{"center":[-0.5010878884279936,-9.303572145535401,67.46148810285005],"radius":12.0},"projected_sphere":{"center":[155.39478746226723,34.496183045386175],"axes":[220.5702900789015,220.5702900789015],"angle":90.0},"model_confidence":0.68176682922646,"model_id":169,"model_birth_timestamp":75032.850243,"theta":2.298133226012039,"phi":-2.0356665811784995,"method":"3d c++","id":1}
1949825,1949819,1,75049.999023,112,133,{"topic":"pupil.1","circle_3d":{"center":[-4.520358647242765,-1.314222761940548,59.460503226337096],"normal":[-0.334939229901231,0.6657791152995711,-0.6667487397094131],"radius":1.4681785990714125},"confidence":0.9969249846991528,"timestamp":75049.999023,"diameter_3d":2.936357198142825,"ellipse":{"center":[112.93429165227508,106.12398518386355],"axes":[20.03314706462194,30.712840430835776],"angle":-59.50846925480178},"norm_pos":[0.3529196614133596,0.5578167284005685],"diameter":30.712840430835776,"sphere":{"center":[-0.5010878884279936,-9.303572145535401,67.46148810285005],"radius":12.0},"projected_sphere":{"center":[155.39478746226723,34.496183045386175],"axes":[220.5702900789015,220.5702900789015],"angle":90.0},"model_confidence":0.6810033886547107,"model_id":169,"model_birth_timestamp":75032.850243,"theta":2.299333841076882,"phi":-2.036319773461373,"method":"3d c++","id":1}
1949837,1949832,1,75050.007423,112,133,{"topic":"pupil.1","circle_3d":{"center":[-4.535295348648584,-1.285610489074152,59.49672438737063],"normal":[-0.3361839550183826,0.6681634713717708,-0.6637303096232858],"radius":1.4993016049303642},"confidence":0.9988709304367347,"timestamp":75050.007423,"diameter_3d":2.9986032098607285,"ellipse":{"center":[112.80994514659676,106.42355623085191],"axes":[20.337976481524468,31.344920222678713],"angle":-59.54291243427781},"norm_pos":[0.3525310785831149,0.5565685157047837],"diameter":31.344920222678713,"sphere":{"center":[-0.5010878884279936,-9.303572145535401,67.46148810285005],"radius":12.0},"projected_sphere":{"center":[155.39478746226723,34.496183045386175],"axes":[220.5702900789015,220.5702900789015],"angle":90.0},"model_confidence":0.6814175038405423,"model_id":169,"model_birth_timestamp":75032.850243,"theta":2.302533965372362,"phi":-2.0396358637681202,"method":"3d c++","id":1}
1949845,1949841,1,75050.015823,112,133,{"topic":"pupil.1","circle_3d":{"center":[-4.533249449756512,-1.2760727824359055,59.50530012626341],"normal":[-0.3360134634440432,0.6689582802582913,-0.6630156647155541],"radius":1.4688261584625677},"confidence":0.9970709079121838,"timestamp":75050.015823,"diameter_3d":2.9376523169251354,"ellipse":{"center":[112.83504067638341,106.53214296690996],"axes":[19.897822181179453,30.702907111334174],"angle":-59.594698373672486},"norm_pos":[0.3526095021136982,0.5561160709712085],"diameter":30.702907111334174,"sphere":{"center":[-0.5010878884279936,-9.303572145535401,67.46148810285005],"radius":12.0},"projected_sphere":{"center":[155.39478746226723,34.496183045386175],"axes":[220.5702900789015,220.5702900789015],"angle":90.0},"model_confidence":0.6813444509058963,"model_id":169,"model_birth_timestamp":75032.850243,"theta":2.3036027491925046,"phi":-2.039865675278814,"method":"3d c++","id":1}
1949851,1949848,1,75050.024223,112,133,{"topic":"pupil.1","circle_3d":{"center":[-4.544750395191486,-1.2537788118729338,59.53371282748317],"normal":[-0.3369718755636244,0.670816111138539,-0.6606479396139069],"radius":1.4717173130817163},"confidence":0.9978934626338807,"timestamp":75050.024223,"diameter_3d":2.9434346261634325,"ellipse":{"center":[112.73782652254285,106.77034165659866],"axes":[19.84469434516302,30.748586166430055],"angle":-59.6220785449174},"norm_pos":[0.3523057078829464,0.5551235764308389],"diameter":30.748586166430055,"sphere":{"center":[-0.5010878884279936,-9.303572145535401,67.46148810285005],"radius":12.0},"projected_sphere":{"center":[155.39478746226723,34.496183045386175],"axes":[220.5702900789015,220.5702900789015],"angle":90.0},"model_confidence":0.6812693001231329,"model_id":169,"model_birth_timestamp":75032.850243,"theta":2.306105005628812,"phi":-2.042461655836262,"method":"3d c++","id":1}
1949858,1949852,1,75050.032623,112,133,{"topic":"pupil.1","circle_3d":{"center":[-4.574281301217557,-1.264837894328835,59.537609818797094],"normal":[-0.33943278439913027,0.6698945209338805,-0.6603231903377469],"radius":1.4633226250388411},"confidence":0.9974641422697457,"timestamp":75050.032623,"diameter_3d":2.9266452500776823,"ellipse":{"center":[112.43307026130032,106.65828376588755],"axes":[19.711992178151487,30.57215993676602],"angle":-59.40758670759993},"norm_pos":[0.3513533445665635,0.5555904843088019],"diameter":30.57215993676602,"sphere":{"center":[-0.5010878884279936,-9.303572145535401,67.46148810285005],"radius":12.0},"projected_sphere":{"center":[155.39478746226723,34.496183045386175],"axes":[220.5702900789015,220.5702900789015],"angle":90.0},"model_confidence":0.6809458950660319,"model_id":169,"model_birth_timestamp":75032.850243,"theta":2.3048630374281056,"phi":-2.045613046158811,"method":"3d c++","id":1}
1949869,1949868,1,75050.041023,112,133,{"topic":"pupil.1","circle_3d":{"center":[-4.586172656689917,-1.255100674085071,59.55363191995418],"normal":[-0.34042373068849363,0.6707059559541942,-0.6589880152413231],"radius":1.430246268928285},"confidence":0.9949017845472539,"timestamp":75050.041023,"diameter_3d":2.86049253785657,"ellipse":{"center":[112.31901074245613,106.77104696073988],"axes":[19.214299077538946,29.872994131929886],"angle":-59.380953178188776},"norm_pos":[0.3509969085701754,0.5551206376635838],"diameter":29.872994131929886,"sphere":{"center":[-0.5010878884279936,-9.303572145535401,67.46148810285005],"radius":12.0},"projected_sphere":{"center":[155.39478746226723,34.496183045386175],"axes":[220.5702900789015,220.5702900789015],"angle":90.0},"model_confidence":0.6802902307197933,"model_id":169,"model_birth_timestamp":75032.850243,"theta":2.3059564831601516,"phi":-2.0476242200829367,"method":"3d c++","id":1}
1949874,1949870,1,75050.049423,111,133,{"topic":"pupil.1","circle_3d":{"center":[-4.62330792310265,-1.2700912551509074,59.557660753422816],"normal":[-0.343518336222888,0.6694567408653745,-0.6586522791189368],"radius":1.4596469163266574},"confidence":0.9971996780835227,"timestamp":75050.049423,"diameter_3d":2.919293832653315,"ellipse":{"center":[111.93891073319557,106.609488285734],"axes":[19.58782275530337,30.486526665101483],"angle":-59.1077554433152},"norm_pos":[0.34980909604123617,0.5557937988094417],"diameter":30.486526665101483,"sphere":{"center":[-0.5010878884279936,-9.303572145535401,67.46148810285005],"radius":12.0},"projected_sphere":{"center":[155.39478746226723,34.496183045386175],"axes":[220.5702900789015,220.5702900789015],"angle":90.0},"model_confidence":0.6800851955909404,"model_id":169,"model_birth_timestamp":75032.850243,"theta":2.3042735566540897,"phi":-2.0515328321088946,"method":"3d c++","id":1}
1949885,1949881,1,75050.057823,111,133,{"topic":"pupil.1","circle_3d":{"center":[-4.6279696494958005,-1.2876887728500765,59.54224188331168],"normal":[-0.3439068134223172,0.6679902810571104,-0.6599371849615312],"radius":1.445352047806581},"confidence":0.997013771174409,"timestamp":75050.057823,"diameter_3d":2.890704095613162,"ellipse":{"center":[111.87689892902867,106.42602063899145],"axes":[19.442318657656113,30.196134121318575],"angle":-59.00713512725585},"norm_pos":[0.3496153091532146,0.5565582473375357],"diameter":30.196134121318575,"sphere":{"center":[-0.5010878884279936,-9.303572145535401,67.46148810285005],"radius":12.0},"projected_sphere":{"center":[155.39478746226723,34.496183045386175],"axes":[220.5702900789015,220.5702900789015],"angle":90.0},"model_confidence":0.6804698793899,"model_id":169,"model_birth_timestamp":75032.850243,"theta":2.302301211551471,"phi":-2.0511972408915358,"method":"3d c++","id":1}
1949890,1949887,1,75050.066223,111,133,{"topic":"pupil.1","circle_3d":{"center":[-4.628937636134859,-1.302870978756955,59.527407355827975],"normal":[-0.34398747897557214,0.6667250972315372,-0.661173395585173],"radius":1.466428111007962},"confidence":0.9983110211823878,"timestamp":75050.066223,"diameter_3d":2.932856222015924,"ellipse":{"center":[111.8570285945948,106.25956284086442],"axes":[19.77225820721181,30.644555589991924],"angle":-58.93722885676854},"norm_pos":[0.3495532143581087,0.5572518214963982],"diameter":30.644555589991924,"sphere":{"center":[-0.5010878884279936,-9.303572145535401,67.46148810285005],"radius":12.0},"projected_sphere":{"center":[155.39478746226723,34.496183045386175],"axes":[220.5702900789015,220.5702900789015],"angle":90.0},"model_confidence":0.6804482338764295,"model_id":169,"model_birth_timestamp":75032.850243,"theta":2.300602378599467,"phi":-2.0505266942308857,"method":"3d c++","id":1}
1949900,1949899,1,75050.074623,111,133,{"topic":"pupil.1","circle_3d":{"center":[-4.626676947363246,-1.299563174784975,59.52956807596246],"normal":[-0.34379908824460437,0.6670007475625355,-0.6609933355739661],"radius":1.4552178971605272},"confidence":0.9982978640159625,"timestamp":75050.074623,"diameter_3d":2.9104357943210544,"ellipse":{"center":[111.88119796209881,106.29710362273657],"axes":[19.614847760958323,30.408982122551087],"angle":-58.964081213640526},"norm_pos":[0.34962874363155877,0.5570954015719309],"diameter":30.408982122551087,"sphere":{"center":[-0.5010878884279936,-9.303572145535401,67.46148810285005],"radius":12.0},"projected_sphere":{"center":[155.39478746226723,34.496183045386175],"axes":[220.5702900789015,220.5702900789015],"angle":90.0},"model_confidence":0.6806141407535549,"model_id":169,"model_birth_timestamp":75032.850243,"theta":2.3009722894731617,"phi":-2.050413924106569,"method":"3d c++","id":1}
1949906,1949904,1,75050.083023,111,133,{"topic":"pupil.1","circle_3d":{"center":[-4.635533880516861,-1.3048248568904643,59.52887200531353],"normal":[-0.3445371660074056,0.6665622740537448,-0.6610513414613769],"radius":1.4684494220392252},"confidence":0.9987836782333201,"timestamp":75050.083023,"diameter_3d":2.9368988440784505,"ellipse":{"center":[111.78979494949124,106.2391477292688],"axes":[19.793278924812654,30.686276831025804],"angle":-58.8916607705782},"norm_pos":[0.3493431092171601,0.55733688446138],"diameter":30.686276831025804,"sphere":{"center":[-0.5010878884279936,-9.303572145535401,67.46148810285005],"radius":12.0},"projected_sphere":{"center":[155.39478746226723,34.496183045386175],"axes":[220.5702900789015,220.5702900789015],"angle":90.0},"model_confidence":0.6811277780927827,"model_id":169,"model_birth_timestamp":75032.850243,"theta":2.300383934405575,"phi":-2.0512564164285876,"method":"3d c++","id":1}
1949921,1949917,1,75050.091423,111,133,{"topic":"pupil.1","circle_3d":{"center":[-4.638035467389052,-1.3015563911268053,59.53347393818531],"normal":[-0.34474563158008825,0.6668346462007163,-0.6606678470553955],"radius":1.4408763288965127},"confidence":0.9968365587473963,"timestamp":75050.091423,"diameter_3d":2.8817526577930255,"ellipse":{"center":[111.76486167774837,106.2806592622067],"axes":[19.40658905934534,30.10756561565111],"angle":-58.89151496323203},"norm_pos":[0.34926519274296364,0.5571639197408054],"diameter":30.10756561565111,"sphere":{"center":[-0.5010878884279936,-9.303572145535401,67.46148810285005],"radius":12.0},"projected_sphere":{"center":[155.39478746226723,34.496183045386175],"axes":[220.5702900789015,220.5702900789015],"angle":90.0},"model_confidence":0.680858741755408,"model_id":169,"model_birth_timestamp":75032.850243,"theta":2.3007493739368763,"phi":-2.0517423357086235,"method":"3d c++","id":1}
1949928,1949927,1,75050.099823,111,133,{"topic":"pupil.1","circle_3d":{"center":[-4.645474029503372,-1.30531364095609,59.533567542729195],"normal":[-0.34536551175628155,0.666521542048276,-0.6606600466767384],"radius":1.4458448423022192},"confidence":0.9967888216508796,"timestamp":75050.099823,"diameter_3d":2.8916896846044384,"ellipse":{"center":[111.6880544612703,106.24047946296028],"axes":[19.471422015034136,30.21164675473703],"angle":-58.833571769813034},"norm_pos":[0.34902517019146967,0.5573313355709988],"diameter":30.21164675473703,"sphere":{"center":[-0.5010878884279936,-9.303572145535401,67.46148810285005],"radius":12.0},"projected_sphere":{"center":[155.39478746226723,34.496183045386175],"axes":[220.5702900789015,220.5702900789015],"angle":90.0},"model_confidence":0.6804684330583788,"model_id":169,"model_birth_timestamp":75032.850243,"theta":2.300329294864426,"phi":-2.0524843594989,"method":"3d c++","id":1}
1949935,1949932,1,75050.108223,111,133,{"topic":"pupil.1","circle_3d":{"center":[-4.623285516042246,-1.269682339164687,59.55806471181347],"normal":[-0.3435164689678544,0.6694908171975595,-0.658618615919715],"radius":1.4808399953849072},"confidence":0.9989901993307271,"timestamp":75050.108223,"diameter_3d":2.9616799907698144,"ellipse":{"center":[111.94145062834744,106.60890045246339],"axes":[19.871149526130704,30.92910749953918],"angle":-59.109543288226234},"norm_pos":[0.34981703321358576,0.5557962481147358],"diameter":30.92910749953918,"sphere":{"center":[-0.5010878884279936,-9.303572145535401,67.46148810285005],"radius":12.0},"projected_sphere":{"center":[155.39478746226723,34.496183045386175],"axes":[220.5702900789015,220.5702900789015],"angle":90.0},"model_confidence":0.6804651974145814,"model_id":169,"model_birth_timestamp":75032.850243,"theta":2.3043194299646363,"phi":-2.051551559842527,"method":"3d c++","id":1}
1949943,1949937,1,75050.116623,112,133,{"topic":"pupil.1","circle_3d":{"center":[-4.5975931014392675,-1.248571606535231,59.56619764863126],"normal":[-0.34137543441760615,0.6712500449166808,-0.6579408711848995],"radius":1.4507840288662845},"confidence":0.9983663702929457,"timestamp":75050.116623,"diameter_3d":2.901568057732569,"ellipse":{"center":[112.21207874547818,106.83727372175183],"axes":[19.448661345013875,30.2959026566823],"angle":-59.34353512068762},"norm_pos":[0.35066274607961934,0.554844692826034],"diameter":30.2959026566823,"sphere":{"center":[-0.5010878884279936,-9.303572145535401,67.46148810285005],"radius":12.0},"projected_sphere":{"center":[155.39478746226723,34.496183045386175],"axes":[220.5702900789015,220.5702900789015],"angle":90.0},"model_confidence":0.6805193601467363,"model_id":169,"model_birth_timestamp":75032.850243,"theta":2.3066902737105757,"phi":-2.049413335116802,"method":"3d c++","id":1}
1949950,1949949,1,75050.125023,112,132,{"topic":"pupil.1","circle_3d":{"center":[-4.544223655256348,-1.1972821231869801,59.591220302795996],"normal":[-0.33692798056902956,0.6755241685290351,-0.655855650004505],"radius":1.4405516052137894},"confidence":0.9974686495350018,"timestamp":75050.125023,"diameter_3d":2.881103210427579,"ellipse":{"center":[112.7852497611814,107.37849188152265],"axes":[19.247238703101036,30.06714071286054],"angle":-59.85944166734353},"norm_pos":[0.3524539055036919,0.5525896171603223],"diameter":30.06714071286054,"sphere":{"center":[-0.5010878884279936,-9.303572145535401,67.46148810285005],"radius":12.0},"projected_sphere":{"center":[155.39478746226723,34.496183045386175],"axes":[220.5702900789015,220.5702900789015],"angle":90.0},"model_confidence":0.6803686267948028,"model_id":169,"model_birth_timestamp":75032.850243,"theta":2.312471691000614,"phi":-2.0453617855223825,"method":"3d c++","id":1}
1949958,1949954,1,75050.133423,113,132,{"topic":"pupil.1","circle_3d":{"center":[-4.509637595132665,-1.1784760256756712,59.59292137873071],"normal":[-0.33404580889205593,0.6770913433216441,-0.6557138936766123],"radius":1.4352656349576718},"confidence":0.997624620068193,"timestamp":75050.133423,"diameter_3d":2.8705312699153436,"ellipse":{"center":[113.14537212672487,107.57544923171494],"axes":[19.179515226966544,29.954652852739407],"angle":-60.13378915359945},"norm_pos":[0.3535792878960152,0.5517689615345212],"diameter":29.954652852739407,"sphere":{"center":[-0.5010878884279936,-9.303572145535401,67.46148810285005],"radius":12.0},"projected_sphere":{"center":[155.39478746226723,34.496183045386175],"axes":[220.5702900789015,220.5702900789015],"angle":90.0},"model_confidence":0.6804028816020158,"model_id":169,"model_birth_timestamp":75032.850243,"theta":2.3145992161505693,"phi":-2.041966080593408,"method":"3d c++","id":1}
1949969,1949967,1,75050.141823,113,131,{"topic":"pupil.1","circle_3d":{"center":[-4.458461286583756,-1.1255207563025298,59.62192999906414],"normal":[-0.3297811165129802,0.6815042824360726,-0.6532965086488262],"radius":1.452171572935526},"confidence":0.9975355551841447,"timestamp":75050.141823,"diameter_3d":2.904343145871052,"ellipse":{"center":[113.70059051941357,108.12807727545687],"axes":[19.327653141877693,30.290536305259483],"angle":-60.641497860364666},"norm_pos":[0.3553143453731674,0.5494663446855963],"diameter":30.290536305259483,"sphere":{"center":[-0.5010878884279936,-9.303572145535401,67.46148810285005],"radius":12.0},"projected_sphere":{"center":[155.39478746226723,34.496183045386175],"axes":[220.5702900789015,220.5702900789015],"angle":90.0},"model_confidence":0.6801818695836737,"model_id":169,"model_birth_timestamp":75032.850243,"theta":2.3206125518556187,"phi":-2.0382729463052045,"method":"3d c++","id":1}
1949976,1949971,1,75050.150222,113,131,{"topic":"pupil.1","circle_3d":{"center":[-4.43448891343527,-1.0991637393362481,59.63742016597985],"normal":[-0.32778341875060635,0.683700700516596,-0.6520056614058504],"radius":1.4309387995638811},"confidence":0.9972410622248713,"timestamp":75050.150222,"diameter_3d":2.8618775991277623,"ellipse":{"center":[113.95940192278773,108.40996906561415],"axes":[19.003021691278082,29.838656345963578],"angle":-60.8847839501081},"norm_pos":[0.3561231310087117,0.5482917955599411],"diameter":29.838656345963578,"sphere":{"center":[-0.5010878884279936,-9.303572145535401,67.46148810285005],"radius":12.0},"projected_sphere":{"center":[155.39478746226723,34.496183045386175],"axes":[220.5702900789015,220.5702900789015],"angle":90.0},"model_confidence":0.6797311404238005,"model_id":169,"model_birth_timestamp":75032.850243,"theta":2.3236180957908834,"phi":-2.0366263000055116,"method":"3d c++","id":1}
1949983,1949977,1,75050.158622,114,131,{"topic":"pupil.1","circle_3d":{"center":[-4.40739821006126,-1.0801188972143922,59.64384419027767],"normal":[-0.3255258601361055,0.6852877706934174,-0.6514703260476987],"radius":1.415280680783969},"confidence":0.9967679478189154,"timestamp":75050.158622,"diameter_3d":2.830561361567938,"ellipse":{"center":[114.24413419403209,108.6125806672344],"axes":[18.781611872554297,29.50782889492967],"angle":-61.11639833840081},"norm_pos":[0.35701291935635027,0.54744758055319],"diameter":29.50782889492967,"sphere":{"center":[-0.5010878884279936,-9.303572145535401,67.46148810285005],"radius":12.0},"projected_sphere":{"center":[155.39478746226723,34.496183045386175],"axes":[220.5702900789015,220.5702900789015],"angle":90.0},"model_confidence":0.679382028620934,"model_id":169,"model_birth_timestamp":75032.850243,"theta":2.3257950937884377,"phi":-2.0341868806072028,"method":"3d c++","id":1}
1949991,1949987,1,75050.167022,114,131,{"topic":"pupil.1","circle_3d":{"center":[-4.428099150441147,-1.0902262095926876,59.64358997838238],"normal":[-0.3272509385010961,0.6844454946618929,-0.651491510372306],"radius":1.3974730051895217},"confidence":0.99610203850057,"timestamp":75050.167022,"diameter_3d":2.7949460103790433,"ellipse":{"center":[114.02758810488149,108.51160486119451],"axes":[18.54131995590954,29.137257465093832],"angle":-60.95721516433332},"norm_pos":[0.35633621282775463,0.5478683130783562],"diameter":29.137257465093832,"sphere":{"center":[-0.5010878884279936,-9.303572145535401,67.46148810285005],"radius":12.0},"projected_sphere":{"center":[155.39478746226723,34.496183045386175],"axes":[220.5702900789015,220.5702900789015],"angle":90.0},"model_confidence":0.678414087728163,"model_id":169,"model_birth_timestamp":75032.850243,"theta":2.324639182325206,"phi":-2.0362905193435172,"method":"3d c++","id":1}
1950003,1950000,1,75050.175422,113,131,{"topic":"pupil.1","circle_3d":{"center":[-4.468424650399898,-1.1215546234471585,59.631109549718204],"normal":[-0.33061139683099205,0.6818347935073535,-0.652531546094321],"radius":1.4117154774489578},"confidence":0.9924723224620632,"timestamp":75050.175422,"diameter_3d":2.8234309548979155,"ellipse":{"center":[113.60067129089478,108.18049996751424],"axes":[18.758920852177148,29.44205598012147],"angle":-60.600501365545256},"norm_pos":[0.3550020977840462,0.549247916802024],"diameter":29.44205598012147,"sphere":{"center":[-0.5010878884279936,-9.303572145535401,67.46148810285005],"radius":12.0},"projected_sphere":{"center":[155.39478746226723,34.496183045386175],"axes":[220.5702900789015,220.5702900789015],"angle":90.0},"model_confidence":0.6778131288570077,"model_id":169,"model_birth_timestamp":75032.850243,"theta":2.321064279424852,"phi":-2.039757441527759,"method":"3d c++","id":1}
1950010,1950010,1,75050.183822,112,132,{"topic":"pupil.1","circle_3d":{"center":[-4.531730691644868,-1.1554637739023477,59.62808216692414],"normal":[-0.3358869002680729,0.6790090309694211,-0.6527838279938263],"radius":1.404823926345767},"confidence":0.9980408658536594,"timestamp":75050.183822,"diameter_3d":2.809647852691534,"ellipse":{"center":[112.9405032436708,107.82932064669254],"axes":[18.661929633885084,29.302009719132805],"angle":-60.102076364850944},"norm_pos":[0.3529390726364713,0.5507111639721145],"diameter":29.302009719132805,"sphere":{"center":[-0.5010878884279936,-9.303572145535401,67.46148810285005],"radius":12.0},"projected_sphere":{"center":[155.39478746226723,34.496183045386175],"axes":[220.5702900789015,220.5702900789015],"angle":90.0},"model_confidence":0.677461539401325,"model_id":169,"model_birth_timestamp":75032.850243,"theta":2.3172082622170134,"phi":-2.046012410428287,"method":"3d c++","id":1}
1950020,1950016,1,75050.192222,113,132,{"topic":"pupil.1","circle_3d":{"center":[-4.520701177270436,-1.1645636692574595,59.61296913229026],"normal":[-0.3349677740702036,0.6782507063564952,-0.6540432475466499],"radius":1.3886412831540322},"confidence":0.996572910937296,"timestamp":75050.192222,"diameter_3d":2.7772825663080645,"ellipse":{"center":[113.04192753803048,107.73499813571269],"axes":[18.494116366672493,28.971575427101357],"angle":-60.127701963342304},"norm_pos":[0.3532560235563452,0.5511041744345304],"diameter":28.971575427101357,"sphere":{"center":[-0.5010878884279936,-9.303572145535401,67.46148810285005],"radius":12.0},"projected_sphere":{"center":[155.39478746226723,34.496183045386175],"axes":[220.5702900789015,220.5702900789015],"angle":90.0},"model_confidence":0.676637463143126,"model_id":169,"model_birth_timestamp":75032.850243,"theta":2.316175798039094,"phi":-2.0441160478587848,"method":"3d c++","id":1}
1950028,1950021,1,75050.200622,113,131,{"topic":"pupil.1","circle_3d":{"center":[-4.4480346175549315,-1.1265611465201033,59.615590917733684],"normal":[-0.3289122274272448,0.6814175832512749,-0.6538247654263643],"radius":1.4266239917724737},"confidence":0.9989719029821792,"timestamp":75050.200622,"diameter_3d":2.8532479835449474,"ellipse":{"center":[113.80180775650291,108.12172508390509],"axes":[19.0091098617203,29.760370507213796],"angle":-60.69721446944877},"norm_pos":[0.3556306492390716,0.5494928121503955],"diameter":29.760370507213796,"sphere":{"center":[-0.5010878884279936,-9.303572145535401,67.46148810285005],"radius":12.0},"projected_sphere":{"center":[155.39478746226723,34.496183045386175],"axes":[220.5702900789015,220.5702900789015],"angle":90.0},"model_confidence":0.6766441021600067,"model_id":169,"model_birth_timestamp":75032.850243,"theta":2.32049408679738,"phi":-2.0368878896792784,"method":"3d c++","id":1}
1950036,1950033,1,75050.209022,114,131,{"topic":"pupil.1","circle_3d":{"center":[-4.388433856729155,-1.0456309084970847,59.670791866418114],"normal":[-0.32394549735843015,0.688161769753193,-0.6492246863693283],"radius":1.4149191858980883},"confidence":0.9974949105990952,"timestamp":75050.209022,"diameter_3d":2.8298383717961766,"ellipse":{"center":[114.46116995490715,108.976204358432],"axes":[18.699629191354404,29.485903103224317],"angle":-61.361715471790745},"norm_pos":[0.35769115610908486,0.5459324818398666],"diameter":29.485903103224317,"sphere":{"center":[-0.5010878884279936,-9.303572145535401,67.46148810285005],"radius":12.0},"projected_sphere":{"center":[155.39478746226723,34.496183045386175],"axes":[220.5702900789015,220.5702900789015],"angle":90.0},"model_confidence":0.6760336574991199,"model_id":169,"model_birth_timestamp":75032.850243,"theta":2.3297487829481685,"phi":-2.033621884779253,"method":"3d c++","id":1}
1950042,1950038,1,75050.217422,114,130,{"topic":"pupil.1","circle_3d":{"center":[-4.373391300860907,-0.9569832293934422,59.75826022442165],"normal":[-0.32269195103607606,0.6955490763451633,-0.6419356565357006],"radius":1.393613548969129},"confidence":0.9941563757063779,"timestamp":75050.217422,"diameter_3d":2.787227097938258,"ellipse":{"center":[114.6808344447982,109.91738959709457],"axes":[18.16131647201323,28.99747072953446],"angle":-61.792859449489214},"norm_pos":[0.3583776076399944,0.5420108766787726],"diameter":28.99747072953446,"sphere":{"center":[-0.5010878884279936,-9.303572145535401,67.46148810285005],"radius":12.0},"projected_sphere":{"center":[155.39478746226723,34.496183045386175],"axes":[220.5702900789015,220.5702900789015],"angle":90.0},"model_confidence":0.6746767547735399,"model_id":169,"model_birth_timestamp":75032.850243,"theta":2.339980166069284,"phi":-2.036590281550247,"method":"3d c++","id":1}
1950052,1950044,1,75050.225822,114,129,{"topic":"pupil.1","circle_3d":{"center":[-4.4240102760975155,-0.9347443278167322,59.80816196987366],"normal":[-0.32691019897246015,0.6974023181432224,-0.637777177748033],"radius":1.4007765843040054},"confidence":0.9945670113672297,"timestamp":75050.225822,"diameter_3d":2.801553168608011,"ellipse":{"center":[114.19459810001767,110.15551698698069],"axes":[18.09516693382828,29.123184012657997],"angle":-61.58964749977389},"norm_pos":[0.3568581190625552,0.5410186792209137],"diameter":29.123184012657997,"sphere":{"center":[-0.5010878884279936,-9.303572145535401,67.46148810285005],"radius":12.0},"projected_sphere":{"center":[155.39478746226723,34.496183045386175],"axes":[220.5702900789015,220.5702900789015],"angle":90.0},"model_confidence":0.6732785232098193,"model_id":169,"model_birth_timestamp":75032.850243,"theta":2.3425627948839036,"phi":-2.0444551926250125,"method":"3d c++","id":1}
1950059,1950055,1,75050.234222,114,130,{"topic":"pupil.1","circle_3d":{"center":[-4.439862322094046,-0.9741836380501603,59.77335809275843],"normal":[-0.3282312028055044,0.6941157089571035,-0.6406775008409687],"radius":1.4075446349834444},"confidence":0.9962392983161651,"timestamp":75050.234222,"diameter_3d":2.815089269966889,"ellipse":{"center":[114.0047264834491,109.73902461154266],"axes":[18.28327835945277,29.282017259596117],"angle":-61.34682038791297},"norm_pos":[0.35626477026077846,0.5427540641185722],"diameter":29.282017259596117,"sphere":{"center":[-0.5010878884279936,-9.303572145535401,67.46148810285005],"radius":12.0},"projected_sphere":{"center":[155.39478746226723,34.496183045386175],"axes":[220.5702900789015,220.5702900789015],"angle":90.0},"model_confidence":0.6728364424625544,"model_id":169,"model_birth_timestamp":75032.850243,"theta":2.3379870839263215,"phi":-2.044250430611173,"method":"3d c++","id":1}
1950069,1950068,1,75050.242622,113,130,{"topic":"pupil.1","circle_3d":{"center":[-4.451096763541195,-1.044518549086547,59.70355902496386],"normal":[-0.32916740625943347,0.688254466370738,-0.6464940898238497],"radius":1.3863297245929644},"confidence":0.9954173515037873,"timestamp":75050.242622,"diameter_3d":2.772659449185929,"ellipse":{"center":[113.83361049107666,109.00085502607658],"axes":[18.211014874727383,28.87565937875825],"angle":-61.006964718746474},"norm_pos":[0.35573003278461457,0.5458297707246809],"diameter":28.87565937875825,"sphere":{"center":[-0.5010878884279936,-9.303572145535401,67.46148810285005],"radius":12.0},"projected_sphere":{"center":[155.39478746226723,34.496183045386175],"axes":[220.5702900789015,220.5702900789015],"angle":90.0},"model_confidence":0.6726246315544859,"model_id":169,"model_birth_timestamp":75032.850243,"theta":2.329876549888421,"phi":-2.0417431816324707,"method":"3d c++","id":1}
1950076,1950072,1,75050.251022,114,131,{"topic":"pupil.1","circle_3d":{"center":[-4.417817212762337,-1.0698843104822409,59.65984622214334],"normal":[-0.32639411036119526,0.6861406529210967,-0.6501368233922266],"radius":1.4114240671956926},"confidence":0.9962702277496817,"timestamp":75050.251022,"diameter_3d":2.822848134391385,"ellipse":{"center":[114.1477617440467,108.72305535515615],"axes":[18.679858003824812,29.419605563437027],"angle":-61.09703768355379},"norm_pos":[0.35671175545014594,0.546987269353516],"diameter":29.419605563437027,"sphere":{"center":[-0.5010878884279936,-9.303572145535401,67.46148810285005],"radius":12.0},"projected_sphere":{"center":[155.39478746226723,34.496183045386175],"axes":[220.5702900789015,220.5702900789015],"angle":90.0},"model_confidence":0.6718686627338544,"model_id":169,"model_birth_timestamp":75032.850243,"theta":2.326966843378083,"phi":-2.0360738906346554,"method":"3d c++","id":1}
1950089,1950084,1,75050.259422,114,131,{"topic":"pupil.1","circle_3d":{"center":[-4.386833106488408,-1.0789399450710633,59.63484071923772],"normal":[-0.3238121015050345,0.6853860167053616,-0.6522206153010276],"radius":1.4038908857287338},"confidence":0.9970226375738753,"timestamp":75050.259422,"diameter_3d":2.8077817714574675,"ellipse":{"center":[114.4498831768019,108.62546438729188],"axes":[18.661917747709964,29.274144008193435],"angle":-61.239703514004276},"norm_pos":[0.35765588492750594,0.5473938983862838],"diameter":29.274144008193435,"sphere":{"center":[-0.5010878884279936,-9.303572145535401,67.46148810285005],"radius":12.0},"projected_sphere":{"center":[155.39478746226723,34.496183045386175],"axes":[220.5702900789015,220.5702900789015],"angle":90.0},"model_confidence":0.6718602897341386,"model_id":169,"model_birth_timestamp":75032.850243,"theta":2.3259300051901772,"phi":-2.0316210334923235,"method":"3d c++","id":1}
1950095,1950091,1,75050.267822,114,131,{"topic":"pupil.1","circle_3d":{"center":[-4.419320514254179,-1.0684202700451202,59.66214667696542],"normal":[-0.32651938548551546,0.6862626562908568,-0.6499451188237193],"radius":1.3744670373511065},"confidence":0.9933093322564047,"timestamp":75050.267822,"diameter_3d":2.748934074702213,"ellipse":{"center":[114.13086057783568,108.74692137936238],"axes":[18.183363697371416,28.647944938440293],"angle":-61.0942971413391},"norm_pos":[0.3566589393057365,0.5468878275859901],"diameter":28.647944938440293,"sphere":{"center":[-0.5010878884279936,-9.303572145535401,67.46148810285005],"radius":12.0},"projected_sphere":{"center":[155.39478746226723,34.496183045386175],"axes":[220.5702900789015,220.5702900789015],"angle":90.0},"model_confidence":0.6707154038148477,"model_id":169,"model_birth_timestamp":75032.850243,"theta":2.327134566040525,"phi":-2.0363460694109055,"method":"3d c++","id":1}
1950105,1950103,1,75050.276222,113,131,{"topic":"pupil.1","circle_3d":{"center":[-4.447236317578667,-1.0686393729820622,59.67600193905536],"normal":[-0.32884570242922273,0.6862443977127782,-0.6487905136495579],"radius":1.3846084868856003},"confidence":0.9935670781631685,"timestamp":75050.276222,"diameter_3d":2.7692169737712007,"ellipse":{"center":[113.85254762979247,108.74532752892908],"axes":[18.270564083509715,28.853407736729064],"angle":-60.93341715981893},"norm_pos":[0.3557892113431015,0.5468944686294621],"diameter":28.853407736729064,"sphere":{"center":[-0.5010878884279936,-9.303572145535401,67.46148810285005],"radius":12.0},"projected_sphere":{"center":[155.39478746226723,34.496183045386175],"axes":[220.5702900789015,220.5702900789015],"angle":90.0},"model_confidence":0.6697293489792311,"model_id":169,"model_birth_timestamp":75032.850243,"theta":2.3271094635916447,"phi":-2.0399165477412597,"method":"3d c++","id":1}
1950111,1950106,1,75050.284622,113,131,{"topic":"pupil.1","circle_3d":{"center":[-4.482976522855475,-1.0919756184565461,59.66955346635035],"normal":[-0.3318240528689568,0.6842997105899046,-0.6493278863749751],"radius":1.4069118535751464},"confidence":0.9966094101751387,"timestamp":75050.284622,"diameter_3d":2.8138237071502927,"ellipse":{"center":[113.4786769187323,108.49690979257404],"axes":[18.576368732313547,29.322819760313738],"angle":-60.63622923437859},"norm_pos":[0.35462086537103843,0.5479295425309415],"diameter":29.322819760313738,"sphere":{"center":[-0.5010878884279936,-9.303572145535401,67.46148810285005],"radius":12.0},"projected_sphere":{"center":[155.39478746226723,34.496183045386175],"axes":[220.5702900789015,220.5702900789015],"angle":90.0},"model_confidence":0.6694035943795806,"model_id":169,"model_birth_timestamp":75032.850243,"theta":2.324439240502089,"phi":-2.043226535214512,"method":"3d c++","id":1}
1950121,1950118,1,75050.293022,113,132,{"topic":"pupil.1","circle_3d":{"center":[-4.520877567015188,-1.1842806541730582,59.592663754943],"normal":[-0.33498247321559954,0.6766076242801953,-0.655735362325588],"radius":1.4085039059807931},"confidence":0.9973667216790106,"timestamp":75050.293022,"diameter_3d":2.8170078119615862,"ellipse":{"center":[113.02606962450683,107.52114213676816],"axes":[18.819848124703807,29.39646732760389],"angle":-60.04594284372769},"norm_pos":[0.35320646757658386,0.5519952410967993],"diameter":29.39646732760389,"sphere":{"center":[-0.5010878884279936,-9.303572145535401,67.46148810285005],"radius":12.0},"projected_sphere":{"center":[155.39478746226723,34.496183045386175],"axes":[220.5702900789015,220.5702900789015],"angle":90.0},"model_confidence":0.6692370120836899,"model_id":169,"model_birth_timestamp":75032.850243,"theta":2.31394209757595,"phi":-2.0430862888560917,"method":"3d c++","id":1}
1950127,1950123,1,75050.301422,112,133,{"topic":"pupil.1","circle_3d":{"center":[-4.534305240587607,-1.2945211674839463,59.48726336177261],"normal":[-0.33610144601330116,0.6674209148376213,-0.6645187284231203],"radius":1.4163952852784167},"confidence":0.997120648835569,"timestamp":75050.301422,"diameter_3d":2.8327905705568335,"ellipse":{"center":[112.8052241435904,106.34777126953324],"axes":[19.241564148028687,29.615924610297355],"angle":-59.511415783542446},"norm_pos":[0.35251632544871997,0.5568842863769448],"diameter":29.615924610297355,"sphere":{"center":[-0.5010878884279936,-9.303572145535401,67.46148810285005],"radius":12.0},"projected_sphere":{"center":[155.39478746226723,34.496183045386175],"axes":[220.5702900789015,220.5702900789015],"angle":90.0},"model_confidence":0.669078469109341,"model_id":169,"model_birth_timestamp":75032.850243,"theta":2.301536371667032,"phi":-2.039058631329145,"method":"3d c++","id":1}
1950136,1950136,1,75050.309822,112,134,{"topic":"pupil.1","circle_3d":{"center":[-4.539478253943001,-1.4166843547544712,59.36899749541984],"normal":[-0.3365325304595839,0.6572406492317442,-0.6743742172858512],"radius":1.3955757254289487},"confidence":0.9968560098501001,"timestamp":75050.309822,"diameter_3d":2.7911514508578974,"ellipse":{"center":[112.65698575537162,105.04898647725359],"axes":[19.311513129788747,29.240964446397214],"angle":-58.96142239480483},"norm_pos":[0.3520530804855363,0.5622958896781101],"diameter":29.240964446397214,"sphere":{"center":[-0.5010878884279936,-9.303572145535401,67.46148810285005],"radius":12.0},"projected_sphere":{"center":[155.39478746226723,34.496183045386175],"axes":[220.5702900789015,220.5702900789015],"angle":90.0},"model_confidence":0.6689319172520247,"model_id":169,"model_birth_timestamp":75032.850243,"theta":2.2879480498200144,"phi":-2.0336671180836934,"method":"3d c++","id":1}
1950143,1950140,1,75050.318222,112,135,{"topic":"pupil.1","circle_3d":{"center":[-4.531056495748564,-1.493830485395499,59.29036282992186],"normal":[-0.33583071727671426,0.6508118050116586,-0.6809271060773499],"radius":1.4122917960495314},"confidence":0.9983331495052055,"timestamp":75050.318222,"diameter_3d":2.8245835920990627,"ellipse":{"center":[112.68473590643865,104.21830138321722],"axes":[19.783977064261354,29.631798826401898],"angle":-58.674643332574675},"norm_pos":[0.35213979970762077,0.5657570775699282],"diameter":29.631798826401898,"sphere":{"center":[-0.5010878884279936,-9.303572145535401,67.46148810285005],"radius":12.0},"projected_sphere":{"center":[155.39478746226723,34.496183045386175],"axes":[220.5702900789015,220.5702900789015],"angle":90.0},"model_confidence":0.668839838057067,"model_id":169,"model_birth_timestamp":75032.850243,"theta":2.2794495091809277,"phi":-2.0289861624695917,"method":"3d c++","id":1}
1950152,1950152,1,75050.326622,112,135,{"topic":"pupil.1","circle_3d":{"center":[-4.536550080181585,-1.5039120886399857,59.28344751259878],"normal":[-0.33628851597946596,0.6499716714079513,-0.68150338252094],"radius":1.4182665343563063},"confidence":0.9989228678289693,"timestamp":75050.326622,"diameter_3d":2.8365330687126127,"ellipse":{"center":[112.62251288511504,104.10968702027314],"axes":[19.887501182999852,29.761015163246057],"angle":-58.598420274136515},"norm_pos":[0.3519453527659845,0.5662096374155285],"diameter":29.761015163246057,"sphere":{"center":[-0.5010878884279936,-9.303572145535401,67.46148810285005],"radius":12.0},"projected_sphere":{"center":[155.39478746226723,34.496183045386175],"axes":[220.5702900789015,220.5702900789015],"angle":90.0},"model_confidence":0.6687848261513141,"model_id":169,"model_birth_timestamp":75032.850243,"theta":2.2783434864242156,"phi":-2.029191012092956,"method":"3d c++","id":1}
1950158,1950156,1,75050.335022,112,135,{"topic":"pupil.1","circle_3d":{"center":[-4.543880641827113,-1.4444455865172579,59.34422523397614],"normal":[-0.3368993961165933,0.6549272132515119,-0.6764385724061597],"radius":1.3939945321193856},"confidence":0.9958441452192051,"timestamp":75050.335022,"diameter_3d":2.7879890642387712,"ellipse":{"center":[112.59148757838207,104.7530041000029],"axes":[19.362811059306974,29.22065423866294],"angle":-58.815794595924984},"norm_pos":[0.351848398682444,0.5635291495833212],"diameter":29.22065423866294,"sphere":{"center":[-0.5010878884279936,-9.303572145535401,67.46148810285005],"radius":12.0},"projected_sphere":{"center":[155.39478746226723,34.496183045386175],"axes":[220.5702900789015,220.5702900789015],"angle":90.0},"model_confidence":0.6680343426698432,"model_id":169,"model_birth_timestamp":75032.850243,"theta":2.284882625237639,"phi":-2.0328817304025133,"method":"3d c++","id":1}
1950171,1950169,1,75050.343422,112,134,{"topic":"pupil.1","circle_3d":{"center":[-4.5369958271151285,-1.3476848549263245,59.4355735425294],"normal":[-0.33632566155726124,0.6629906075507565,-0.6688262133600547],"radius":1.4204296607337235},"confidence":0.9973522306325601,"timestamp":75050.343422,"diameter_3d":2.840859321467447,"ellipse":{"center":[112.73723081280534,105.78016499759376],"axes":[19.45317187377655,29.727187048806773],"angle":-59.27121331511083},"norm_pos":[0.35230384629001665,0.559249312510026],"diameter":29.727187048806773,"sphere":{"center":[-0.5010878884279936,-9.303572145535401,67.46148810285005],"radius":12.0},"projected_sphere":{"center":[155.39478746226723,34.496183045386175],"axes":[220.5702900789015,220.5702900789015],"angle":90.0},"model_confidence":0.6675615247552447,"model_id":169,"model_birth_timestamp":75032.850243,"theta":2.295602842743137,"phi":-2.036728973529338,"method":"3d c++","id":1}
1950179,1950178,1,75050.351822,112,132,{"topic":"pupil.1","circle_3d":{"center":[-4.53494755642269,-1.216806773595824,59.566413562472064],"normal":[-0.3361549723328914,0.6738971143282981,-0.6579228783648323],"radius":1.4134669024328448},"confidence":0.995582540637195,"timestamp":75050.351822,"diameter_3d":2.8269338048656896,"ellipse":{"center":[112.8599275032121,107.17592553605488],"axes":[18.9622052824173,29.514029206746148],"angle":-59.83173668553792},"norm_pos":[0.3526872734475378,0.5534336435997713],"diameter":29.514029206746148,"sphere":{"center":[-0.5010878884279936,-9.303572145535401,67.46148810285005],"radius":12.0},"projected_sphere":{"center":[155.39478746226723,34.496183045386175],"axes":[220.5702900789015,220.5702900789015],"angle":90.0},"model_confidence":0.6663937245012908,"model_id":169,"model_birth_timestamp":75032.850243,"theta":2.3102672549188954,"phi":-2.0431525896950924,"method":"3d c++","id":1}
1950187,1950184,1,75050.360222,112,131,{"topic":"pupil.1","circle_3d":{"center":[-4.546192108096739,-1.1183341360545,59.67438269839024],"normal":[-0.3370920183057288,0.6821031674567418,-0.6489254503716511],"radius":1.425185363836517},"confidence":0.9954855328942731,"timestamp":75050.360222,"diameter_3d":2.850370727673034,"ellipse":{"center":[112.8281282278493,108.2204022170505],"axes":[18.788556017964083,29.703523153246966],"angle":-60.17112875901944},"norm_pos":[0.35258790071202906,0.5490816574289562],"diameter":29.703523153246966,"sphere":{"center":[-0.5010878884279936,-9.303572145535401,67.46148810285005],"radius":12.0},"projected_sphere":{"center":[155.39478746226723,34.496183045386175],"axes":[220.5702900789015,220.5702900789015],"angle":90.0},"model_confidence":0.6655032229107793,"model_id":169,"model_birth_timestamp":75032.850243,"theta":2.321431220757857,"phi":-2.049891922801661,"method":"3d c++","id":1}
1950195,1950190,1,75050.368622,112,131,{"topic":"pupil.1","circle_3d":{"center":[-4.554128295683478,-1.0900362550970062,59.708379588606576],"normal":[-0.3377533672712904,0.6844613242031996,-0.6460923761869563],"radius":1.4076817256621459},"confidence":0.9935360845806813,"timestamp":75050.368622,"diameter_3d":2.8153634513242918,"ellipse":{"center":[112.77074093546025,108.52516758876469],"axes":[18.453957249496046,29.321613176437754],"angle":-60.2408678268564},"norm_pos":[0.3524085654233133,0.5478118017134805],"diameter":29.321613176437754,"sphere":{"center":[-0.5010878884279936,-9.303572145535401,67.46148810285005],"radius":12.0},"projected_sphere":{"center":[155.39478746226723,34.496183045386175],"axes":[220.5702900789015,220.5702900789015],"angle":90.0},"model_confidence":0.6637317260724918,"model_id":169,"model_birth_timestamp":75032.850243,"theta":2.32466089468779,"phi":-2.0524882808596523,"method":"3d c++","id":1}
1950205,1950201,1,75050.377021,112,131,{"topic":"pupil.1","circle_3d":{"center":[-4.541131081962079,-1.096848875692178,59.694394427182644],"normal":[-0.33667026612784046,0.6838936058202687,-0.6472578063056174],"radius":1.4519240334505141},"confidence":0.9969958920612813,"timestamp":75050.377021,"diameter_3d":2.9038480669010283,"ellipse":{"center":[112.8984822152837,108.44153709257063],"axes":[19.080621919999718,30.250339275030136],"angle":-60.28658254587674},"norm_pos":[0.35280775692276156,0.548160262114289],"diameter":30.250339275030136,"sphere":{"center":[-0.5010878884279936,-9.303572145535401,67.46148810285005],"radius":12.0},"projected_sphere":{"center":[155.39478746226723,34.496183045386175],"axes":[220.5702900789015,220.5702900789015],"angle":90.0},"model_confidence":0.6631062827980427,"model_id":169,"model_birth_timestamp":75032.850243,"theta":2.32388246836489,"phi":-2.050432612301201,"method":"3d c++","id":1}
1950209,1950206,1,75050.385421,112,132,{"topic":"pupil.1","circle_3d":{"center":[-4.558564761101925,-1.1610154351001576,59.63616691806396],"normal":[-0.33812307272282766,0.6785463925362704,-0.6521100987321751],"radius":1.3979509655888673},"confidence":0.9919256095619156,"timestamp":75050.385421,"diameter_3d":2.7959019311777347,"ellipse":{"center":[112.66761848006243,107.77503659094913],"axes":[18.540305866112906,29.155450046213662],"angle":-59.92723388470628},"norm_pos":[0.3520863077501951,0.550937347537712],"diameter":29.155450046213662,"sphere":{"center":[-0.5010878884279936,-9.303572145535401,67.46148810285005],"radius":12.0},"projected_sphere":{"center":[155.39478746226723,34.496183045386175],"axes":[220.5702900789015,220.5702900789015],"angle":90.0},"model_confidence":0.6609613483080201,"model_id":169,"model_birth_timestamp":75032.850243,"theta":2.3165782596762425,"phi":-2.0491389814532055,"method":"3d c++","id":1}
1950222,1950211,1,75050.393821,112,133,{"topic":"pupil.1","circle_3d":{"center":[-4.538972231830898,-1.2384863085130338,59.54632035536909],"normal":[-0.33649036195024207,0.6720904864185306,-0.6595973122900806],"radius":1.445672608861501},"confidence":0.997358801010852,"timestamp":75050.393821,"diameter_3d":2.891345217723002,"ellipse":{"center":[112.8053327647194,106.93844905163118],"axes":[19.455679741140806,30.19741737693902],"angle":-59.71881108466573},"norm_pos":[0.3525166648897481,0.5544231289515367],"diameter":30.19741737693902,"sphere":{"center":[-0.5010878884279936,-9.303572145535401,67.46148810285005],"radius":12.0},"projected_sphere":{"center":[155.39478746226723,34.496183045386175],"axes":[220.5702900789015,220.5702900789015],"angle":90.0},"model_confidence":0.6603790756557149,"model_id":169,"model_birth_timestamp":75032.850243,"theta":2.307824702277859,"phi":-2.042527067696151,"method":"3d c++","id":1}
1950228,1950224,1,75050.402221,112,133,{"topic":"pupil.1","circle_3d":{"center":[-4.553588567925861,-1.3125830358477222,59.4789238975635],"normal":[-0.33770838995815566,0.6659157591406399,-0.6652136837738799],"radius":1.4238422841829956},"confidence":0.9967981449805614,"timestamp":75050.402221,"diameter_3d":2.8476845683659913,"ellipse":{"center":[112.59870136094199,106.15600755204338],"axes":[19.36361550273753,29.776716784851068],"angle":-59.32477666344769},"norm_pos":[0.3518709417529437,0.557683301866486],"diameter":29.776716784851068,"sphere":{"center":[-0.5010878884279936,-9.303572145535401,67.46148810285005],"radius":12.0},"projected_sphere":{"center":[155.39478746226723,34.496183045386175],"axes":[220.5702900789015,220.5702900789015],"angle":90.0},"model_confidence":0.6601172949341927,"model_id":169,"model_birth_timestamp":75032.850243,"theta":2.2995169881796826,"phi":-2.040560325821409,"method":"3d c++","id":1}
1950234,1950234,1,75050.410621,112,134,{"topic":"pupil.1","circle_3d":{"center":[-4.549378058639488,-1.3762599078031084,59.41356493079698],"normal":[-0.3373575141842912,0.6606093531443578,-0.6706602643377562],"radius":1.4384004766642773},"confidence":0.9968925693838604,"timestamp":75050.410621,"diameter_3d":2.8768009533285546,"ellipse":{"center":[112.59268127246023,105.47259176663384],"axes":[19.764354487321476,30.115440762654494],"angle":-59.07799021198582},"norm_pos":[0.3518521289764382,0.5605308676390257],"diameter":30.115440762654494,"sphere":{"center":[-0.5010878884279936,-9.303572145535401,67.46148810285005],"radius":12.0},"projected_sphere":{"center":[155.39478746226723,34.496183045386175],"axes":[220.5702900789015,220.5702900789015],"angle":90.0},"model_confidence":0.6595584605510574,"model_id":169,"model_birth_timestamp":75032.850243,"theta":2.2924264790952216,"phi":-2.036859381784523,"method":"3d c++","id":1}
1950249,1950241,1,75050.419021,112,134,{"topic":"pupil.1","circle_3d":{"center":[-4.555705053948228,-1.4036987886729317,59.38980422731311],"normal":[-0.33788476379335286,0.6583227797385391,-0.6726403229614123],"radius":1.4346870077042781},"confidence":0.9968332384974853,"timestamp":75050.419021,"diameter_3d":2.8693740154085563,"ellipse":{"center":[112.5077616704753,105.18113276056496],"axes":[19.78493622067986,30.050381272408124],"angle":-58.92370734283858},"norm_pos":[0.3515867552202353,0.5617452801643126],"diameter":30.050381272408124,"sphere":{"center":[-0.5010878884279936,-9.303572145535401,67.46148810285005],"radius":12.0},"projected_sphere":{"center":[155.39478746226723,34.496183045386175],"axes":[220.5702900789015,220.5702900789015],"angle":90.0},"model_confidence":0.658835909404043,"model_id":169,"model_birth_timestamp":75032.850243,"theta":2.2893847445056505,"phi":-2.0363030525539587,"method":"3d c++","id":1}
1950258,1950257,1,75050.427421,112,134,{"topic":"pupil.1","circle_3d":{"center":[-4.553143551683108,-1.3997547108615596,59.3923794246113],"normal":[-0.3376713052712595,0.6586514528894868,-0.672425723186563],"radius":1.43806738459707},"confidence":0.9970134008128456,"timestamp":75050.427421,"diameter_3d":2.87613476919414,"ellipse":{"center":[112.53679672295493,105.22215840272816],"axes":[19.824260569921282,30.119755559902902],"angle":-58.95543622865284},"norm_pos":[0.3516774897592342,0.5615743399886327],"diameter":30.119755559902902,"sphere":{"center":[-0.5010878884279936,-9.303572145535401,67.46148810285005],"radius":12.0},"projected_sphere":{"center":[155.39478746226723,34.496183045386175],"axes":[220.5702900789015,220.5702900789015],"angle":90.0},"model_confidence":0.6584096239469761,"model_id":169,"model_birth_timestamp":75032.850243,"theta":2.2898214660756313,"phi":-2.0361775732344065,"method":"3d c++","id":1}
1950263,1950257,1,75050.435821,112,134,{"topic":"pupil.1","circle_3d":{"center":[-4.565055406103332,-1.405479918956475,59.39276408998821],"normal":[-0.3386639598062782,0.6581743522149105,-0.6723936677384867],"radius":1.4414611981459067},"confidence":0.997153725503668,"timestamp":75050.435821,"diameter_3d":2.8829223962918133,"ellipse":{"center":[112.41327275635155,105.16181169313089],"axes":[19.866940354543775,30.191107659490292],"angle":-58.86220511856902},"norm_pos":[0.35129147736359856,0.5618257846119546],"diameter":30.191107659490292,"sphere":{"center":[-0.5010878884279936,-9.303572145535401,67.46148810285005],"radius":12.0},"projected_sphere":{"center":[155.39478746226723,34.496183045386175],"axes":[220.5702900789015,220.5702900789015],"angle":90.0},"model_confidence":0.6582788176275112,"model_id":169,"model_birth_timestamp":75032.850243,"theta":2.2891875774023323,"phi":-2.037374960743075,"method":"3d c++","id":1}
1950270,1950267,1,75050.444221,112,134,{"topic":"pupil.1","circle_3d":{"center":[-4.580325904140365,-1.3979176541117635,59.40788988383017],"normal":[-0.33993650130936426,0.6588045409519698,-0.6711331849183236],"radius":1.4496331931331992},"confidence":0.9975551385889255,"timestamp":75050.444221,"diameter_3d":2.8992663862663983,"ellipse":{"center":[112.26683602205375,105.24282470979881],"axes":[19.9287724145598,30.354876873223677],"angle":-58.80713761143889},"norm_pos":[0.35083386256891796,0.5614882303758383],"diameter":30.354876873223677,"sphere":{"center":[-0.5010878884279936,-9.303572145535401,67.46148810285005],"radius":12.0},"projected_sphere":{"center":[155.39478746226723,34.496183045386175],"axes":[220.5702900789015,220.5702900789015],"angle":90.0},"model_confidence":0.6584093854418049,"model_id":169,"model_birth_timestamp":75032.850243,"theta":2.2900249374931914,"phi":-2.0396393490328277,"method":"3d c++","id":1}
1950278,1950273,1,75050.452621,112,134,{"topic":"pupil.1","circle_3d":{"center":[-4.578857376308275,-1.4000916761894509,59.4050129136386],"normal":[-0.33981412399002353,0.6586233724454958,-0.6713729324342876],"radius":1.4510251479504117},"confidence":0.9972859819368001,"timestamp":75050.452621,"diameter_3d":2.9020502959008234,"ellipse":{"center":[112.27999947044242,105.21907068249206],"axes":[19.957245719481666,30.385505903250102],"angle":-58.80617311246141},"norm_pos":[0.3508749983451326,0.5615872054896165],"diameter":30.385505903250102,"sphere":{"center":[-0.5010878884279936,-9.303572145535401,67.46148810285005],"radius":12.0},"projected_sphere":{"center":[155.39478746226723,34.496183045386175],"axes":[220.5702900789015,220.5702900789015],"angle":90.0},"model_confidence":0.658484704465756,"model_id":169,"model_birth_timestamp":75032.850243,"theta":2.2897841479105945,"phi":-2.039350298337652,"method":"3d c++","id":1}
1950289,1950287,1,75050.461021,112,134,{"topic":"pupil.1","circle_3d":{"center":[-4.586738188945728,-1.392550196045418,59.41641549058812],"normal":[-0.3404708583764779,0.6592518291241652,-0.6704227176884946],"radius":1.4548083914424337},"confidence":0.9976458003564607,"timestamp":75050.461021,"diameter_3d":2.9096167828848674,"ellipse":{"center":[112.20725128793954,105.29984601066884],"axes":[19.97174899815283,30.458985260043892],"angle":-58.79353774325},"norm_pos":[0.3506476602748111,0.5612506416222132],"diameter":30.458985260043892,"sphere":{"center":[-0.5010878884279936,-9.303572145535401,67.46148810285005],"radius":12.0},"projected_sphere":{"center":[155.39478746226723,34.496183045386175],"axes":[220.5702900789015,220.5702900789015],"angle":90.0},"model_confidence":0.6580017027184026,"model_id":169,"model_birth_timestamp":75032.850243,"theta":2.2906196421133527,"phi":-2.0407002611877023,"method":"3d c++","id":1}
1950295,1950290,1,75050.469421,112,134,{"topic":"pupil.1","circle_3d":{"center":[-4.595731707323294,-1.38838967625143,59.42508477335481],"normal":[-0.341220318241275,0.6595985391069976,-0.6697002774579367],"radius":1.4747970552028524},"confidence":0.9981795050066642,"timestamp":75050.469421,"diameter_3d":2.949594110405705,"ellipse":{"center":[112.1223322526065,105.34084329072871],"axes":[20.216634323082392,30.87329577518747],"angle":-58.75997612869932},"norm_pos":[0.3503822882893953,0.5610798196219637],"diameter":30.87329577518747,"sphere":{"center":[-0.5010878884279936,-9.303572145535401,67.46148810285005],"radius":12.0},"projected_sphere":{"center":[155.39478746226723,34.496183045386175],"axes":[220.5702900789015,220.5702900789015],"angle":90.0},"model_confidence":0.6576705331691635,"model_id":169,"model_birth_timestamp":75032.850243,"theta":2.291080833572074,"phi":-2.042024536027119,"method":"3d c++","id":1}
1950303,1950302,1,75050.477821,111,134,{"topic":"pupil.1","circle_3d":{"center":[-4.61490814717272,-1.3847030543172192,59.438521370095216],"normal":[-0.34281835489539386,0.6599057576015152,-0.6685805610629029],"radius":1.452063497258123},"confidence":0.9961376066686226,"timestamp":75050.477821,"diameter_3d":2.904126994516246,"ellipse":{"center":[111.93108795027065,105.38816142125421],"axes":[19.858167746473793,30.390826986592973],"angle":-58.66655216153944},"norm_pos":[0.3497846498445958,0.5608826607447741],"diameter":30.390826986592973,"sphere":{"center":[-0.5010878884279936,-9.303572145535401,67.46148810285005],"radius":12.0},"projected_sphere":{"center":[155.39478746226723,34.496183045386175],"axes":[220.5702900789015,220.5702900789015],"angle":90.0},"model_confidence":0.6569861895050044,"model_id":169,"model_birth_timestamp":75032.850243,"theta":2.291489649728743,"phi":-2.0445961804961215,"method":"3d c++","id":1}
1950312,1950306,1,75050.486221,111,134,{"topic":"pupil.1","circle_3d":{"center":[-4.61416680633477,-1.3874351064129726,59.43544572862197],"normal":[-0.34275657649223135,0.6596780865935358,-0.668836864519007],"radius":1.4529902460454442},"confidence":0.9964804182414804,"timestamp":75050.486221,"diameter_3d":2.9059804920908885,"ellipse":{"center":[111.93645426307799,105.35866960592921],"axes":[19.88061354073969,30.411835647323922],"angle":-58.658980243995615},"norm_pos":[0.34980141957211874,0.5610055433086283],"diameter":30.411835647323922,"sphere":{"center":[-0.5010878884279936,-9.303572145535401,67.46148810285005],"radius":12.0},"projected_sphere":{"center":[155.39478746226723,34.496183045386175],"axes":[220.5702900789015,220.5702900789015],"angle":90.0},"model_confidence":0.6563492741062493,"model_id":169,"model_birth_timestamp":75032.850243,"theta":2.291186673467626,"phi":-2.04436743039329,"method":"3d c++","id":1}
1950322,1950319,1,75050.494621,111,134,{"topic":"pupil.1","circle_3d":{"center":[-4.647754507226131,-1.3689320483683467,59.4710786965071],"normal":[-0.3455555515665115,0.6612200080972546,-0.6658674505285797],"radius":1.4857297318371707},"confidence":0.9976699573019794,"timestamp":75050.494621,"diameter_3d":2.9714594636743414,"ellipse":{"center":[111.61829301740848,105.55317210212354],"axes":[20.206862507199475,31.07928667816173],"angle":-58.548026898216506},"norm_pos":[0.3488071656794015,0.5601951162411519],"diameter":31.07928667816173,"sphere":{"center":[-0.5010878884279936,-9.303572145535401,67.46148810285005],"radius":12.0},"projected_sphere":{"center":[155.39478746226723,34.496183045386175],"axes":[220.5702900789015,220.5702900789015],"angle":90.0},"model_confidence":0.6558502172141822,"model_id":169,"model_birth_timestamp":75032.850243,"theta":2.2932401855632216,"phi":-2.0494930567407463,"method":"3d c++","id":1}
1950326,1950323,1,75050.503021,111,134,{"topic":"pupil.1","circle_3d":{"center":[-4.650449633579658,-1.33550833863087,59.50581363257602],"normal":[-0.3457801454293054,0.6640053172420443,-0.6629728725228361],"radius":1.4718838821707885},"confidence":0.997097916754286,"timestamp":75050.503021,"diameter_3d":2.943767764341577,"ellipse":{"center":[111.61663573652166,105.91331902115824],"axes":[19.908377196475136,30.771001821884223],"angle":-58.676508086444414},"norm_pos":[0.3488019866766302,0.5586945040785073],"diameter":30.771001821884223,"sphere":{"center":[-0.5010878884279936,-9.303572145535401,67.46148810285005],"radius":12.0},"projected_sphere":{"center":[155.39478746226723,34.496183045386175],"axes":[220.5702900789015,220.5702900789015],"angle":90.0},"model_confidence":0.6556061440482819,"model_id":169,"model_birth_timestamp":75032.850243,"theta":2.296959083946293,"phi":-2.0515428109134803,"method":"3d c++","id":1}
1950339,1950335,1,75050.511421,111,133,{"topic":"pupil.1","circle_3d":{"center":[-4.680929750318458,-1.3181881662201516,59.53920530604941],"normal":[-0.3483201551575387,0.6654486649429375,-0.6601902330667203],"radius":1.4936980822405805},"confidence":0.9981832111083706,"timestamp":75050.511421,"diameter_3d":2.987396164481161,"ellipse":{"center":[111.32849594092332,106.09693270873188],"axes":[20.089219168907203,31.210219226731418],"angle":-58.579113948824926},"norm_pos":[0.34790154981538535,0.5579294470469505],"diameter":31.210219226731418,"sphere":{"center":[-0.5010878884279936,-9.303572145535401,67.46148810285005],"radius":12.0},"projected_sphere":{"center":[155.39478746226723,34.496183045386175],"axes":[220.5702900789015,220.5702900789015],"angle":90.0},"model_confidence":0.6557079000616528,"model_id":169,"model_birth_timestamp":75032.850243,"theta":2.2988910539812615,"phi":-2.056283851989312,"method":"3d c++","id":1}
1950346,1950346,1,75050.519821,111,133,{"topic":"pupil.1","circle_3d":{"center":[-4.694717069257065,-1.308367175152953,59.5564155683776],"normal":[-0.34946909840242263,0.666267080865204,-0.6587560445393709],"radius":1.4856667093669231},"confidence":0.9973634364496017,"timestamp":75050.519821,"diameter_3d":2.9713334187338463,"ellipse":{"center":[111.1982292348777,106.20531317219982],"axes":[19.92301554401768,31.033572151097736],"angle":-58.543929533753385},"norm_pos":[0.34749446635899284,0.5574778617825007],"diameter":31.033572151097736,"sphere":{"center":[-0.5010878884279936,-9.303572145535401,67.46148810285005],"radius":12.0},"projected_sphere":{"center":[155.39478746226723,34.496183045386175],"axes":[220.5702900789015,220.5702900789015],"angle":90.0},"model_confidence":0.6555039133001594,"model_id":169,"model_birth_timestamp":75032.850243,"theta":2.2999880108565836,"phi":-2.0585440113205844,"method":"3d c++","id":1}
1950356,1950352,1,75050.528221,111,133,{"topic":"pupil.1","circle_3d":{"center":[-4.693372884858506,-1.286517113146699,59.577861074866384],"normal":[-0.349357083035876,0.6680879193657252,-0.6569689189986391],"radius":1.4783308814463842},"confidence":0.9961754380175364,"timestamp":75050.528221,"diameter_3d":2.9566617628927685,"ellipse":{"center":[111.22872674017123,106.4394997745297],"axes":[19.757294980132098,30.86870424920175],"angle":-58.64468542100062},"norm_pos":[0.34758977106303507,0.556502084272793],"diameter":30.86870424920175,"sphere":{"center":[-0.5010878884279936,-9.303572145535401,67.46148810285005],"radius":12.0},"projected_sphere":{"center":[155.39478746226723,34.496183045386175],"axes":[220.5702900789015,220.5702900789015],"angle":90.0},"model_confidence":0.6551351169065689,"model_id":169,"model_birth_timestamp":75032.850243,"theta":2.3024324235857514,"phi":-2.0595365905418244,"method":"3d c++","id":1}
1950363,1950356,1,75050.536621,111,133,{"topic":"pupil.1","circle_3d":{"center":[-4.648004102653468,-1.3067422550885466,59.53344940368557],"normal":[-0.3455763511854562,0.6664024908705712,-0.6606698915970399],"radius":1.5190226890288274},"confidence":0.9980471031860906,"timestamp":75050.536621,"diameter_3d":3.038045378057655,"ellipse":{"center":[111.66865390560369,106.20840387846373],"axes":[20.457346592702482,31.741451948564965],"angle":-58.81301015345235},"norm_pos":[0.34896454345501154,0.5574649838397345],"diameter":31.741451948564965,"sphere":{"center":[-0.5010878884279936,-9.303572145535401,67.46148810285005],"radius":12.0},"projected_sphere":{"center":[155.39478746226723,34.496183045386175],"axes":[220.5702900789015,220.5702900789015],"angle":90.0},"model_confidence":0.6548197208775197,"model_id":169,"model_birth_timestamp":75032.850243,"theta":2.3001696101527394,"phi":-2.0527288470053415,"method":"3d c++","id":1}
1950371,1950368,1,75050.545021,112,133,{"topic":"pupil.1","circle_3d":{"center":[-4.553719414359654,-1.3244892000444484,59.46708924715114],"normal":[-0.3377192938276384,0.6649235787909128,-0.6661999046415767],"radius":1.4992470978503094},"confidence":0.9965850092423139,"timestamp":75050.545021,"diameter_3d":2.998494195700619,"ellipse":{"center":[112.59512320235709,106.01145014003268],"axes":[20.42777677249495,31.360676591515627],"angle":-59.27341341465424},"norm_pos":[0.3518597600073659,0.5582856244165305],"diameter":31.360676591515627,"sphere":{"center":[-0.5010878884279936,-9.303572145535401,67.46148810285005],"radius":12.0},"projected_sphere":{"center":[155.39478746226723,34.496183045386175],"axes":[220.5702900789015,220.5702900789015],"angle":90.0},"model_confidence":0.6539154830478955,"model_id":169,"model_birth_timestamp":75032.850243,"theta":2.2981878238378908,"phi":-2.0399756303693573,"method":"3d c++","id":1}
1950378,1950374,1,75050.553421,112,133,{"topic":"pupil.1","circle_3d":{"center":[-4.582955036104542,-1.3258842418232675,59.48058237106221],"normal":[-0.34015559563971237,0.6648073253093445,-0.6650754776489867],"radius":1.4975588494426417},"confidence":0.9966985017131632,"timestamp":75050.553421,"diameter_3d":2.9951176988852835,"ellipse":{"center":[112.30129805231654,106.00083390284297],"axes":[20.354046455601278,31.319109902697367],"angle":-59.10039544568872},"norm_pos":[0.3509415564134892,0.5583298587381542],"diameter":31.319109902697367,"sphere":{"center":[-0.5010878884279936,-9.303572145535401,67.46148810285005],"radius":12.0},"projected_sphere":{"center":[155.39478746226723,34.496183045386175],"axes":[220.5702900789015,220.5702900789015],"angle":90.0},"model_confidence":0.6533167039970977,"model_id":169,"model_birth_timestamp":75032.850243,"theta":2.298032189006757,"phi":-2.0435651902721426,"method":"3d c++","id":1}
1950387,1950384,1,75050.561821,112,134,{"topic":"pupil.1","circle_3d":{"center":[-4.579326133213207,-1.3395723344991861,59.46507141607176],"normal":[-0.33985318706543444,0.6636666509196846,-0.6663680572315246],"radius":1.508886453169952},"confidence":0.9972957580307131,"timestamp":75050.561821,"diameter_3d":3.017772906339904,"ellipse":{"center":[112.32796317883833,105.85162688340304],"axes":[20.559176925978967,31.564489514129054],"angle":-59.06282045932548},"norm_pos":[0.3510248849338698,0.5589515546524872],"diameter":31.564489514129054,"sphere":{"center":[-0.5010878884279936,-9.303572145535401,67.46148810285005],"radius":12.0},"projected_sphere":{"center":[155.39478746226723,34.496183045386175],"axes":[220.5702900789015,220.5702900789015],"angle":90.0},"model_confidence":0.6528471060819108,"model_id":169,"model_birth_timestamp":75032.850243,"theta":2.296506247726605,"phi":-2.042418418322618,"method":"3d c++","id":1}
1950394,1950390,1,75050.570221,112,133,{"topic":"pupil.1","circle_3d":{"center":[-4.558904930138197,-1.3228185090567077,59.471388463306226],"normal":[-0.338151420142517,0.6650628030398912,-0.665841636628652],"radius":1.5086543795359173},"confidence":0.997926226930398,"timestamp":75050.570221,"diameter_3d":3.0173087590718346,"ellipse":{"center":[112.54542421170598,106.02769169888472],"axes":[20.540823510898335,31.555361708123066],"angle":-59.25077049596095},"norm_pos":[0.3517044506615812,0.558217951254647],"diameter":31.555361708123066,"sphere":{"center":[-0.5010878884279936,-9.303572145535401,67.46148810285005],"radius":12.0},"projected_sphere":{"center":[155.39478746226723,34.496183045386175],"axes":[220.5702900789015,220.5702900789015],"angle":90.0},"model_confidence":0.652597318841619,"model_id":169,"model_birth_timestamp":75032.850243,"theta":2.2983742392597226,"phi":-2.040708667772397,"method":"3d c++","id":1}
1950405,1950402,1,75050.578621,112,133,{"topic":"pupil.1","circle_3d":{"center":[-4.562359654171,-1.3046230635220404,59.49136356002538],"normal":[-0.33843931381191716,0.66657909016778,-0.6641770452353899],"radius":1.517065209863842},"confidence":0.997628690931884,"timestamp":75050.578621,"diameter_3d":3.034130419727684,"ellipse":{"center":[112.52591787122405,106.22013124427244],"axes":[20.589626673037476,31.720439492993865],"angle":-59.30796597389042},"norm_pos":[0.35164349334757516,0.5574161198155315],"diameter":31.720439492993865,"sphere":{"center":[-0.5010878884279936,-9.303572145535401,67.46148810285005],"radius":12.0},"projected_sphere":{"center":[155.39478746226723,34.496183045386175],"axes":[220.5702900789015,220.5702900789015],"angle":90.0},"model_confidence":0.6521657111639212,"model_id":169,"model_birth_timestamp":75032.850243,"theta":2.3004064929920425,"phi":-2.042064158256337,"method":"3d c++","id":1}
1950411,1950407,1,75050.587021,112,133,{"topic":"pupil.1","circle_3d":{"center":[-4.5375631539502415,-1.3046725191021658,59.47872716461112],"normal":[-0.33637293879352065,0.6665749688694363,-0.6652300781865778],"radius":1.5253658690332634},"confidence":0.9981007223465941,"timestamp":75050.587021,"diameter_3d":3.050731738066527,"ellipse":{"center":[112.77484884178622,106.21436018889557],"axes":[20.750024096442353,31.900115572098695],"angle":-59.44968365770421},"norm_pos":[0.35242140263058197,0.5574401658796018],"diameter":31.900115572098695,"sphere":{"center":[-0.5010878884279936,-9.303572145535401,67.46148810285005],"radius":12.0},"projected_sphere":{"center":[155.39478746226723,34.496183045386175],"axes":[220.5702900789015,220.5702900789015],"angle":90.0},"model_confidence":0.6520263505236157,"model_id":169,"model_birth_timestamp":75032.850243,"theta":2.3004009642847123,"phi":-2.0389529346195436,"method":"3d c++","id":1}
1950424,1950419,1,75050.595421,112,133,{"topic":"pupil.1","circle_3d":{"center":[-4.540188323398774,-1.3104786100395884,59.47424055384834],"normal":[-0.33659170291423174,0.6660911279579844,-0.6656039624168096],"radius":1.5308570572431044},"confidence":0.9967042845845715,"timestamp":75050.595421,"diameter_3d":3.061714114486209,"ellipse":{"center":[112.74457449328918,106.15144995561614],"axes":[20.838819632838504,32.01760194340002],"angle":-59.410126728231546},"norm_pos":[0.35232679529152866,0.5577022918515995],"diameter":32.01760194340002,"sphere":{"center":[-0.5010878884279936,-9.303572145535401,67.46148810285005],"radius":12.0},"projected_sphere":{"center":[155.39478746226723,34.496183045386175],"axes":[220.5702900789015,220.5702900789015],"angle":90.0},"model_confidence":0.6514137971012635,"model_id":169,"model_birth_timestamp":75032.850243,"theta":2.2997520832023963,"phi":-2.0389884812592793,"method":"3d c++","id":1}
1950432,1950430,1,75050.60382,112,133,{"topic":"pupil.1","circle_3d":{"center":[-4.522814906585647,-1.317051405203368,59.45891362611652],"normal":[-0.3351439181798045,0.6655433950276695,-0.6668812063944612],"radius":1.5066798815082394},"confidence":0.9958444232026085,"timestamp":75050.60382,"diameter_3d":3.013359763016479,"ellipse":{"center":[112.91113070275617,106.08496329093745],"axes":[20.563376037975743,31.519503900045798],"angle":-59.48228736108726},"norm_pos":[0.35284728344611305,0.5579793196210939],"diameter":31.519503900045798,"sphere":{"center":[-0.5010878884279936,-9.303572145535401,67.46148810285005],"radius":12.0},"projected_sphere":{"center":[155.39478746226723,34.496183045386175],"axes":[220.5702900789015,220.5702900789015],"angle":90.0},"model_confidence":0.6506842508079425,"model_id":169,"model_birth_timestamp":75032.850243,"theta":2.299017969721632,"phi":-2.0364851679311107,"method":"3d c++","id":1}
1950439,1950435,1,75050.61222,112,134,{"topic":"pupil.1","circle_3d":{"center":[-4.518970600890734,-1.3425361498259338,59.431636025513185],"normal":[-0.33482355937189506,0.6634196663091223,-0.6691543397780725],"radius":1.5174147528366364},"confidence":0.9968789076344232,"timestamp":75050.61222,"diameter_3d":3.034829505673273,"ellipse":{"center":[112.93101057510472,105.80992373125734],"axes":[20.79977129226464,31.75911156421275],"angle":-59.396622634524135},"norm_pos":[0.3529094080472023,0.5591253177864277],"diameter":31.75911156421275,"sphere":{"center":[-0.5010878884279936,-9.303572145535401,67.46148810285005],"radius":12.0},"projected_sphere":{"center":[155.39478746226723,34.496183045386175],"axes":[220.5702900789015,220.5702900789015],"angle":90.0},"model_confidence":0.649976116648987,"model_id":169,"model_birth_timestamp":75032.850243,"theta":2.2961761153015576,"phi":-2.0347384606037267,"method":"3d c++","id":1}
1950447,1950447,1,75050.62062,113,134,{"topic":"pupil.1","circle_3d":{"center":[-4.502812094313437,-1.3620094359338708,59.40433071891514],"normal":[-0.3334770171571203,0.6617968924667942,-0.6714297819945761],"radius":1.5332789514679284},"confidence":0.9979919817018285,"timestamp":75050.62062,"diameter_3d":3.0665579029358567,"ellipse":{"center":[113.07969450318409,105.5959695474184],"axes":[21.111460580447094,32.10592438839599],"angle":-59.407293691951736},"norm_pos":[0.35337404532245026,0.5600167935524233],"diameter":32.10592438839599,"sphere":{"center":[-0.5010878884279936,-9.303572145535401,67.46148810285005],"radius":12.0},"projected_sphere":{"center":[155.39478746226723,34.496183045386175],"axes":[220.5702900789015,220.5702900789015],"angle":90.0},"model_confidence":0.6496942069705858,"model_id":169,"model_birth_timestamp":75032.850243,"theta":2.294009428673138,"phi":-2.0317739844891824,"method":"3d c++","id":1}
1950456,1950454,1,75050.62902,113,134,{"topic":"pupil.1","circle_3d":{"center":[-4.509425582293813,-1.3812399359898215,59.38870163883832],"normal":[-0.334028141155485,0.660194350795465,-0.6727322053343112],"radius":1.5480119040751341},"confidence":0.9980818894137871,"timestamp":75050.62902,"diameter_3d":3.0960238081502682,"ellipse":{"center":[113.00014418808829,105.38775159727469],"axes":[21.364721439867083,32.42365368014729],"angle":-59.28699547698935},"norm_pos":[0.3531254505877759,0.5608843683446888],"diameter":32.42365368014729,"sphere":{"center":[-0.5010878884279936,-9.303572145535401,67.46148810285005],"radius":12.0},"projected_sphere":{"center":[155.39478746226723,34.496183045386175],"axes":[220.5702900789015,220.5702900789015],"angle":90.0},"model_confidence":0.6491636970818893,"model_id":169,"model_birth_timestamp":75032.850243,"theta":2.291873814922118,"phi":-2.0316598145224565,"method":"3d c++","id":1}
1950462,1950457,1,75050.63742,113,134,{"topic":"pupil.1","circle_3d":{"center":[-4.481901611314075,-1.3866377199585767,59.36980895666548],"normal":[-0.33173447690717345,0.6597445354647354,-0.6743065955153815],"radius":1.534569852301925},"confidence":0.9978105631169147,"timestamp":75050.63742,"diameter_3d":3.06913970460385,"ellipse":{"center":[113.27105289932038,105.32969701440081],"axes":[21.248537540921408,32.15151435509026],"angle":-59.423830724055705},"norm_pos":[0.3539720403103762,0.5611262624399966],"diameter":32.15151435509026,"sphere":{"center":[-0.5010878884279936,-9.303572145535401,67.46148810285005],"radius":12.0},"projected_sphere":{"center":[155.39478746226723,34.496183045386175],"axes":[220.5702900789015,220.5702900789015],"angle":90.0},"model_confidence":0.6487685968565193,"model_id":169,"model_birth_timestamp":75032.850243,"theta":2.291275092869872,"phi":-2.0279943827435365,"method":"3d c++","id":1}
1950472,1950468,1,75050.64582,113,134,{"topic":"pupil.1","circle_3d":{"center":[-4.480819898024232,-1.3802219655347994,59.375558653684706],"normal":[-0.3316443341330199,0.6602791816667168,-0.6738274540971126],"radius":1.5376716553505438},"confidence":0.998172719391287,"timestamp":75050.64582,"diameter_3d":3.0753433107010877,"ellipse":{"center":[113.28706615419206,105.39736222728644],"axes":[21.272782745057555,32.21324600832382],"angle":-59.4574602336053},"norm_pos":[0.3540220817318502,0.5608443240529732],"diameter":32.21324600832382,"sphere":{"center":[-0.5010878884279936,-9.303572145535401,67.46148810285005],"radius":12.0},"projected_sphere":{"center":[155.39478746226723,34.496183045386175],"axes":[220.5702900789015,220.5702900789015],"angle":90.0},"model_confidence":0.6485683877899717,"model_id":169,"model_birth_timestamp":75032.850243,"theta":2.291986763488742,"phi":-2.0281683136707764,"method":"3d c++","id":1}
1950479,1950479,1,75050.65422,113,134,{"topic":"pupil.1","circle_3d":{"center":[-4.489657508222401,-1.3728904978183456,59.387108808401656],"normal":[-0.332380801649534,0.6608901373097547,-0.6728649412040331],"radius":1.5385531696226615},"confidence":0.9975386106773061,"timestamp":75050.65422,"diameter_3d":3.077106339245323,"ellipse":{"center":[113.2039612694395,105.47667124237049],"axes":[21.244486503143804,32.225570107861756],"angle":-59.437289053526854},"norm_pos":[0.35376237896699847,0.5605138698234563],"diameter":32.225570107861756,"sphere":{"center":[-0.5010878884279936,-9.303572145535401,67.46148810285005],"radius":12.0},"projected_sphere":{"center":[155.39478746226723,34.496183045386175],"axes":[220.5702900789015,220.5702900789015],"angle":90.0},"model_confidence":0.6484641209878128,"model_id":169,"model_birth_timestamp":75032.850243,"theta":2.2928005556006528,"phi":-2.0296151274227197,"method":"3d c++","id":1}
1950487,1950485,1,75050.66262,113,134,{"topic":"pupil.1","circle_3d":{"center":[-4.464371108510523,-1.3365244947567954,59.410492024870926],"normal":[-0.33027360167354414,0.6639206375648838,-0.6709163398315942],"radius":1.5429043009167709},"confidence":0.9970825261242254,"timestamp":75050.66262,"diameter_3d":3.0858086018335418,"ellipse":{"center":[113.48582457718624,105.86070067981538],"axes":[21.233603777573517,32.30254545511671],"angle":-59.73822992252104},"norm_pos":[0.354643201803707,0.5589137471674359],"diameter":32.30254545511671,"sphere":{"center":[-0.5010878884279936,-9.303572145535401,67.46148810285005],"radius":12.0},"projected_sphere":{"center":[155.39478746226723,34.496183045386175],"axes":[220.5702900789015,220.5702900789015],"angle":90.0},"model_confidence":0.6479845450078625,"model_id":169,"model_birth_timestamp":75032.850243,"theta":2.296845840311429,"phi":-2.028242772815306,"method":"3d c++","id":1}
1950494,1950490,1,75050.67102,113,133,{"topic":"pupil.1","circle_3d":{"center":[-4.468330221901651,-1.3188268496387874,59.42999815221503],"normal":[-0.33060352778947144,0.6653954413247178,-0.6692908292195855],"radius":1.5486058037706532},"confidence":0.9975168928883645,"timestamp":75050.67102,"diameter_3d":3.0972116075413063,"ellipse":{"center":[113.46010999072315,106.04870527800723],"axes":[21.24620913992047,32.41108808576857],"angle":-59.78962503440715},"norm_pos":[0.3545628437210099,0.5581303946749698],"diameter":32.41108808576857,"sphere":{"center":[-0.5010878884279936,-9.303572145535401,67.46148810285005],"radius":12.0},"projected_sphere":{"center":[155.39478746226723,34.496183045386175],"axes":[220.5702900789015,220.5702900789015],"angle":90.0},"model_confidence":0.6476693808355805,"model_id":169,"model_birth_timestamp":75032.850243,"theta":2.2988197533156685,"phi":-2.029601027705609,"method":"3d c++","id":1}
1950507,1950507,1,75050.67942,113,133,{"topic":"pupil.1","circle_3d":{"center":[-4.44341182374123,-1.2970312176224699,59.43943198495163],"normal":[-0.32852699460943635,0.6672117439927443,-0.6685046764915351],"radius":1.530633709322065},"confidence":0.995871531330513,"timestamp":75050.67942,"diameter_3d":3.06126741864413,"ellipse":{"center":[113.72504367282616,106.2825331556441],"axes":[20.974761749272123,32.028567007876845],"angle":-60.02570664698757},"norm_pos":[0.35539076147758175,0.557156111851483],"diameter":32.028567007876845,"sphere":{"center":[-0.5010878884279936,-9.303572145535401,67.46148810285005],"radius":12.0},"projected_sphere":{"center":[155.39478746226723,34.496183045386175],"axes":[220.5702900789015,220.5702900789015],"angle":90.0},"model_confidence":0.646793833351389,"model_id":169,"model_birth_timestamp":75032.850243,"theta":2.301255520384536,"phi":-2.0275689691326026,"method":"3d c++","id":1}
1950514,1950507,1,75050.68782,113,133,{"topic":"pupil.1","circle_3d":{"center":[-4.448088444981458,-1.2703646952251741,59.46844333462519],"normal":[-0.3289167130461221,0.6694339541925189,-0.6660870640187387],"radius":1.5356225309044818},"confidence":0.9969366759148824,"timestamp":75050.68782,"diameter_3d":3.0712450618089635,"ellipse":{"center":[113.69897386522359,106.56623578537067],"axes":[20.946348467336627,32.11694938127651],"angle":-60.109366916852906},"norm_pos":[0.3553092933288237,0.5559740175609555],"diameter":32.11694938127651,"sphere":{"center":[-0.5010878884279936,-9.303572145535401,67.46148810285005],"radius":12.0},"projected_sphere":{"center":[155.39478746226723,34.496183045386175],"axes":[220.5702900789015,220.5702900789015],"angle":90.0},"model_confidence":0.6462130288957035,"model_id":169,"model_birth_timestamp":75032.850243,"theta":2.304242882458872,"phi":-2.029475170813927,"method":"3d c++","id":1}
1950523,1950518,1,75050.69622,113,133,{"topic":"pupil.1","circle_3d":{"center":[-4.450359841097634,-1.2639158363882537,59.47605276877795],"normal":[-0.3291059960558034,0.6699713590955957,-0.6654529445060092],"radius":1.5376864308033729},"confidence":0.996878307899954,"timestamp":75050.69622,"diameter_3d":3.0753728616067457,"ellipse":{"center":[113.68134086647281,106.63474050827236],"axes":[20.94884172251145,32.15596066578128],"angle":-60.122905370008624},"norm_pos":[0.3552541902077275,0.5556885812155319],"diameter":32.15596066578128,"sphere":{"center":[-0.5010878884279936,-9.303572145535401,67.46148810285005],"radius":12.0},"projected_sphere":{"center":[155.39478746226723,34.496183045386175],"axes":[220.5702900789015,220.5702900789015],"angle":90.0},"model_confidence":0.645522692460565,"model_id":169,"model_birth_timestamp":75032.850243,"theta":2.304966534093853,"phi":-2.0300819751762234,"method":"3d c++","id":1}
1950530,1950530,1,75050.70462,113,133,{"topic":"pupil.1","circle_3d":{"center":[-4.44064053644034,-1.2505660169314972,59.48470822459048],"normal":[-0.3282960540010289,0.6710838440503253,-0.6647316565216315],"radius":1.544330205067691},"confidence":0.9974258107444054,"timestamp":75050.70462,"diameter_3d":3.088660410135382,"ellipse":{"center":[113.78969572246189,106.77415002275266],"axes":[21.013206304223164,32.28970622418541],"angle":-60.23445274038022},"norm_pos":[0.35559279913269337,0.5551077082385305],"diameter":32.28970622418541,"sphere":{"center":[-0.5010878884279936,-9.303572145535401,67.46148810285005],"radius":12.0},"projected_sphere":{"center":[155.39478746226723,34.496183045386175],"axes":[220.5702900789015,220.5702900789015],"angle":90.0},"model_confidence":0.6452224380725124,"model_id":169,"model_birth_timestamp":75032.850243,"theta":2.3064660736972384,"phi":-2.029534005396002,"method":"3d c++","id":1}
1950541,1950536,1,75050.71302,113,133,{"topic":"pupil.1","circle_3d":{"center":[-4.445791079314486,-1.245621111319677,59.4922508830158],"normal":[-0.32872526590720774,0.671495919517977,-0.6641031016528548],"radius":1.5340079210901512},"confidence":0.9970094378106635,"timestamp":75050.71302,"diameter_3d":3.0680158421803023,"ellipse":{"center":[113.74087403957179,106.83000838043199],"axes":[20.84654154524874,32.06979224655387],"angle":-60.22500954089247},"norm_pos":[0.3554402313736619,0.5548749650815334],"diameter":32.06979224655387,"sphere":{"center":[-0.5010878884279936,-9.303572145535401,67.46148810285005],"radius":12.0},"projected_sphere":{"center":[155.39478746226723,34.496183045386175],"axes":[220.5702900789015,220.5702900789015],"angle":90.0},"model_confidence":0.6445283431406379,"model_id":169,"model_birth_timestamp":75032.850243,"theta":2.3070220347278085,"phi":-2.030428963411191,"method":"3d c++","id":1}
1950548,1950545,1,75050.72142,113,133,{"topic":"pupil.1","circle_3d":{"center":[-4.464910118705826,-1.2332342676236419,59.514302446084635],"normal":[-0.3303185191898194,0.6725281564926466,-0.6622654713971182],"radius":1.5276550085351566},"confidence":0.9950788692591354,"timestamp":75050.72142,"diameter_3d":3.055310017070313,"ellipse":{"center":[113.55825268347317,106.96581270306591],"axes":[20.683153994234868,31.925420016866614],"angle":-60.16548886445537},"norm_pos":[0.35486953963585366,0.5543091137372254],"diameter":31.925420016866614,"sphere":{"center":[-0.5010878884279936,-9.303572145535401,67.46148810285005],"radius":12.0},"projected_sphere":{"center":[155.39478746226723,34.496183045386175],"axes":[220.5702900789015,220.5702900789015],"angle":90.0},"model_confidence":0.6435325190108476,"model_id":169,"model_birth_timestamp":75032.850243,"theta":2.30841593236316,"phi":-2.033459899163206,"method":"3d c++","id":1}
1950556,1950552,1,75050.72982,113,133,{"topic":"pupil.1","circle_3d":{"center":[-4.4892708580562415,-1.2650935649510764,59.49422642080056],"normal":[-0.332348580802354,0.6698732150486938,-0.6639384735041249],"radius":1.5317942530674342},"confidence":0.9966509464775852,"timestamp":75050.72982,"diameter_3d":3.0635885061348684,"ellipse":{"center":[113.28987977576702,106.62848189762997],"axes":[20.798992057362195,32.02407574956728],"angle":-59.89304810087691},"norm_pos":[0.35403087429927194,0.5557146587598751],"diameter":32.02407574956728,"sphere":{"center":[-0.5010878884279936,-9.303572145535401,67.46148810285005],"radius":12.0},"projected_sphere":{"center":[155.39478746226723,34.496183045386175],"axes":[220.5702900789015,220.5702900789015],"angle":90.0},"model_confidence":0.64293091306028,"model_id":169,"model_birth_timestamp":75032.850243,"theta":2.3048343413151016,"phi":-2.0349009147031234,"method":"3d c++","id":1}
1950563,1950557,1,75050.73822,113,133,{"topic":"pupil.1","circle_3d":{"center":[-4.50656698553503,-1.2563592889872481,59.511739525439275],"normal":[-0.33378992475891966,0.6706010713790127,-0.6624790481175651],"radius":1.5258424574176652},"confidence":0.9963874894512649,"timestamp":75050.73822,"diameter_3d":3.0516849148353304,"ellipse":{"center":[113.12291272463929,106.72514266397658],"axes":[20.656498617726776,31.890549245482678],"angle":-59.82985209098672},"norm_pos":[0.3535091022644978,0.5553119055667642],"diameter":31.890549245482678,"sphere":{"center":[-0.5010878884279936,-9.303572145535401,67.46148810285005],"radius":12.0},"projected_sphere":{"center":[155.39478746226723,34.496183045386175],"axes":[220.5702900789015,220.5702900789015],"angle":90.0},"model_confidence":0.6426455172694912,"model_id":169,"model_birth_timestamp":75032.850243,"theta":2.3058150856007744,"phi":-2.037519017277498,"method":"3d c++","id":1}
1950573,1950567,1,75050.74662,113,133,{"topic":"pupil.1","circle_3d":{"center":[-4.496985184422786,-1.2879076458173415,59.47512926869909],"normal":[-0.3329914413328994,0.6679720416431716,-0.6655299028459136],"radius":1.5446071176980842},"confidence":0.9972750544833241,"timestamp":75050.74662,"diameter_3d":3.0892142353961685,"ellipse":{"center":[113.1961517599075,106.38315622499509],"axes":[21.03435377942856,32.3030853587144],"angle":-59.75338371038296},"norm_pos":[0.35373797424971093,0.5567368490625204],"diameter":32.3030853587144,"sphere":{"center":[-0.5010878884279936,-9.303572145535401,67.46148810285005],"radius":12.0},"projected_sphere":{"center":[155.39478746226723,34.496183045386175],"axes":[220.5702900789015,220.5702900789015],"angle":90.0},"model_confidence":0.6425976575498038,"model_id":169,"model_birth_timestamp":75032.850243,"theta":2.3022767020800075,"phi":-2.034716150854888,"method":"3d c++","id":1}
1950577,1950573,1,75050.75502,112,133,{"topic":"pupil.1","circle_3d":{"center":[-4.516209806401507,-1.3035677606226983,59.469071332862],"normal":[-0.33459349316445947,0.6666670320760586,-0.6660347308323376],"radius":1.547211111687167},"confidence":0.9979751398360175,"timestamp":75050.75502,"diameter_3d":3.094422223374334,"ellipse":{"center":[112.99167974206654,106.21800627875024],"axes":[21.08497505736747,32.36173807646721],"angle":-59.57695619843716},"norm_pos":[0.35309899919395793,0.5574249738385406],"diameter":32.36173807646721,"sphere":{"center":[-0.5010878884279936,-9.303572145535401,67.46148810285005],"radius":12.0},"projected_sphere":{"center":[155.39478746226723,34.496183045386175],"axes":[220.5702900789015,220.5702900789015],"angle":90.0},"model_confidence":0.6424368995966434,"model_id":169,"model_birth_timestamp":75032.850243,"theta":2.3005244732701144,"phi":-2.036335291050628,"method":"3d c++","id":1}
1950592,1950586,1,75050.76342,113,133,{"topic":"pupil.1","circle_3d":{"center":[-4.483371391109721,-1.3007173711935955,59.45550699088985],"normal":[-0.3318569585568106,0.6669045645284839,-0.6671650926633501],"radius":1.5162576830638734},"confidence":0.996006339710206,"timestamp":75050.76342,"diameter_3d":3.032515366127747,"ellipse":{"center":[113.31998647034263,106.25179045503239],"axes":[20.715262224464198,31.72029592747458],"angle":-59.778491596470445},"norm_pos":[0.3541249577198207,0.5572842064373651],"diameter":31.72029592747458,"sphere":{"center":[-0.5010878884279936,-9.303572145535401,67.46148810285005],"radius":12.0},"projected_sphere":{"center":[155.39478746226723,34.496183045386175],"axes":[220.5702900789015,220.5702900789015],"angle":90.0},"model_confidence":0.6419217365791319,"model_id":169,"model_birth_timestamp":75032.850243,"theta":2.3008432020731435,"phi":-2.032372637486328,"method":"3d c++","id":1}
1950600,1950596,1,75050.77182,113,132,{"topic":"pupil.1","circle_3d":{"center":[-4.462505434860039,-1.2253280566640932,59.52113902592427],"normal":[-0.3301181288693371,0.6731870074059424,-0.6616957564104817],"radius":1.5534025607102455},"confidence":0.9982272741868632,"timestamp":75050.77182,"diameter_3d":3.106805121420491,"ellipse":{"center":[113.5909333944538,107.04333947510673],"axes":[21.009876726302284,32.45975598880416],"angle":-60.211839942862866},"norm_pos":[0.3549716668576681,0.5539860855203886],"diameter":32.45975598880416,"sphere":{"center":[-0.5010878884279936,-9.303572145535401,67.46148810285005],"radius":12.0},"projected_sphere":{"center":[155.39478746226723,34.496183045386175],"axes":[220.5702900789015,220.5702900789015],"angle":90.0},"model_confidence":0.6422202556587653,"model_id":169,"model_birth_timestamp":75032.850243,"theta":2.309306545892102,"phi":-2.0335612688574662,"method":"3d c++","id":1}
1950606,1950601,1,75050.78022,113,131,{"topic":"pupil.1","circle_3d":{"center":[-4.437995116655565,-1.1071241874252635,59.63084302429352],"normal":[-0.3280756023522976,0.6830373298425114,-0.6525537565463778],"radius":1.5410150878955378},"confidence":0.9978357912523148,"timestamp":75050.78022,"diameter_3d":3.0820301757910755,"ellipse":{"center":[113.92779408626146,108.29985246171736],"axes":[20.486707118003768,32.138669777965355],"angle":-60.83252014198604},"norm_pos":[0.35602435651956704,0.5487506147428443],"diameter":32.138669777965355,"sphere":{"center":[-0.5010878884279936,-9.303572145535401,67.46148810285005],"radius":12.0},"projected_sphere":{"center":[155.39478746226723,34.496183045386175],"axes":[220.5702900789015,220.5702900789015],"angle":90.0},"model_confidence":0.6420262186823567,"model_id":169,"model_birth_timestamp":75032.850243,"theta":2.3227094597639555,"phi":-2.0366466540983597,"method":"3d c++","id":1}
1950614,1950612,1,75050.78862,113,130,{"topic":"pupil.1","circle_3d":{"center":[-4.449470503087942,-0.992275621493441,59.758720754831614],"normal":[-0.3290318845549957,0.6926080436701634,-0.641897279001537],"radius":1.551653416855998},"confidence":0.9970300699578405,"timestamp":75050.78862,"diameter_3d":3.103306833711996,"ellipse":{"center":[113.906512161974,109.51509305544084],"axes":[20.202548420484234,32.289645413935375],"angle":-61.221236853465825},"norm_pos":[0.3559578505061688,0.5436871122689965],"diameter":32.289645413935375,"sphere":{"center":[-0.5010878884279936,-9.303572145535401,67.46148810285005],"radius":12.0},"projected_sphere":{"center":[155.39478746226723,34.496183045386175],"axes":[220.5702900789015,220.5702900789015],"angle":90.0},"model_confidence":0.6412528975521248,"model_id":169,"model_birth_timestamp":75032.850243,"theta":2.3358948161258324,"phi":-2.044467301158564,"method":"3d c++","id":1}
1950623,1950619,1,75050.79702,113,129,{"topic":"pupil.1","circle_3d":{"center":[-4.487254250163443,-0.922187338308234,59.85472358370327],"normal":[-0.3321805301446208,0.6984487339355973,-0.633897043262232],"radius":1.5264298340524363},"confidence":0.9947914839212267,"timestamp":75050.79702,"diameter_3d":3.0528596681048725,"ellipse":{"center":[113.58601335058977,110.26528863215177],"axes":[19.55376393264159,31.71343172652559],"angle":-61.2804687626994},"norm_pos":[0.354956291720593,0.5405612973660343],"diameter":31.71343172652559,"sphere":{"center":[-0.5010878884279936,-9.303572145535401,67.46148810285005],"radius":12.0},"projected_sphere":{"center":[155.39478746226723,34.496183045386175],"axes":[220.5702900789015,220.5702900789015],"angle":90.0},"model_confidence":0.6399029701033121,"model_id":169,"model_birth_timestamp":75032.850243,"theta":2.3440239223390953,"phi":-2.0534819480874287,"method":"3d c++","id":1}
1950630,1950624,1,75050.80542,113,129,{"topic":"pupil.1","circle_3d":{"center":[-4.509110114390147,-0.8934323249894671,59.89806916462767],"normal":[-0.3340018521635128,0.7008449850454945,-0.6302849115185318],"radius":1.5468812679478336},"confidence":0.996415914671718,"timestamp":75050.80542,"diameter_3d":3.0937625358956673,"ellipse":{"center":[113.39488557463868,110.56570469579825],"axes":[19.668713938971884,32.11535871180823],"angle":-61.26902875542203},"norm_pos":[0.3543590174207459,0.5393095637675074],"diameter":32.11535871180823,"sphere":{"center":[-0.5010878884279936,-9.303572145535401,67.46148810285005],"radius":12.0},"projected_sphere":{"center":[155.39478746226723,34.496183045386175],"axes":[220.5702900789015,220.5702900789015],"angle":90.0},"model_confidence":0.6389064202215522,"model_id":169,"model_birth_timestamp":75032.850243,"theta":2.347377726346868,"phi":-2.0580940236264134,"method":"3d c++","id":1}
1950639,1950636,1,75050.81382,113,129,{"topic":"pupil.1","circle_3d":{"center":[-4.4926587786521095,-0.9257594452293798,59.85362268691987],"normal":[-0.33263090751867636,0.6981510583588352,-0.6339887846608488],"radius":1.5311556241480262},"confidence":0.9956089217948617,"timestamp":75050.81382,"diameter_3d":3.0623112482960524,"ellipse":{"center":[113.52970180827695,110.22700985392676],"axes":[19.616627300719525,31.812450941853477],"angle":-61.23624560352067},"norm_pos":[0.35478031815086547,0.5407207922753052],"diameter":31.812450941853477,"sphere":{"center":[-0.5010878884279936,-9.303572145535401,67.46148810285005],"radius":12.0},"projected_sphere":{"center":[155.39478746226723,34.496183045386175],"axes":[220.5702900789015,220.5702900789015],"angle":90.0},"model_confidence":0.6378088918302938,"model_id":169,"model_birth_timestamp":75032.850243,"theta":2.343608061242463,"phi":-2.053979663822015,"method":"3d c++","id":1}
1950648,1950640,1,75050.82222,113,129,{"topic":"pupil.1","circle_3d":{"center":[-4.453750146708846,-0.9399937528303717,59.81773133401971],"normal":[-0.32938852152340437,0.6969648660587524,-0.6369797307358619],"radius":1.5103652351783075},"confidence":0.9947271889414044,"timestamp":75050.82222,"diameter_3d":3.020730470356615,"ellipse":{"center":[113.90315199122824,110.07789327169023],"axes":[19.47419935279159,31.398332568151027],"angle":-61.4005120837752},"norm_pos":[0.35594734997258826,0.5413421113679574],"diameter":31.398332568151027,"sphere":{"center":[-0.5010878884279936,-9.303572145535401,67.46148810285005],"radius":12.0},"projected_sphere":{"center":[155.39478746226723,34.496183045386175],"axes":[220.5702900789015,220.5702900789015],"angle":90.0},"model_confidence":0.6364590552256133,"model_id":169,"model_birth_timestamp":75032.850243,"theta":2.341952588984264,"phi":-2.04803797141809,"method":"3d c++","id":1}
1950656,1950653,1,75050.830619,113,130,{"topic":"pupil.1","circle_3d":{"center":[-4.452665651087724,-0.9604564645044178,59.79484255746399],"normal":[-0.3292981468883109,0.6952596400859152,-0.6388871287821724],"radius":1.5072401041289472},"confidence":0.9939033860517273,"timestamp":75050.830619,"diameter_3d":3.0144802082578943,"ellipse":{"center":[113.89679941474688,109.86243440472381],"axes":[19.507380051389543,31.345653236049838],"angle":-61.32728779972604},"norm_pos":[0.355927498171084,0.5422398566469842],"diameter":31.345653236049838,"sphere":{"center":[-0.5010878884279936,-9.303572145535401,67.46148810285005],"radius":12.0},"projected_sphere":{"center":[155.39478746226723,34.496183045386175],"axes":[220.5702900789015,220.5702900789015],"angle":90.0},"model_confidence":0.6347274660182367,"model_id":169,"model_birth_timestamp":75032.850243,"theta":2.3395773985337462,"phi":-2.046707339051547,"method":"3d c++","id":1}
1950664,1950660,1,75050.839019,113,130,{"topic":"pupil.1","circle_3d":{"center":[-4.494686852195772,-0.9765437716901975,59.79912777604671],"normal":[-0.3327999136473149,0.693919031153767,-0.638530027233612],"radius":1.5185968786911321},"confidence":0.9950540715738827,"timestamp":75050.839019,"diameter_3d":3.0371937573822643,"ellipse":{"center":[113.46608102540006,109.69404984275366],"axes":[19.630637971232282,31.581106222054824],"angle":-61.02694441612343},"norm_pos":[0.3545815032043752,0.5429414589885264],"diameter":31.581106222054824,"sphere":{"center":[-0.5010878884279936,-9.303572145535401,67.46148810285005],"radius":12.0},"projected_sphere":{"center":[155.39478746226723,34.496183045386175],"axes":[220.5702900789015,220.5702900789015],"angle":90.0},"model_confidence":0.6333959348236884,"model_id":169,"model_birth_timestamp":75032.850243,"theta":2.3377139044689366,"phi":-2.051257354200047,"method":"3d c++","id":1}
1950674,1950669,1,75050.847419,113,130,{"topic":"pupil.1","circle_3d":{"center":[-4.513170326168808,-1.0023662747880344,59.78078659815394],"normal":[-0.3343402031450679,0.691767155895614,-0.6400584587246761],"radius":1.5301727892133308},"confidence":0.9976812574136378,"timestamp":75050.847419,"diameter_3d":3.0603455784266616,"ellipse":{"center":[113.26174500577345,109.42028408535647],"axes":[19.835499422127764,31.832671381182514],"angle":-60.82119676909494},"norm_pos":[0.353942953143042,0.544082149644348],"diameter":31.832671381182514,"sphere":{"center":[-0.5010878884279936,-9.303572145535401,67.46148810285005],"radius":12.0},"projected_sphere":{"center":[155.39478746226723,34.496183045386175],"axes":[220.5702900789015,220.5702900789015],"angle":90.0},"model_confidence":0.6327464694849017,"model_id":169,"model_birth_timestamp":75032.850243,"theta":2.3347296956866415,"phi":-2.052170606348377,"method":"3d c++","id":1}
1950683,1950681,1,75050.855819,113,131,{"topic":"pupil.1","circle_3d":{"center":[-4.5335122510288866,-1.0641093157484747,59.72515783349996],"normal":[-0.3360353635500744,0.6866219024822439,-0.6446941891125074],"radius":1.547474668756759},"confidence":0.9981406287459085,"timestamp":75050.855819,"diameter_3d":3.094949337513518,"ellipse":{"center":[113.00986617824876,108.76495100588339],"axes":[20.237867862514452,32.22443518624241],"angle":-60.460964172931796},"norm_pos":[0.35315583180702736,0.5468127041421526],"diameter":32.22443518624241,"sphere":{"center":[-0.5010878884279936,-9.303572145535401,67.46148810285005],"radius":12.0},"projected_sphere":{"center":[155.39478746226723,34.496183045386175],"axes":[220.5702900789015,220.5702900789015],"angle":90.0},"model_confidence":0.6322974350778554,"model_id":169,"model_birth_timestamp":75032.850243,"theta":2.327628589643477,"phi":-2.051285051763298,"method":"3d c++","id":1}
1950692,1950686,1,75050.864219,112,132,{"topic":"pupil.1","circle_3d":{"center":[-4.536969148442222,-1.1383995829492264,59.64857446719172],"normal":[-0.33632343833451905,0.6804310468821813,-0.6510761363048609],"radius":1.5098594984627525},"confidence":0.997170025487511,"timestamp":75050.864219,"diameter_3d":3.019718996925505,"ellipse":{"center":[112.9113807555811,107.98681071631349],"axes":[19.9909470529872,31.482656059240767],"angle":-60.14159137971026},"norm_pos":[0.35284806486119097,0.5500549553486938],"diameter":31.482656059240767,"sphere":{"center":[-0.5010878884279936,-9.303572145535401,67.46148810285005],"radius":12.0},"projected_sphere":{"center":[155.39478746226723,34.496183045386175],"axes":[220.5702900789015,220.5702900789015],"angle":90.0},"model_confidence":0.6315622030901191,"model_id":169,"model_birth_timestamp":75032.850243,"theta":2.3191470102239333,"phi":-2.047608302000263,"method":"3d c++","id":1}
1950700,1950698,1,75050.872619,112,133,{"topic":"pupil.1","circle_3d":{"center":[-4.541512458701526,-1.2473147275066907,59.53862967256195],"normal":[-0.33670204752279437,0.671354784835726,-0.6602382025240088],"radius":1.514401618483635},"confidence":0.9968368172558475,"timestamp":75050.872619,"diameter_3d":3.02880323696727,"ellipse":{"center":[112.77931882323112,106.82859804422387],"axes":[20.405552951367614,31.637883804069855],"angle":-59.667379414975414},"norm_pos":[0.3524353713225973,0.5548808414824006],"diameter":31.637883804069855,"sphere":{"center":[-0.5010878884279936,-9.303572145535401,67.46148810285005],"radius":12.0},"projected_sphere":{"center":[155.39478746226723,34.496183045386175],"axes":[220.5702900789015,220.5702900789015],"angle":90.0},"model_confidence":0.6309856423306281,"model_id":169,"model_birth_timestamp":75032.850243,"theta":2.306831588123326,"phi":-2.042388533134882,"method":"3d c++","id":1}
1950709,1950709,1,75050.881019,112,134,{"topic":"pupil.1","circle_3d":{"center":[-4.540043366076792,-1.3440558693061853,59.440706389200635],"normal":[-0.33657962313739986,0.6632930230191013,-0.6683984761374517],"radius":1.5135853215884096},"confidence":0.9979438307121234,"timestamp":75050.881019,"diameter_3d":3.0271706431768193,"ellipse":{"center":[112.71827305242492,105.79741745546706],"axes":[20.712399118016567,31.674744135249146],"angle":-59.26882676344084},"norm_pos":[0.3522446032888279,0.5591774272688872],"diameter":31.674744135249146,"sphere":{"center":[-0.5010878884279936,-9.303572145535401,67.46148810285005],"radius":12.0},"projected_sphere":{"center":[155.39478746226723,34.496183045386175],"axes":[220.5702900789015,220.5702900789015],"angle":90.0},"model_confidence":0.6305455491497969,"model_id":169,"model_birth_timestamp":75032.850243,"theta":2.296006874793787,"phi":-2.037288936354866,"method":"3d c++","id":1}
1950715,1950709,1,75050.889419,112,134,{"topic":"pupil.1","circle_3d":{"center":[-4.539272557251316,-1.4077042036601881,59.377656460309026],"normal":[-0.33651538906861017,0.6579889951562677,-0.6736526368784189],"radius":1.5115382870964644},"confidence":0.9981161012962508,"timestamp":75050.889419,"diameter_3d":3.023076574192929,"ellipse":{"center":[112.67688924857703,105.11790509812892],"axes":[20.889174976305828,31.666714463767764],"angle":-59.000967432134416},"norm_pos":[0.3521152789018032,0.5620087287577962],"diameter":31.666714463767764,"sphere":{"center":[-0.5010878884279936,-9.303572145535401,67.46148810285005],"radius":12.0},"projected_sphere":{"center":[155.39478746226723,34.496183045386175],"axes":[220.5702900789015,220.5702900789015],"angle":90.0},"model_confidence":0.6308255293667742,"model_id":169,"model_birth_timestamp":75032.850243,"theta":2.2889414018144443,"phi":-2.0340746216955403,"method":"3d c++","id":1}
1950723,1950720,1,75050.897819,113,134,{"topic":"pupil.1","circle_3d":{"center":[-4.492004504208694,-1.3959294593002038,59.36570082101535],"normal":[-0.3325763846483917,0.6589702238529331,-0.6746489401528918],"radius":1.540920088449634},"confidence":0.9985739029408872,"timestamp":75050.897819,"diameter_3d":3.081840176899268,"ellipse":{"center":[113.16319945911826,105.23014726166633],"axes":[21.347517241868452,32.28733399381349],"angle":-59.32534101947115},"norm_pos":[0.35363499830974454,0.5615410530763902],"diameter":32.28733399381349,"sphere":{"center":[-0.5010878884279936,-9.303572145535401,67.46148810285005],"radius":12.0},"projected_sphere":{"center":[155.39478746226723,34.496183045386175],"axes":[220.5702900789015,220.5702900789015],"angle":90.0},"model_confidence":0.7647410616143824,"model_id":169,"model_birth_timestamp":75032.850243,"theta":2.290245189740822,"phi":-2.0287978122148838,"method":"3d c++","id":1}
1950732,1950727,1,75050.906219,113,134,{"topic":"pupil.1","circle_3d":{"center":[-4.474851730858755,-1.3587330409766665,59.39372927358004],"normal":[-0.3311469868692301,0.6620699253798946,-0.6723132357725011],"radius":1.5160545963920746},"confidence":0.9980283011399095,"timestamp":75050.906219,"diameter_3d":3.0321091927841493,"ellipse":{"center":[113.36114564595846,105.63149963227313],"axes":[20.915797084020685,31.749906045134434],"angle":-59.58353191230643},"norm_pos":[0.3542535801436202,0.5598687515321953],"diameter":31.749906045134434,"sphere":{"center":[-0.5010878884279936,-9.303572145535401,67.46148810285005],"radius":12.0},"projected_sphere":{"center":[155.39478746226723,34.496183045386175],"axes":[220.5702900789015,220.5702900789015],"angle":90.0},"model_confidence":0.8087024936967113,"model_id":169,"model_birth_timestamp":75032.850243,"theta":2.2943736849753207,"phi":-2.0284651189098266,"method":"3d c++","id":1}
1950740,1950740,1,75050.914619,113,133,{"topic":"pupil.1","circle_3d":{"center":[-4.439712210690324,-1.268600665956967,59.46608493787802],"normal":[-0.3282186935218609,0.6695809566315363,-0.6662835970810024],"radius":1.5223092651087602},"confidence":0.9985850546520079,"timestamp":75050.914619,"diameter_3d":3.0446185302175204,"ellipse":{"center":[113.7830806852507,106.58727298531949],"axes":[20.774417557812107,31.839389419087844],"angle":-60.16536673517567},"norm_pos":[0.3555721271414084,0.5558863625611687],"diameter":31.839389419087844,"sphere":{"center":[-0.5010878884279936,-9.303572145535401,67.46148810285005],"radius":12.0},"projected_sphere":{"center":[155.39478746226723,34.496183045386175],"axes":[220.5702900789015,220.5702900789015],"angle":90.0},"model_confidence":0.8084569457094015,"model_id":169,"model_birth_timestamp":75032.850243,"theta":2.3044407841603314,"phi":-2.0285153602027846,"method":"3d c++","id":1}
1950746,1950743,1,75050.923019,113,132,{"topic":"pupil.1","circle_3d":{"center":[-4.434695977070499,-1.1726177904558348,59.56121540625414],"normal":[-0.3278006740535421,0.6775795295899639,-0.6583560580496595],"radius":1.5409654587958952},"confidence":0.998767694685668,"timestamp":75050.923019,"diameter_3d":3.0819309175917904,"ellipse":{"center":[113.90929842666331,107.60385495834036],"axes":[20.71625899205959,32.17630819980911],"angle":-60.58771091649015},"norm_pos":[0.35596655758332285,0.5516506043402485],"diameter":32.17630819980911,"sphere":{"center":[-0.5010878884279936,-9.303572145535401,67.46148810285005],"radius":12.0},"projected_sphere":{"center":[155.39478746226723,34.496183045386175],"axes":[220.5702900789015,220.5702900789015],"angle":90.0},"model_confidence":0.8081703710745125,"model_id":169,"model_birth_timestamp":75032.850243,"theta":2.3152628063917216,"phi":-2.032768845530328,"method":"3d c++","id":1}
1950758,1950753,1,75050.931419,114,131,{"topic":"pupil.1","circle_3d":{"center":[-4.398764409072416,-1.0838895040116476,59.6355737784372],"normal":[-0.3248063767203685,0.6849735534603127,-0.6521595270344045],"radius":1.508808753021629},"confidence":0.9963317946078102,"timestamp":75050.931419,"diameter_3d":3.017617506043258,"ellipse":{"center":[114.33560652065046,108.54986623172817],"axes":[20.052377368581823,31.462726616991105],"angle":-61.150951916521024},"norm_pos":[0.35729877037703267,0.5477088907011326],"diameter":31.462726616991105,"sphere":{"center":[-0.5010878884279936,-9.303572145535401,67.46148810285005],"radius":12.0},"projected_sphere":{"center":[155.39478746226723,34.496183045386175],"axes":[220.5702900789015,220.5702900789015],"angle":90.0},"model_confidence":0.8072151753620194,"model_id":169,"model_birth_timestamp":75032.850243,"theta":2.3253637256776605,"phi":-2.0328806605125918,"method":"3d c++","id":1}
1950768,1950765,1,75050.939819,114,130,{"topic":"pupil.1","circle_3d":{"center":[-4.405449144048146,-1.0324867183304836,59.69327665866996],"normal":[-0.325363437968346,0.6892571189337432,-0.647350953681675],"radius":1.5123312408398168},"confidence":0.9970575647356182,"timestamp":75050.939819,"diameter_3d":3.0246624816796337,"ellipse":{"center":[114.30989587400417,109.0945188551714],"axes":[19.91138402594371,31.505014885600563],"angle":-61.31522840035484},"norm_pos":[0.357218424606263,0.5454395047701192],"diameter":31.505014885600563,"sphere":{"center":[-0.5010878884279936,-9.303572145535401,67.46148810285005],"radius":12.0},"projected_sphere":{"center":[155.39478746226723,34.496183045386175],"axes":[220.5702900789015,220.5702900789015],"angle":90.0},"model_confidence":0.8065296702337688,"model_id":169,"model_birth_timestamp":75032.850243,"theta":2.3312595319024796,"phi":-2.0365277513518687,"method":"3d c++","id":1}
1950775,1950771,1,75050.948219,114,131,{"topic":"pupil.1","circle_3d":{"center":[-4.414189122803437,-1.0436198164342656,59.68583210155305],"normal":[-0.326091769531287,0.688329360758428,-0.6479713334414168],"radius":1.503427756527434},"confidence":0.9970705014726262,"timestamp":75050.948219,"diameter_3d":3.006855513054868,"ellipse":{"center":[114.2128852622566,108.97965281415495],"axes":[19.815878867812316,31.32380922390095],"angle":-61.221339784413374},"norm_pos":[0.3569152664445519,0.5459181132743545],"diameter":31.32380922390095,"sphere":{"center":[-0.5010878884279936,-9.303572145535401,67.46148810285005],"radius":12.0},"projected_sphere":{"center":[155.39478746226723,34.496183045386175],"axes":[220.5702900789015,220.5702900789015],"angle":90.0},"model_confidence":0.805940063394972,"model_id":169,"model_birth_timestamp":75032.850243,"theta":2.3299797907144137,"phi":-2.0370407956761096,"method":"3d c++","id":1}
1950783,1950783,1,75050.956619,114,131,{"topic":"pupil.1","circle_3d":{"center":[-4.400176197199682,-1.107493302420151,59.611558042152794],"normal":[-0.324924025730974,0.6830065702596042,-0.6541608383914386],"radius":1.4983820949950417},"confidence":0.9976464962757681,"timestamp":75050.956619,"diameter_3d":2.9967641899900834,"ellipse":{"center":[114.30197404638844,108.30208315661943],"axes":[19.99027427166373,31.258262682738284],"angle":-61.04902080073387},"norm_pos":[0.35719366889496384,0.5487413201807524],"diameter":31.258262682738284,"sphere":{"center":[-0.5010878884279936,-9.303572145535401,67.46148810285005],"radius":12.0},"projected_sphere":{"center":[155.39478746226723,34.496183045386175],"axes":[220.5702900789015,220.5702900789015],"angle":90.0},"model_confidence":0.8054976160786986,"model_id":169,"model_birth_timestamp":75032.850243,"theta":2.3226673463007006,"phi":-2.0318033184662374,"method":"3d c++","id":1}
1950791,1950787,1,75050.965019,114,132,{"topic":"pupil.1","circle_3d":{"center":[-4.412925237793035,-1.1700172100804664,59.55308670534567],"normal":[-0.3259864457804201,0.6777962446212447,-0.6590334497920323],"radius":1.4825469251089547},"confidence":0.9949460994783782,"timestamp":75050.965019,"diameter_3d":2.9650938502179094,"ellipse":{"center":[114.12403314826886,107.6431247311016],"axes":[19.961331868652735,30.959621773133428],"angle":-60.724338237704984},"norm_pos":[0.3566376035883402,0.5514869802870768],"diameter":30.959621773133428,"sphere":{"center":[-0.5010878884279936,-9.303572145535401,67.46148810285005],"radius":12.0},"projected_sphere":{"center":[155.39478746226723,34.496183045386175],"axes":[220.5702900789015,220.5702900789015],"angle":90.0},"model_confidence":0.8043441859179823,"model_id":169,"model_birth_timestamp":75032.850243,"theta":2.3155575165749283,"phi":-2.030149358102009,"method":"3d c++","id":1}
1950803,1950795,1,75050.973419,114,132,{"topic":"pupil.1","circle_3d":{"center":[-4.420293950809458,-1.2180054231189406,59.5076566602091],"normal":[-0.32660050519845535,0.6737972268680384,-0.6628192868867463],"radius":1.5075213399137908},"confidence":0.9974907614153744,"timestamp":75050.973419,"diameter_3d":3.0150426798275816,"ellipse":{"center":[114.01531023629025,107.12747593552277],"axes":[20.442796944576983,31.50646256580602],"angle":-60.48640851849413},"norm_pos":[0.356297844488407,0.5536355169353218],"diameter":31.50646256580602,"sphere":{"center":[-0.5010878884279936,-9.303572145535401,67.46148810285005],"radius":12.0},"projected_sphere":{"center":[155.39478746226723,34.496183045386175],"axes":[220.5702900789015,220.5702900789015],"angle":90.0},"model_confidence":0.8038417674350207,"model_id":169,"model_birth_timestamp":75032.850243,"theta":2.310132065564025,"phi":-2.028622642760267,"method":"3d c++","id":1}
1950808,1950806,1,75050.981819,113,133,{"topic":"pupil.1","circle_3d":{"center":[-4.431250935179808,-1.2559912040285663,59.47460764701234],"normal":[-0.32751358722931784,0.6706317451255696,-0.6655733713198095],"radius":1.5055647873134876},"confidence":0.9988139877717395,"timestamp":75050.981819,"diameter_3d":3.0111295746269753,"ellipse":{"center":[113.87604987199069,106.72469401540368],"axes":[20.520295900510536,31.484057386449667],"angle":-60.26672539116754},"norm_pos":[0.3558626558499709,0.5553137749358179],"diameter":31.484057386449667,"sphere":{"center":[-0.5010878884279936,-9.303572145535401,67.46148810285005],"radius":12.0},"projected_sphere":{"center":[155.39478746226723,34.496183045386175],"axes":[220.5702900789015,220.5702900789015],"angle":90.0},"model_confidence":0.8036714845152448,"model_id":169,"model_birth_timestamp":75032.850243,"theta":2.3058564357873244,"phi":-2.0280857595278223,"method":"3d c++","id":1}
1950815,1950810,1,75050.990219,113,133,{"topic":"pupil.1","circle_3d":{"center":[-4.442073890454241,-1.3024371491434792,59.43338321431344],"normal":[-0.32841550016885396,0.6667612496993269,-0.6690087407113852],"radius":1.5086717532253275},"confidence":0.9983086449235189,"timestamp":75050.990219,"diameter_3d":3.017343506450655,"ellipse":{"center":[113.73226828340441,106.23006643982383],"axes":[20.693530319010062,31.572121818951377],"angle":-60.01102028678582},"norm_pos":[0.35541333838563877,0.5573747231674007],"diameter":31.572121818951377,"sphere":{"center":[-0.5010878884279936,-9.303572145535401,67.46148810285005],"radius":12.0},"projected_sphere":{"center":[155.39478746226723,34.496183045386175],"axes":[220.5702900789015,220.5702900789015],"angle":90.0},"model_confidence":0.8032888673854321,"model_id":169,"model_birth_timestamp":75032.850243,"theta":2.3006508866787,"phi":-2.027136397032879,"method":"3d c++","id":1}
1950824,1950815,1,75050.998619,113,133,{"topic":"pupil.1","circle_3d":{"center":[-4.441691179801524,-1.30018095381784,59.435444548747334],"normal":[-0.3283836076144609,0.6669492659764634,-0.6688369628418934],"radius":1.4989859062805615},"confidence":0.9976459344019929,"timestamp":75050.998619,"diameter_3d":2.997971812561123,"ellipse":{"center":[113.73691432569083,106.25643209335342],"axes":[20.554039122770387,31.368211530057582],"angle":-60.022689852290966},"norm_pos":[0.35542785726778386,0.557264866277694],"diameter":31.368211530057582,"sphere":{"center":[-0.5010878884279936,-9.303572145535401,67.46148810285005],"radius":12.0},"projected_sphere":{"center":[155.39478746226723,34.496183045386175],"axes":[220.5702900789015,220.5702900789015],"angle":90.0},"model_confidence":0.8028937063385477,"model_id":169,"model_birth_timestamp":75032.850243,"theta":2.300903194100992,"phi":-2.027199566242246,"method":"3d c++","id":1}
1950831,1950826,1,75051.007019,113,133,{"topic":"pupil.1","circle_3d":{"center":[-4.420071450407676,-1.2810893243421901,59.4439238078417],"normal":[-0.32658196349830687,0.6685402350994343,-0.6681303579173631],"radius":1.4958352076975534},"confidence":0.9973118697689656,"timestamp":75051.007019,"diameter_3d":2.991670415395107,"ellipse":{"center":[113.96819149895744,106.45813294695219],"axes":[20.488875137598804,31.296812055591335],"angle":-60.228083657216274},"norm_pos":[0.356150598434242,0.5564244460543659],"diameter":31.296812055591335,"sphere":{"center":[-0.5010878884279936,-9.303572145535401,67.46148810285005],"radius":12.0},"projected_sphere":{"center":[155.39478746226723,34.496183045386175],"axes":[220.5702900789015,220.5702900789015],"angle":90.0},"model_confidence":0.8024271863177446,"model_id":169,"model_birth_timestamp":75032.850243,"theta":2.3030404735827092,"phi":-2.025443669572666,"method":"3d c++","id":1}
1950842,1950837,1,75051.015419,113,133,{"topic":"pupil.1","circle_3d":{"center":[-4.43841844008864,-1.2798733536733877,59.45413611705402],"normal":[-0.32811087930505384,0.6686415659885012,-0.6672793321496696],"radius":1.4849801323354834},"confidence":0.9967097699120201,"timestamp":75051.015419,"diameter_3d":2.969960264670967,"ellipse":{"center":[113.78394575971154,106.47596446618172],"axes":[20.303049595169803,31.064779952819567],"angle":-60.12626751500213},"norm_pos":[0.35557483049909855,0.5563501480575761],"diameter":31.064779952819567,"sphere":{"center":[-0.5010878884279936,-9.303572145535401,67.46148810285005],"radius":12.0},"projected_sphere":{"center":[155.39478746226723,34.496183045386175],"axes":[220.5702900789015,220.5702900789015],"angle":90.0},"model_confidence":0.8017005103113983,"model_id":169,"model_birth_timestamp":75032.850243,"theta":2.3031767387031854,"phi":-2.0277935400123894,"method":"3d c++","id":1}
1950851,1950849,1,75051.023819,113,133,{"topic":"pupil.1","circle_3d":{"center":[-4.4451075000874125,-1.251706597746841,59.485764279698856],"normal":[-0.32866830097161825,0.6709887956490467,-0.6646436519292663],"radius":1.4873454642528041},"confidence":0.9980174420952973,"timestamp":75051.023819,"diameter_3d":2.9746909285056082,"ellipse":{"center":[113.73867413634768,106.7764109171807],"axes":[20.232827830468292,31.097405733982974],"angle":-60.20400535838587},"norm_pos":[0.3554333566760865,0.5550982878450804],"diameter":31.097405733982974,"sphere":{"center":[-0.5010878884279936,-9.303572145535401,67.46148810285005],"radius":12.0},"projected_sphere":{"center":[155.39478746226723,34.496183045386175],"axes":[220.5702900789015,220.5702900789015],"angle":90.0},"model_confidence":0.801310764818286,"model_id":169,"model_birth_timestamp":75032.850243,"theta":2.3063378766869573,"phi":-2.030036699163664,"method":"3d c++","id":1}
1950858,1950855,1,75051.032219,114,132,{"topic":"pupil.1","circle_3d":{"center":[-4.412384699137743,-1.2290623949737594,59.49254529049303],"normal":[-0.3259414008924791,0.6728758125468035,-0.6640785676964188],"radius":1.4947064445653597},"confidence":0.9970536090354049,"timestamp":75051.032219,"diameter_3d":2.9894128891307195,"ellipse":{"center":[114.08495771702664,107.01189852037281],"axes":[20.319257319752356,31.24645214689565],"angle":-60.4871878627288},"norm_pos":[0.35651549286570827,0.5541170894984466],"diameter":31.24645214689565,"sphere":{"center":[-0.5010878884279936,-9.303572145535401,67.46148810285005],"radius":12.0},"projected_sphere":{"center":[155.39478746226723,34.496183045386175],"axes":[220.5702900789015,220.5702900789015],"angle":90.0},"model_confidence":0.8007908754357085,"model_id":169,"model_birth_timestamp":75032.850243,"theta":2.308885792757115,"phi":-2.0270710105099705,"method":"3d c++","id":1}
1950867,1950867,1,75051.040619,114,132,{"topic":"pupil.1","circle_3d":{"center":[-4.416500879817348,-1.2032217357612165,59.52084175977882],"normal":[-0.3262844159491129,0.6750292008145155,-0.66172052858927],"radius":1.4712299568008396},"confidence":0.9947103611509956,"timestamp":75051.040619,"diameter_3d":2.942459913601679,"ellipse":{"center":[114.06144302586185,107.29304889647214],"axes":[19.909642773264398,30.740542845472834],"angle":-60.56887121241374},"norm_pos":[0.3564420094558183,0.5529456295980327],"diameter":30.740542845472834,"sphere":{"center":[-0.5010878884279936,-9.303572145535401,67.46148810285005],"radius":12.0},"projected_sphere":{"center":[155.39478746226723,34.496183045386175],"axes":[220.5702900789015,220.5702900789015],"angle":90.0},"model_confidence":0.799371069224597,"model_id":169,"model_birth_timestamp":75032.850243,"theta":2.3118006069886237,"phi":-2.028896586879399,"method":"3d c++","id":1}
1950876,1950872,1,75051.049019,113,132,{"topic":"pupil.1","circle_3d":{"center":[-4.443207261803133,-1.2033012603931912,59.53398493770544],"normal":[-0.32850994778126164,0.6750225737618508,-0.660625263762051],"radius":1.4882637077724208},"confidence":0.9966144751593431,"timestamp":75051.049019,"diameter_3d":2.9765274155448416,"ellipse":{"center":[113.79527662365452,107.29129974059013],"axes":[20.091967103288987,31.090469874610122],"angle":-60.41380025841042},"norm_pos":[0.35561023944892034,0.5529529177475412],"diameter":31.090469874610122,"sphere":{"center":[-0.5010878884279936,-9.303572145535401,67.46148810285005],"radius":12.0},"projected_sphere":{"center":[155.39478746226723,34.496183045386175],"axes":[220.5702900789015,220.5702900789015],"angle":90.0},"model_confidence":0.7984624791636419,"model_id":169,"model_birth_timestamp":75032.850243,"theta":2.311791624735761,"phi":-2.0322585503934847,"method":"3d c++","id":1}
1950883,1950877,1,75051.057418,113,132,{"topic":"pupil.1","circle_3d":{"center":[-4.425053407127906,-1.188179375776894,59.54044683287769],"normal":[-0.326997126558326,0.676282730813209,-0.6600867724976972],"radius":1.4639606324798018},"confidence":0.9960496536299723,"timestamp":75051.057418,"diameter_3d":2.9279212649596036,"ellipse":{"center":[113.98673020018803,107.45577951234179],"axes":[19.747683596395003,30.578500572395864],"angle":-60.58051845705475},"norm_pos":[0.3562085318755876,0.5522675853652426],"diameter":30.578500572395864,"sphere":{"center":[-0.5010878884279936,-9.303572145535401,67.46148810285005],"radius":12.0},"projected_sphere":{"center":[155.39478746226723,34.496183045386175],"axes":[220.5702900789015,220.5702900789015],"angle":90.0},"model_confidence":0.7974674138582549,"model_id":169,"model_birth_timestamp":75032.850243,"theta":2.3135009617043787,"phi":-2.0307451742146188,"method":"3d c++","id":1}
1950891,1950889,1,75051.065818,114,132,{"topic":"pupil.1","circle_3d":{"center":[-4.421978075652714,-1.1769485542918119,59.55044460998718],"normal":[-0.32674084893539335,0.6772186326036325,-0.6592536244052397],"radius":1.5019376607500725},"confidence":0.9978080534852839,"timestamp":75051.065818,"diameter_3d":3.003875321500145,"ellipse":{"center":[114.02969768548823,107.56583631607329],"axes":[20.228910751666394,31.3664728441846],"angle":-60.64379758368199},"norm_pos":[0.35634280526715073,0.5518090153496946],"diameter":31.3664728441846,"sphere":{"center":[-0.5010878884279936,-9.303572145535401,67.46148810285005],"radius":12.0},"projected_sphere":{"center":[155.39478746226723,34.496183045386175],"axes":[220.5702900789015,220.5702900789015],"angle":90.0},"model_confidence":0.7974306984416035,"model_id":169,"model_birth_timestamp":75032.850243,"theta":2.314772201052266,"phi":-2.0309357093691114,"method":"3d c++","id":1}
1950901,1950893,1,75051.074218,114,132,{"topic":"pupil.1","circle_3d":{"center":[-4.407362950937129,-1.1562868610032115,59.56447869241724],"normal":[-0.3255229218757613,0.6789404403776825,-0.6580841175360681],"radius":1.4787290684266272},"confidence":0.9960766610656995,"timestamp":75051.074218,"diameter_3d":2.9574581368532544,"ellipse":{"center":[114.19010282320505,107.78934386413599],"axes":[19.875140662637705,30.87356260642072],"angle":-60.81199159288005},"norm_pos":[0.3568440713225158,0.5508777338994334],"diameter":30.87356260642072,"sphere":{"center":[-0.5010878884279936,-9.303572145535401,67.46148810285005],"radius":12.0},"projected_sphere":{"center":[155.39478746226723,34.496183045386175],"axes":[220.5702900789015,220.5702900789015],"angle":90.0},"model_confidence":0.7963914325954335,"model_id":169,"model_birth_timestamp":75032.850243,"theta":2.317114835118089,"phi":-2.030156752646978,"method":"3d c++","id":1}
1950909,1950907,1,75051.082618,114,132,{"topic":"pupil.1","circle_3d":{"center":[-4.421343422109466,-1.1601134294778905,59.56746018989543],"normal":[-0.32668796114012266,0.6786215596714592,-0.6578356594128855],"radius":1.5042892074213055},"confidence":0.9972694067275442,"timestamp":75051.082618,"diameter_3d":3.008578414842611,"ellipse":{"center":[114.0493850900584,107.74416487893225],"axes":[20.20596118355335,31.40630504146179],"angle":-60.7155782745898},"norm_pos":[0.3564043284064325,0.5510659796711156],"diameter":31.40630504146179,"sphere":{"center":[-0.5010878884279936,-9.303572145535401,67.46148810285005],"radius":12.0},"projected_sphere":{"center":[155.39478746226723,34.496183045386175],"axes":[220.5702900789015,220.5702900789015],"angle":90.0},"model_confidence":0.795785072889521,"model_id":169,"model_birth_timestamp":75032.850243,"theta":2.3166805943243496,"phi":-2.031728496959886,"method":"3d c++","id":1}
1950917,1950915,1,75051.091018,114,131,{"topic":"pupil.1","circle_3d":{"center":[-4.406493271607785,-1.1289659148662068,59.59233174612828],"normal":[-0.325450448598316,0.6812171858890996,-0.6557630297268143],"radius":1.5023102117271183},"confidence":0.997723931273837,"timestamp":75051.091018,"diameter_3d":3.0046204234542366,"ellipse":{"center":[114.22225288758008,108.07387209498606],"axes":[20.102978158955377,31.35090691507758],"angle":-60.926716816454956},"norm_pos":[0.35694454027368777,0.5496921996042248],"diameter":31.35090691507758,"sphere":{"center":[-0.5010878884279936,-9.303572145535401,67.46148810285005],"radius":12.0},"projected_sphere":{"center":[155.39478746226723,34.496183045386175],"axes":[220.5702900789015,220.5702900789015],"angle":90.0},"model_confidence":0.7953008007027362,"model_id":169,"model_birth_timestamp":75032.850243,"theta":2.3202203154664014,"phi":-2.0314737537507086,"method":"3d c++","id":1}
1950926,1950922,1,75051.099418,114,131,{"topic":"pupil.1","circle_3d":{"center":[-4.428205379451868,-1.119994633334061,59.61248770066591],"normal":[-0.32725979091865626,0.681964792683445,-0.6540833668486787],"radius":1.4832701563597697},"confidence":0.9971579657529004,"timestamp":75051.099418,"diameter_3d":2.9665403127195393,"ellipse":{"center":[114.01029912586831,108.17608197143801],"axes":[19.77895897812058,30.943408097362262],"angle":-60.83744825806431},"norm_pos":[0.3562821847683385,0.5492663251190083],"diameter":30.943408097362262,"sphere":{"center":[-0.5010878884279936,-9.303572145535401,67.46148810285005],"radius":12.0},"projected_sphere":{"center":[155.39478746226723,34.496183045386175],"axes":[220.5702900789015,220.5702900789015],"angle":90.0},"model_confidence":0.7946455492267024,"model_id":169,"model_birth_timestamp":75032.850243,"theta":2.3212420085354366,"phi":-2.034710664365726,"method":"3d c++","id":1}
1950935,1950933,1,75051.107818,114,131,{"topic":"pupil.1","circle_3d":{"center":[-4.407933151580738,-1.0933614754206378,59.630204629362794],"normal":[-0.32557043859606205,0.6841842225095637,-0.6526069561239382],"radius":1.496409783606153},"confidence":0.9946590416432525,"timestamp":75051.107818,"diameter_3d":2.992819567212306,"ellipse":{"center":[114.23530040057474,108.45335696774508],"axes":[19.902469447130397,31.207310615303967],"angle":-61.06051483942284},"norm_pos":[0.3569853137517961,0.5481110126343955],"diameter":31.207310615303967,"sphere":{"center":[-0.5010878884279936,-9.303572145535401,67.46148810285005],"radius":12.0},"projected_sphere":{"center":[155.39478746226723,34.496183045386175],"axes":[220.5702900789015,220.5702900789015],"angle":90.0},"model_confidence":0.7932592823204354,"model_id":169,"model_birth_timestamp":75032.850243,"theta":2.324280876044515,"phi":-2.03354493370748,"method":"3d c++","id":1}
1950944,1950939,1,75051.116218,114,131,{"topic":"pupil.1","circle_3d":{"center":[-4.414065755091235,-1.0605312670772573,59.66784445619341],"normal":[-0.32608148888860344,0.6869200732048454,-0.6494703038880542],"radius":1.5129904997329495},"confidence":0.9850236482529047,"timestamp":75051.116218,"diameter_3d":3.025980999465899,"ellipse":{"center":[114.20147542414571,108.79815961202445],"axes":[20.000097645243514,31.53291776325704],"angle":-61.155313602511285},"norm_pos":[0.3568796107004554,0.5466743349498981],"diameter":31.53291776325704,"sphere":{"center":[-0.5010878884279936,-9.303572145535401,67.46148810285005],"radius":12.0},"projected_sphere":{"center":[155.39478746226723,34.496183045386175],"axes":[220.5702900789015,220.5702900789015],"angle":90.0},"model_confidence":0.7926861514405026,"model_id":169,"model_birth_timestamp":75032.850243,"theta":2.3280387993733376,"phi":-2.0361009418329017,"method":"3d c++","id":1}
1950950,1950950,1,75051.124618,114,130,{"topic":"pupil.1","circle_3d":{"center":[-4.435942289778884,-1.0303054252031512,59.71100562661592],"normal":[-0.3279045334459076,0.6894388933610208,-0.6458735396861777],"radius":1.4835736301301028},"confidence":0.9923141265270514,"timestamp":75051.124618,"diameter_3d":2.9671472602602056,"ellipse":{"center":[114.00458746534117,109.12764156860038],"axes":[19.469323514022626,30.897336203784878],"angle":-61.1492911811232},"norm_pos":[0.35626433582919115,0.5453014934641651],"diameter":30.897336203784878,"sphere":{"center":[-0.5010878884279936,-9.303572145535401,67.46148810285005],"radius":12.0},"projected_sphere":{"center":[155.39478746226723,34.496183045386175],"axes":[220.5702900789015,220.5702900789015],"angle":90.0},"model_confidence":0.7918283307804863,"model_id":169,"model_birth_timestamp":75032.850243,"theta":2.3315104524085246,"phi":-2.040578219553968,"method":"3d c++","id":1}
1950960,1950957,1,75051.133018,113,130,{"topic":"pupil.1","circle_3d":{"center":[-4.462642462136077,-1.0149797175911104,59.74103986955704],"normal":[-0.33012954780900694,0.6907160356620242,-0.6433706861077507],"radius":1.4971963754590607},"confidence":0.9949624726615206,"timestamp":75051.133018,"diameter_3d":2.9943927509181214,"ellipse":{"center":[113.75182159936644,109.28942355667897],"axes":[19.54619104354194,31.165947097610644],"angle":-61.05745904332264},"norm_pos":[0.3554744424980201,0.544627401847171],"diameter":31.165947097610644,"sphere":{"center":[-0.5010878884279936,-9.303572145535401,67.46148810285005],"radius":12.0},"projected_sphere":{"center":[155.39478746226723,34.496183045386175],"axes":[220.5702900789015,220.5702900789015],"angle":90.0},"model_confidence":0.7906529470697254,"model_id":169,"model_birth_timestamp":75032.850243,"theta":2.333275106616448,"phi":-2.0448886751767215,"method":"3d c++","id":1}
1950967,1950963,1,75051.141418,113,130,{"topic":"pupil.1","circle_3d":{"center":[-4.462104253404999,-1.005475149264047,59.750979974532136],"normal":[-0.33008469708141713,0.6915080830226128,-0.6425423440264934],"radius":1.48673582850938},"confidence":0.9929966241992233,"timestamp":75051.141418,"diameter_3d":2.97347165701876,"ellipse":{"center":[113.76403271257442,109.39237632588448],"axes":[19.378216540760356,30.9427920073918],"angle":-61.097909941707115},"norm_pos":[0.35551260222679504,0.5441984319754813],"diameter":30.9427920073918,"sphere":{"center":[-0.5010878884279936,-9.303572145535401,67.46148810285005],"radius":12.0},"projected_sphere":{"center":[155.39478746226723,34.496183045386175],"axes":[220.5702900789015,220.5702900789015],"angle":90.0},"model_confidence":0.7890366214417743,"model_id":169,"model_birth_timestamp":75032.850243,"theta":2.334370990556596,"phi":-2.0453569400517044,"method":"3d c++","id":1}
1950974,1950972,1,75051.149818,113,130,{"topic":"pupil.1","circle_3d":{"center":[-4.484066777685379,-0.9842505639294838,59.785241129911],"normal":[-0.3319149074381154,0.6932767984671598,-0.6396872477449214],"radius":1.499016959859987},"confidence":0.9925985342759364,"timestamp":75051.149818,"diameter_3d":2.998033919719974,"ellipse":{"center":[113.56370958254672,109.61616089214175],"axes":[19.424056056511592,31.18084670213702],"angle":-61.05674112744663},"norm_pos":[0.3548865924454585,0.5432659962827426],"diameter":31.18084670213702,"sphere":{"center":[-0.5010878884279936,-9.303572145535401,67.46148810285005],"radius":12.0},"projected_sphere":{"center":[155.39478746226723,34.496183045386175],"axes":[220.5702900789015,220.5702900789015],"angle":90.0},"model_confidence":0.7874132351687213,"model_id":169,"model_birth_timestamp":75032.850243,"theta":2.3368223632100906,"phi":-2.0494261982295314,"method":"3d c++","id":1}
1950984,1950979,1,75051.158218,113,130,{"topic":"pupil.1","circle_3d":{"center":[-4.516000690824487,-0.9657439233688194,59.822044685506405],"normal":[-0.3345760668663745,0.6948190185138818,-0.6366202847786374],"radius":1.4847784108756712},"confidence":0.9940193857265023,"timestamp":75051.158218,"diameter_3d":2.9695568217513424,"ellipse":{"center":[113.26007027876045,109.81828518267733],"axes":[19.115955599377138,30.866109698195125],"angle":-60.949418559432246},"norm_pos":[0.3539377196211264,0.5424238117388445],"diameter":30.866109698195125,"sphere":{"center":[-0.5010878884279936,-9.303572145535401,67.46148810285005],"radius":12.0},"projected_sphere":{"center":[155.39478746226723,34.496183045386175],"axes":[220.5702900789015,220.5702900789015],"angle":90.0},"model_confidence":0.7861903865506781,"model_id":169,"model_birth_timestamp":75032.850243,"theta":2.338964548838178,"phi":-2.054674731913235,"method":"3d c++","id":1}
1950992,1950990,1,75051.166618,113,130,{"topic":"pupil.1","circle_3d":{"center":[-4.537511071321921,-0.9611583871065044,59.838403387869334],"normal":[-0.33636859857449397,0.6952011465357415,-0.6352570595817266],"radius":1.4782890297595952},"confidence":0.9933521590116724,"timestamp":75051.166618,"diameter_3d":2.9565780595191904,"ellipse":{"center":[113.04952865417802,109.8704077311579],"axes":[18.97604512150668,30.723254150558517],"angle":-60.846837533245065},"norm_pos":[0.3532797770443063,0.5422066344535088],"diameter":30.723254150558517,"sphere":{"center":[-0.5010878884279936,-9.303572145535401,67.46148810285005],"radius":12.0},"projected_sphere":{"center":[155.39478746226723,34.496183045386175],"axes":[220.5702900789015,220.5702900789015],"angle":90.0},"model_confidence":0.7847825048102663,"model_id":169,"model_birth_timestamp":75032.850243,"theta":2.339496020388161,"phi":-2.057764457215195,"method":"3d c++","id":1}
1951000,1950996,1,75051.175018,112,130,{"topic":"pupil.1","circle_3d":{"center":[-4.555520693508922,-0.9743585299129123,59.83352801024256],"normal":[-0.33786940042341074,0.6941011346352074,-0.6356633410506246],"radius":1.4962412740598139},"confidence":0.994490920939488,"timestamp":75051.175018,"diameter_3d":2.9924825481196278,"ellipse":{"center":[112.86101716365349,109.72872526674635],"axes":[19.21782857567051,31.09974687036718],"angle":-60.694189420672416},"norm_pos":[0.3526906786364171,0.5427969780552235],"diameter":31.09974687036718,"sphere":{"center":[-0.5010878884279936,-9.303572145535401,67.46148810285005],"radius":12.0},"projected_sphere":{"center":[155.39478746226723,34.496183045386175],"axes":[220.5702900789015,220.5702900789015],"angle":90.0},"model_confidence":0.7836955425910341,"model_id":169,"model_birth_timestamp":75032.850243,"theta":2.3379668381704097,"phi":-2.059342814334976,"method":"3d c++","id":1}
1951012,1951006,1,75051.183418,112,130,{"topic":"pupil.1","circle_3d":{"center":[-4.565304994154177,-0.979201462571444,59.83344824649555],"normal":[-0.3386847588105153,0.6936975569136631,-0.6356699880295422],"radius":1.5052758815379264},"confidence":0.9959854393319361,"timestamp":75051.183418,"diameter_3d":3.0105517630758527,"ellipse":{"center":[112.76053099514485,109.67648918345107],"axes":[19.3318579959378,31.287998947307457],"angle":-60.62043304884128},"norm_pos":[0.35237665935982765,0.5430146284022872],"diameter":31.287998947307457,"sphere":{"center":[-0.5010878884279936,-9.303572145535401,67.46148810285005],"radius":12.0},"projected_sphere":{"center":[155.39478746226723,34.496183045386175],"axes":[220.5702900789015,220.5702900789015],"angle":90.0},"model_confidence":0.787356182466703,"model_id":169,"model_birth_timestamp":75032.850243,"theta":2.337406369583129,"phi":-2.0603380778765152,"method":"3d c++","id":1}
1951020,1951018,1,75051.191818,112,130,{"topic":"pupil.1","circle_3d":{"center":[-4.559565368050836,-1.0009330632580067,59.806754611941685],"normal":[-0.33820645663523685,0.6918865901897828,-0.6378944575756973],"radius":1.4916650528328448},"confidence":0.9952082609924118,"timestamp":75051.191818,"diameter_3d":2.9833301056656896,"ellipse":{"center":[112.79804620802678,109.44948985495259],"axes":[19.24270077324759,31.019046467942587],"angle":-60.56653417921703},"norm_pos":[0.35249389440008366,0.5439604589376976],"diameter":31.019046467942587,"sphere":{"center":[-0.5010878884279936,-9.303572145535401,67.46148810285005],"radius":12.0},"projected_sphere":{"center":[155.39478746226723,34.496183045386175],"axes":[220.5702900789015,220.5702900789015],"angle":90.0},"model_confidence":0.7887419348297842,"model_id":169,"model_birth_timestamp":75032.850243,"theta":2.334895102618938,"phi":-2.0583046891256807,"method":"3d c++","id":1}
1951027,1951023,1,75051.200218,112,130,{"topic":"pupil.1","circle_3d":{"center":[-4.580516288624213,-1.0229254013722908,59.7940795819707],"normal":[-0.3399523666830183,0.690053895346926,-0.6389507100732799],"radius":1.4918462198501197},"confidence":0.994382636899645,"timestamp":75051.200218,"diameter_3d":2.9836924397002393,"ellipse":{"center":[112.57135649696808,109.21923129517255],"axes":[19.28011166250664,31.03034949744136],"angle":-60.3619524022086},"norm_pos":[0.35178548905302526,0.5449198696034477],"diameter":31.03034949744136,"sphere":{"center":[-0.5010878884279936,-9.303572145535401,67.46148810285005],"radius":12.0},"projected_sphere":{"center":[155.39478746226723,34.496183045386175],"axes":[220.5702900789015,220.5702900789015],"angle":90.0},"model_confidence":0.7872310502127666,"model_id":169,"model_birth_timestamp":75032.850243,"theta":2.3323598428782817,"phi":-2.059752328536411,"method":"3d c++","id":1}
1951036,1951029,1,75051.208618,112,130,{"topic":"pupil.1","circle_3d":{"center":[-4.588511402244393,-1.0399788552990472,59.77995212674075],"normal":[-0.3406186261513666,0.6886327741863628,-0.6401279980091087],"radius":1.5025370750731406},"confidence":0.995186916863465,"timestamp":75051.208618,"diameter_3d":3.005074150146281,"ellipse":{"center":[112.47853265036501,109.03724927500434],"axes":[19.46146521311805,31.26071322530556],"angle":-60.2490632249135},"norm_pos":[0.35149541453239064,0.5456781280208152],"diameter":31.26071322530556,"sphere":{"center":[-0.5010878884279936,-9.303572145535401,67.46148810285005],"radius":12.0},"projected_sphere":{"center":[155.39478746226723,34.496183045386175],"axes":[220.5702900789015,220.5702900789015],"angle":90.0},"model_confidence":0.7858913229773279,"model_id":169,"model_birth_timestamp":75032.850243,"theta":2.330398145256183,"phi":-2.059800889758263,"method":"3d c++","id":1}
-1566352491033,1944508,1944509,0.01367,0.04108,-0.74792,0.66235,0.04071,-832.5278,36.377056
-1566352491026,1944515,1944516,0.01367,0.04114,-0.74792,0.66235,0.04071,-832.5291,36.452385
-1566352491023,1944515,1944519,0.01367,0.04114,-0.74799,0.66229,0.04071,-831.0698,36.394577
-1566352491016,1944523,1944526,0.01367,0.04114,-0.74799,0.66229,0.04077,-831.0698,36.394577
-1566352491012,1944523,1944530,0.01373,0.04120,-0.74799,0.66229,0.04077,-831.0522,36.40218
-1566352491007,1944531,1944535,0.01373,0.04120,-0.74805,0.66223,0.04077,-829.7962,36.353058
-1566352491000,1944531,1944542,0.01373,0.04126,-0.74805,0.66217,0.04077,-829.7225,36.429527
-1566352490996,1944543,1944546,0.01373,0.04126,-0.74811,0.66217,0.04077,-828.5445,36.379032
-1566352490989,1944551,1944553,0.01373,0.04132,-0.74817,0.66211,0.04083,-827.2958,36.404915
-1566352490983,1944551,1944559,0.01373,0.04132,-0.74817,0.66205,0.04083,-827.22095,36.406284
-1566352490974,1944560,1944568,0.01373,0.04138,-0.74823,0.66199,0.04083,-825.97687,36.43213
-1566352490973,1944569,1944569,0.01373,0.04138,-0.74829,0.66199,0.04083,-824.80896,36.381832
-1566352490967,1944575,1944575,0.01373,0.04138,-0.74829,0.66193,0.04083,-824.73425,36.383198
-1566352490960,1944575,1944582,0.01373,0.04138,-0.74835,0.66187,0.04083,-823.4954,36.334423
-1566352490954,1944586,1944588,0.01373,0.04138,-0.74835,0.66187,0.04089,-823.4954,36.334423
-1566352490951,1944586,1944591,0.01373,0.04138,-0.74847,0.66174,0.04089,-821.01715,36.237556
-1566352490945,1944591,1944597,0.01373,0.04138,-0.74847,0.66174,0.04089,-821.01715,36.237556
-1566352490941,1944600,1944601,0.01373,0.04138,-0.74847,0.66168,0.04089,-820.94275,36.23892
-1566352490934,1944606,1944608,0.01373,0.04138,-0.74854,0.66168,0.04089,-819.5983,36.180973
-1566352490929,1944606,1944613,0.01373,0.04138,-0.74854,0.66162,0.04095,-819.5241,36.18234
-1566352490922,1944618,1944620,0.01373,0.04138,-0.74854,0.66162,0.04095,-819.5241,36.18234
-1566352490918,1944618,1944624,0.01373,0.04138,-0.74860,0.66162,0.04095,-818.37396,36.132763
-1566352490913,1944627,1944629,0.01373,0.04138,-0.74860,0.66156,0.04095,-818.29974,36.134125
-1566352490908,1944634,1944634,0.01367,0.04138,-0.74860,0.66156,0.04095,-818.3182,36.200634
-1566352490899,1944634,1944643,0.01367,0.04132,-0.74866,0.66156,0.04102,-817.17004,36.077072
-1566352490892,1944645,1944650,0.01367,0.04132,-0.74866,0.66150,0.04102,-817.09607,36.078426
-1566352490889,1944652,1944653,0.01367,0.04132,-0.74866,0.66150,0.04102,-817.09607,36.078426
-1566352490883,1944652,1944659,0.01367,0.04132,-0.74872,0.66150,0.04102,-815.9544,36.02921
-1566352490878,1944659,1944664,0.01367,0.04126,-0.74872,0.66150,0.04102,-815.95306,35.955288
-1566352490872,1944669,1944670,0.01367,0.04126,-0.74872,0.66150,0.04102,-815.95306,35.955288
-1566352490867,1944669,1944675,0.01367,0.04120,-0.74872,0.66144,0.04108,-815.87775,35.88271
-1566352490857,1944685,1944685,0.01367,0.04120,-0.74872,0.66144,0.04108,-815.87775,35.88271
-1566352490855,1944685,1944687,0.01367,0.04114,-0.74872,0.66144,0.04108,-815.87646,35.808784
-1566352490850,1944691,1944692,0.01367,0.04114,-0.74878,0.66144,0.04108,-814.7366,35.759956
-1566352490845,1944691,1944697,0.01367,0.04114,-0.74878,0.66144,0.04108,-814.7366,35.759956
-1566352490840,1944700,1944702,0.01373,0.04114,-0.74878,0.66144,0.04108,-814.7183,35.693768
-1566352490834,1944700,1944708,0.01373,0.04114,-0.74878,0.66138,0.04114,-814.6445,35.69512
-1566352490824,1944710,1944718,0.01373,0.04108,-0.74878,0.66138,0.04114,-814.6432,35.6213
-1566352490823,1944710,1944719,0.01373,0.04108,-0.74878,0.66138,0.04114,-814.6432,35.6213
-1566352490818,1944719,1944724,0.01373,0.04108,-0.74884,0.66138,0.04114,-813.50775,35.57285
-1566352490810,1944725,1944732,0.01373,0.04108,-0.74884,0.66138,0.04114,-813.50775,35.57285
-1566352490807,1944725,1944735,0.01367,0.04102,-0.74884,0.66132,0.04120,-813.4508,35.56655
-1566352490799,1944742,1944743,0.01367,0.04102,-0.74890,0.66132,0.04120,-812.318,35.51821
-1566352490796,1944742,1944746,0.01367,0.04102,-0.74890,0.66132,0.04120,-812.318,35.51821
-1566352490791,1944751,1944751,0.01367,0.04102,-0.74890,0.66125,0.04120,-812.2321,35.51978
-1566352490784,1944751,1944758,0.01367,0.04102,-0.74890,0.66125,0.04120,-812.2321,35.51978
-1566352490779,1944760,1944763,0.01361,0.04102,-0.74896,0.66125,0.04120,-811.12006,35.53742
-1566352490772,1944770,1944770,0.01361,0.04108,-0.74896,0.66119,0.04126,-811.04785,35.612274
-1566352490768,1944770,1944774,0.01361,0.04108,-0.74896,0.66119,0.04126,-811.04785,35.612274
-1566352490756,1944774,1944786,0.01361,0.04108,-0.74896,0.66119,0.04126,-811.04785,35.612274
-1566352490755,1944786,1944787,0.01367,0.04108,-0.74902,0.66113,0.04126,-809.8319,35.49965
-1566352490752,1944786,1944790,0.01373,0.04108,-0.74902,0.66113,0.04126,-809.81384,35.43388
-1566352490745,1944793,1944797,0.01379,0.04108,-0.74902,0.66113,0.04132,-809.7966,35.368156
-1566352490739,1944803,1944803,0.01385,0.04108,-0.74902,0.66113,0.04132,-809.7785,35.302395
-1566352490734,1944803,1944808,0.01385,0.04108,-0.74902,0.66113,0.04132,-809.7785,35.302395
-1566352490726,1944810,1944816,0.01392,0.04108,-0.74902,0.66113,0.04132,-809.7572,35.225674
-1566352490722,1944810,1944820,0.01398,0.04108,-0.74902,0.66113,0.04132,-809.7392,35.159924
-1566352490718,1944820,1944824,0.01404,0.04114,-0.74902,0.66107,0.04132,-809.6491,35.168957
-1566352490711,1944826,1944831,0.01410,0.04114,-0.74902,0.66107,0.04138,-809.63104,35.103214
-1566352490707,1944835,1944835,0.01422,0.04120,-0.74908,0.66107,0.04138,-808.47284,34.99774
-1566352490700,1944835,1944842,0.01422,0.04120,-0.74908,0.66101,0.04138,-808.3996,34.99913
-1566352490695,1944843,1944847,0.01428,0.04126,-0.74915,0.66101,0.04138,-807.0778,34.95171
-1566352490689,1944853,1944853,0.01434,0.04126,-0.74915,0.66095,0.04138,-806.9859,34.88757
-1566352490684,1944853,1944858,0.01440,0.04132,-0.74915,0.66095,0.04144,-806.9687,34.895203
-1566352490675,1944859,1944867,0.01447,0.04132,-0.74921,0.66089,0.04144,-805.7592,34.77332
-1566352490674,1944868,1944868,0.01453,0.04132,-0.74927,0.66083,0.04144,-804.55597,34.662666
-1566352490667,1944868,1944875,0.01459,0.04132,-0.74927,0.66083,0.04144,-804.5374,34.597347
-1566352490661,1944879,1944881,0.01471,0.04126,-0.74939,0.66071,0.04144,-802.13995,34.30452
-1566352490656,1944879,1944886,0.01477,0.04126,-0.74945,0.66064,0.04150,-800.9338,34.19527
-1566352490650,1944887,1944892,0.01477,0.04120,-0.74951,0.66058,0.04150,-799.76215,34.078552
-1566352490645,1944895,1944897,0.01483,0.04114,-0.74957,0.66046,0.04150,-798.50183,33.89874
-1566352490639,1944903,1944903,0.01489,0.04114,-0.74963,0.66040,0.04150,-797.3197,33.790417
-1566352490633,1944903,1944909,0.01489,0.04108,-0.74969,0.66034,0.04150,-796.157,33.67471
-1566352490628,1944910,1944914,0.01495,0.04108,-0.74976,0.66028,0.04150,-794.8008,33.559624
-1566352490622,1944919,1944920,0.01495,0.04102,-0.74982,0.66022,0.04156,-793.6447,33.444572
-1566352490617,1944919,1944925,0.01501,0.04095,-0.74994,0.66003,0.04156,-791.24316,33.21288
-1566352490610,1944926,1944932,0.01501,0.04095,-0.75000,0.65997,0.04156,-790.09924,33.170586
-1566352490601,1944937,1944941,0.01501,0.04095,-0.75012,0.65991,0.04156,-787.8927,33.08491
-1566352490599,1944937,1944943,0.01501,0.04095,-0.75018,0.65979,0.04156,-786.6862,33.04437
-1566352490593,1944944,1944949,0.01501,0.04095,-0.75024,0.65973,0.04156,-785.55536,33.00255
-1566352490588,1944952,1944954,0.01501,0.04095,-0.75024,0.65967,0.04163,-785.484,33.003975
-1566352490581,1944952,1944961,0.01501,0.04095,-0.75031,0.65967,0.04163,-784.25146,32.953655
-1566352490577,1944965,1944965,0.01501,0.04102,-0.75037,0.65961,0.04163,-783.12836,32.99507
-1566352490571,1944965,1944971,0.01501,0.04108,-0.75043,0.65948,0.04163,-781.9261,33.026222
-1566352490566,1944974,1944976,0.01501,0.04114,-0.75049,0.65942,0.04163,-780.8085,33.05558
-1566352490559,1944981,1944983,0.01501,0.04114,-0.75049,0.65942,0.04169,-780.8085,33.05558
-1566352490554,1944981,1944988,0.01501,0.04120,-0.75055,0.65936,0.04169,-779.6954,33.084923
-1566352490547,1944989,1944995,0.01501,0.04126,-0.75055,0.65936,0.04169,-779.6968,33.155785
-1566352490543,1944997,1944999,0.01501,0.04132,-0.75061,0.65930,0.04169,-778.5863,33.18494
-1566352490537,1945005,1945005,0.01501,0.04138,-0.75061,0.65930,0.04169,-778.58777,33.255707
-1566352490530,1945005,1945012,0.01508,0.04144,-0.75061,0.65924,0.04169,-778.4973,33.254284
-1566352490527,1945015,1945015,0.01508,0.04150,-0.75061,0.65924,0.04175,-778.4988,33.325047
-1566352490522,1945019,1945020,0.01514,0.04169,-0.75067,0.65924,0.04175,-777.44586,33.442593
-1566352490515,1945019,1945027,0.01514,0.04175,-0.75067,0.65918,0.04175,-777.3766,33.514683
-1566352490511,1945027,1945031,0.01520,0.04187,-0.75067,0.65918,0.04175,-777.36163,33.593025
-1566352490505,1945034,1945037,0.01520,0.04193,-0.75067,0.65918,0.04175,-777.3631,33.663692
-1566352490499,1945034,1945043,0.01526,0.04205,-0.75067,0.65918,0.04181,-777.3473,33.74199
-1566352490493,1945047,1945049,0.01532,0.04218,-0.75067,0.65918,0.04181,-777.33185,33.832066
-1566352490488,1945047,1945054,0.01532,0.04224,-0.75067,0.65918,0.04181,-777.3333,33.902733
-1566352490479,1945055,1945063,0.01532,0.04236,-0.75061,0.65918,0.04181,-778.3747,34.088264
-1566352490475,1945065,1945067,0.01538,0.04254,-0.75061,0.65918,0.04181,-778.3605,34.2374
-1566352490471,1945065,1945071,0.01544,0.04285,-0.75061,0.65918,0.04187,-778.3494,34.539825
-1566352490465,1945072,1945077,0.01544,0.04303,-0.75061,0.65918,0.04187,-778.35376,34.75208
-1566352490459,1945080,1945083,0.01550,0.04321,-0.75061,0.65918,0.04187,-778.3396,34.901188
-1566352490455,1945080,1945087,0.01550,0.04346,-0.75061,0.65912,0.04187,-778.27496,35.19745
-1566352490445,1945096,1945097,0.01550,0.04364,-0.75061,0.65912,0.04187,-778.2793,35.409695
-1566352490443,1945096,1945099,0.01550,0.04395,-0.75061,0.65912,0.04187,-778.28687,35.77524
-1566352490438,1945102,1945104,0.01556,0.04419,-0.75061,0.65912,0.04193,-778.27423,35.99507
-1566352490432,1945102,1945110,0.01556,0.04449,-0.75061,0.65912,0.04193,-778.2816,36.348812
-1566352490428,1945111,1945114,0.01556,0.04517,-0.75061,0.65906,0.04193,-778.2275,37.152096
-1566352490421,1945119,1945121,0.01563,0.04547,-0.75061,0.65906,0.04193,-778.2128,37.432064
-1566352490415,1945119,1945127,0.01563,0.04584,-0.75061,0.65900,0.04193,-778.1512,37.869804
-1566352490408,1945133,1945134,0.01563,0.04626,-0.75061,0.65894,0.04199,-778.0908,38.366497
-1566352490403,1945133,1945139,0.01569,0.04657,-0.75061,0.65894,0.04199,-778.0802,38.668793
-1566352490399,1945141,1945143,0.01569,0.04700,-0.75061,0.65894,0.04199,-778.09076,39.175785
-1566352490392,1945141,1945150,0.01569,0.04742,-0.75061,0.65887,0.04199,-778.01855,39.672718
-1566352490387,1945153,1945155,0.01575,0.04785,-0.75061,0.65881,0.04199,-777.93964,40.117905
-1566352490382,1945153,1945160,0.01581,0.04883,-0.75061,0.65875,0.04205,-777.8744,41.211517
-1566352490376,1945153,1945166,0.01587,0.04932,-0.75061,0.65869,0.04205,-777.7979,41.727432
-1566352490371,1945171,1945171,0.01593,0.04987,-0.75061,0.65869,0.04205,-777.79297,42.312508
-1566352490364,1945171,1945178,0.01593,0.05035,-0.75061,0.65863,0.04205,-777.7343,42.87989
-1566352490359,1945171,1945183,0.01599,0.05084,-0.75061,0.65857,0.04205,-777.65656,43.395664
-1566352490352,1945190,1945190,0.01605,0.05139,-0.75067,0.65851,0.04205,-776.54425,43.924862
-1566352490348,1945190,1945194,0.01611,0.05194,-0.75067,0.65845,0.04211,-776.46906,44.510586
-1566352490342,1945196,1945200,0.01617,0.05249,-0.75067,0.65839,0.04211,-776.3933,45.09624
-1566352490336,1945196,1945206,0.01624,0.05292,-0.75067,0.65833,0.04211,-776.3118,45.53008
-1566352490332,1945209,1945210,0.01636,0.05396,-0.75073,0.65814,0.04211,-775.0457,46.57184
-1566352490325,1945217,1945217,0.01642,0.05444,-0.75079,0.65808,0.04211,-773.9384,47.013123
-1566352490319,1945217,1945223,0.01648,0.05487,-0.75085,0.65802,0.04218,-772.8317,47.394543
-1566352490310,1945225,1945232,0.01654,0.05530,-0.75085,0.65796,0.04218,-772.7539,47.837086
-1566352490308,1945225,1945234,0.01666,0.05573,-0.75092,0.65784,0.04218,-771.393,48.145123
-1566352490301,1945235,1945241,0.01672,0.05603,-0.75092,0.65778,0.04218,-771.31213,48.434803
-1566352490297,1945242,1945245,0.01678,0.05640,-0.75098,0.65765,0.04218,-770.1303,48.74499
-1566352490292,1945250,1945250,0.01691,0.05676,-0.75104,0.65759,0.04218,-769.0124,48.96762
-1566352490286,1945254,1945256,0.01709,0.05731,-0.75116,0.65741,0.04224,-766.73315,49.298206
-1566352490280,1945254,1945262,0.01715,0.05756,-0.75122,0.65729,0.04224,-765.57336,49.465984
-1566352490274,1945262,1945268,0.01727,0.05780,-0.75128,0.65723,0.04224,-764.4664,49.55758
-1566352490270,1945272,1945272,0.01733,0.05804,-0.75134,0.65710,0.04224,-763.3006,49.713276
-1566352490263,1945272,1945279,0.01740,0.05823,-0.75140,0.65704,0.04224,-762.2146,49.798447
-1566352490259,1945279,1945283,0.01746,0.05847,-0.75146,0.65692,0.04230,-761.0657,49.95313
-1566352490253,1945286,1945289,0.01758,0.05872,-0.75159,0.65680,0.04230,-758.74634,49.982414
-1566352490247,1945286,1945295,0.01758,0.05896,-0.75165,0.65668,0.04230,-757.6269,50.198307
-1566352490242,1945299,1945300,0.01770,0.05933,-0.75177,0.65649,0.04230,-755.4125,50.37712
-1566352490235,1945299,1945307,0.01770,0.05951,-0.75183,0.65643,0.04230,-754.3702,50.52134
-1566352490230,1945307,1945312,0.01776,0.05969,-0.75189,0.65631,0.04236,-753.2415,50.605076
-1566352490224,1945316,1945318,0.01776,0.05981,-0.75195,0.65625,0.04236,-752.2014,50.679897
-1566352490219,1945322,1945323,0.01776,0.06000,-0.75201,0.65613,0.04236,-751.09894,50.83618
-1566352490213,1945322,1945329,0.01776,0.06012,-0.75208,0.65607,0.04236,-749.9037,50.89985
-1566352490208,1945332,1945334,0.01776,0.06024,-0.75214,0.65601,0.04236,-748.8739,50.974087
-1566352490202,1945339,1945340,0.01770,0.06036,-0.75220,0.65594,0.04236,-747.85315,51.10952
-1566352490197,1945339,1945345,0.01764,0.06049,-0.75232,0.65582,0.04242,-745.8206,51.192944
-1566352490190,1945346,1945352,0.01764,0.06061,-0.75232,0.65576,0.04242,-745.7557,51.330715
-1566352490185,1945356,1945357,0.01758,0.06067,-0.75238,0.65570,0.04242,-744.75275,51.396885
-1566352490180,1945356,1945362,0.01752,0.06073,-0.75238,0.65564,0.04242,-744.7043,51.52736
-1566352490174,1945363,1945368,0.01746,0.06073,-0.75244,0.65564,0.04242,-743.7703,51.52368
-1566352490169,1945370,1945373,0.01740,0.06079,-0.75244,0.65558,0.04242,-743.7225,51.654015
-1566352490163,1945370,1945379,0.01733,0.06079,-0.75244,0.65558,0.04248,-743.74274,51.724915
-1566352490158,1945383,1945384,0.01727,0.06085,-0.75244,0.65558,0.04248,-743.7622,51.853653
-1566352490154,1945383,1945388,0.01721,0.06085,-0.75244,0.65558,0.04248,-743.7801,51.914463
-1566352490147,1945391,1945395,0.01715,0.06085,-0.75244,0.65558,0.04248,-743.7972,51.97523
-1566352490142,1945399,1945400,0.01703,0.06085,-0.75244,0.65564,0.04248,-743.9002,52.09528
-1566352490135,1945399,1945407,0.01691,0.06085,-0.75238,0.65570,0.04254,-744.9557,52.280888
-1566352490130,1945407,1945412,0.01685,0.06085,-0.75238,0.65570,0.04254,-744.973,52.341774
-1566352490123,1945415,1945419,0.01678,0.06085,-0.75232,0.65576,0.04254,-746.0165,52.47716
-1566352490119,1945415,1945423,0.01672,0.06085,-0.75226,0.65582,0.04254,-747.05994,52.60276
-1566352490112,1945423,1945430,0.01666,0.06079,-0.75220,0.65588,0.04254,-748.10474,52.66042
-1566352490107,1945433,1945435,0.01666,0.06079,-0.75214,0.65594,0.04254,-749.1372,52.725433
-1566352490103,1945433,1945439,0.01660,0.06073,-0.75208,0.65607,0.04260,-750.267,52.78165
-1566352490097,1945439,1945445,0.01660,0.06073,-0.75201,0.65613,0.04260,-751.4668,52.85816
-1566352490092,1945447,1945450,0.01654,0.06061,-0.75183,0.65631,0.04260,-754.612,52.9793
-1566352490086,1945456,1945456,0.01654,0.06055,-0.75177,0.65643,0.04260,-755.72754,52.97476
-1566352490080,1945456,1945462,0.01654,0.06049,-0.75171,0.65649,0.04260,-756.77844,52.97181
-1566352490074,1945468,1945468,0.01654,0.06049,-0.75159,0.65662,0.04266,-758.9029,53.104046
-1566352490070,1945468,1945472,0.01654,0.06042,-0.75153,0.65674,0.04266,-760.03094,53.08816
-1566352490064,1945474,1945478,0.01654,0.06036,-0.75146,0.65680,0.04266,-761.2587,53.096695
-1566352490058,1945483,1945484,0.01654,0.06030,-0.75134,0.65692,0.04266,-763.39417,53.160686
-1566352490053,1945483,1945489,0.01654,0.06030,-0.75128,0.65704,0.04266,-764.53595,53.22608
-1566352490046,1945491,1945496,0.01654,0.06018,-0.75122,0.65710,0.04266,-765.6089,53.153713
-1566352490042,1945500,1945500,0.01660,0.06006,-0.75104,0.65735,0.04272,-768.91406,53.150856
-1566352490036,1945500,1945506,0.01666,0.06000,-0.75098,0.65741,0.04272,-769.98047,53.085003
-1566352490030,1945506,1945512,0.01666,0.05988,-0.75085,0.65753,0.04272,-772.33124,53.090816
-1566352490023,1945518,1945519,0.01672,0.05981,-0.75079,0.65759,0.04272,-773.40875,53.01301
-1566352490018,1945523,1945524,0.01678,0.05969,-0.75073,0.65765,0.04272,-774.4866,52.876114
-1566352490014,1945523,1945528,0.01685,0.05963,-0.75067,0.65778,0.04272,-775.6472,52.79698
-1566352490007,1945530,1945535,0.01685,0.05951,-0.75061,0.65784,0.04279,-776.7502,52.72307
-1566352490001,1945540,1945541,0.01691,0.05945,-0.75061,0.65790,0.04279,-776.8002,52.587143
-1566352489996,1945540,1945546,0.01703,0.05933,-0.75049,0.65802,0.04279,-778.9773,52.452305
-1566352489991,1945551,1945551,0.01703,0.05927,-0.75043,0.65808,0.04279,-780.0911,52.448612
-1566352489986,1945551,1945556,0.01709,0.05920,-0.75043,0.65808,0.04279,-780.06995,52.301888
-1566352489979,1945559,1945563,0.01715,0.05914,-0.75037,0.65814,0.04285,-781.1653,52.233852
-1566352489974,1945567,1945568,0.01715,0.05908,-0.75037,0.65814,0.04285,-781.1637,52.16279
-1566352489969,1945567,1945573,0.01721,0.05902,-0.75031,0.65820,0.04285,-782.2634,52.09455
-1566352489963,1945574,1945579,0.01721,0.05902,-0.75031,0.65820,0.04285,-782.2634,52.09455
-1566352489958,1945583,1945584,0.01727,0.05902,-0.75031,0.65820,0.04285,-782.2432,52.030403
-1566352489952,1945583,1945590,0.01727,0.05902,-0.75031,0.65826,0.04285,-782.31433,52.028763
-1566352489948,1945591,1945594,0.01733,0.05908,-0.75031,0.65826,0.04291,-782.2958,52.03579
-1566352489941,1945599,1945601,0.01733,0.05914,-0.75031,0.65826,0.04291,-782.2974,52.106945
-1566352489935,1945606,1945607,0.01733,0.05920,-0.75031,0.65820,0.04291,-782.228,52.179745
-1566352489929,1945606,1945613,0.01733,0.05927,-0.75031,0.65820,0.04291,-782.2299,52.262756
-1566352489924,1945616,1945618,0.01733,0.05933,-0.75031,0.65820,0.04291,-782.2315,52.33392
-1566352489918,1945622,1945624,0.01733,0.05945,-0.75031,0.65814,0.04291,-782.16364,52.47788
-1566352489912,1945622,1945630,0.01733,0.05957,-0.75037,0.65814,0.04297,-781.11743,52.551044
-1566352489907,1945635,1945635,0.01733,0.05963,-0.75037,0.65808,0.04297,-781.04803,52.623745
-1566352489901,1945635,1945641,0.01727,0.05981,-0.75043,0.65802,0.04297,-779.9562,52.833237
-1566352489896,1945643,1945646,0.01727,0.05988,-0.75043,0.65796,0.04297,-779.8871,52.917667
-1566352489888,1945643,1945654,0.01727,0.06000,-0.75049,0.65796,0.04297,-778.8462,52.99
-1566352489885,1945654,1945657,0.01727,0.06006,-0.75049,0.65790,0.04303,-778.7769,53.06251
-1566352489879,1945659,1945663,0.01727,0.06018,-0.75055,0.65784,0.04303,-777.6698,53.1363
-1566352489874,1945666,1945668,0.01727,0.06024,-0.75055,0.65784,0.04303,-777.6714,53.20708
-1566352489868,1945666,1945674,0.01721,0.06036,-0.75061,0.65778,0.04303,-776.58636,53.34424
-1566352489861,1945675,1945681,0.01721,0.06049,-0.75061,0.65771,0.04303,-776.50745,53.499283
-1566352489857,1945685,1945685,0.01709,0.06079,-0.75067,0.65765,0.04309,-775.44855,53.911167
-1566352489852,1945685,1945690,0.01709,0.06091,-0.75067,0.65765,0.04309,-775.4518,54.052364
-1566352489845,1945691,1945697,0.01703,0.06104,-0.75067,0.65759,0.04309,-775.40344,54.270496
-1566352489841,1945701,1945701,0.01697,0.06116,-0.75073,0.65759,0.04309,-774.39484,54.404266
-1566352489834,1945706,1945708,0.01691,0.06128,-0.75073,0.65759,0.04309,-774.4176,54.60884
-1566352489830,1945706,1945712,0.01691,0.06140,-0.75067,0.65759,0.04309,-775.45154,54.821335
-1566352489824,1945706,1945718,0.01685,0.06146,-0.75067,0.65759,0.04309,-775.472,54.955532
-1566352489819,1945719,1945723,0.01678,0.06152,-0.75067,0.65759,0.04315,-775.49506,55.100307
-1566352489814,1945727,1945728,0.01678,0.06158,-0.75067,0.65759,0.04315,-775.4967,55.170925
-1566352489808,1945727,1945734,0.01678,0.06165,-0.75061,0.65759,0.04315,-776.5338,55.325672
-1566352489802,1945735,1945740,0.01672,0.06165,-0.75055,0.65771,0.04315,-777.7319,55.458828
-1566352489797,1945742,1945745,0.01672,0.06158,-0.75055,0.65778,0.04315,-777.81256,55.374382
-1566352489791,1945751,1945751,0.01672,0.06152,-0.75049,0.65784,0.04321,-778.92206,55.374565
-1566352489785,1945751,1945757,0.01672,0.06146,-0.75043,0.65790,0.04321,-780.0359,55.37485
-1566352489779,1945759,1945763,0.01672,0.06134,-0.75037,0.65796,0.04321,-781.1501,55.30397
-1566352489774,1945768,1945768,0.01666,0.06122,-0.75031,0.65802,0.04321,-782.2865,55.297104
-1566352489768,1945768,1945774,0.01666,0.06104,-0.75024,0.65814,0.04321,-783.6527,55.16525
-1566352489763,1945775,1945779,0.01666,0.06091,-0.75018,0.65820,0.04321,-784.7768,55.081917
-1566352489757,1945783,1945785,0.01660,0.06055,-0.75006,0.65839,0.04327,-787.1348,54.858067
-1566352489749,1945792,1945793,0.01660,0.06036,-0.75000,0.65851,0.04327,-788.33954,54.700806
-1566352489744,1945792,1945798,0.01660,0.06018,-0.74988,0.65857,0.04327,-790.54663,54.629257
-1566352489740,1945792,1945802,0.01654,0.05994,-0.74982,0.65869,0.04327,-791.7785,54.47599
-1566352489734,1945803,1945808,0.01654,0.05963,-0.74976,0.65881,0.04327,-792.9936,54.173256
-1566352489728,1945811,1945814,0.01660,0.05933,-0.74969,0.65894,0.04327,-794.3838,53.828217
-1566352489723,1945818,1945819,0.01660,0.05890,-0.74963,0.65906,0.04333,-795.6025,53.379097
-1566352489717,1945818,1945825,0.01666,0.05847,-0.74957,0.65918,0.04333,-796.80273,52.863277
-1566352489712,1945828,1945830,0.01678,0.05743,-0.74945,0.65936,0.04333,-799.1374,51.611412
-1566352489706,1945828,1945836,0.01691,0.05682,-0.74939,0.65948,0.04333,-800.3203,50.796635
-1566352489701,1945837,1945841,0.01703,0.05615,-0.74933,0.65961,0.04333,-801.51825,49.91744
-1566352489695,1945842,1945847,0.01715,0.05542,-0.74927,0.65973,0.04340,-802.7049,48.963257
-1566352489690,1945851,1945852,0.01733,0.05463,-0.74921,0.65985,0.04340,-803.87134,47.867714
-1566352489683,1945851,1945859,0.01746,0.05396,-0.74915,0.65991,0.04340,-804.9878,46.971924
-1566352489680,1945860,1945862,0.01764,0.05316,-0.74915,0.66003,0.04340,-805.044,45.79672
-1566352489673,1945860,1945869,0.01788,0.05231,-0.74908,0.66016,0.04340,-806.3855,44.564545
-1566352489667,1945869,1945875,0.01807,0.05151,-0.74902,0.66028,0.04340,-807.55273,43.435253
-1566352489663,1945878,1945879,0.01831,0.05072,-0.74902,0.66034,0.04346,-807.5073,42.204773
-1566352489656,1945878,1945886,0.01874,0.04895,-0.74896,0.66052,0.04346,-808.6178,39.619095
-1566352489650,1945888,1945892,0.01898,0.04810,-0.74896,0.66058,0.04346,-808.5645,38.314278
-1566352489645,1945896,1945897,0.01923,0.04718,-0.74896,0.66064,0.04346,-808.50275,36.913227
-1566352489640,1945896,1945902,0.01947,0.04633,-0.74896,0.66077,0.04352,-808.53046,35.606747
-1566352489633,1945903,1945909,0.01978,0.04535,-0.74890,0.66083,0.04352,-809.557,34.112602
-1566352489629,1945903,1945913,0.02014,0.04425,-0.74896,0.66083,0.04352,-808.2365,32.328327
-1566352489624,1945914,1945918,0.02039,0.04333,-0.74896,0.66089,0.04352,-808.16364,30.92873
-1566352489618,1945921,1945924,0.02075,0.04218,-0.74896,0.66095,0.04352,-808.0279,29.128128
-1566352489611,1945927,1945931,0.02142,0.03998,-0.74902,0.66101,0.04358,-806.5831,25.67417
-1566352489606,1945927,1945936,0.02179,0.03888,-0.74908,0.66101,0.04358,-805.2458,23.899118
-1566352489601,1945939,1945941,0.02216,0.03784,-0.74915,0.66101,0.04358,-803.72644,22.197935
-1566352489594,1945948,1945948,0.02252,0.03668,-0.74915,0.66095,0.04358,-803.42377,20.401165
-1566352489588,1945952,1945954,0.02283,0.03558,-0.74921,0.66095,0.04358,-802.11597,18.706352
-1566352489584,1945952,1945958,0.02319,0.03442,-0.74933,0.66095,0.04358,-799.6816,16.869211
-1566352489577,1945961,1945965,0.02356,0.03326,-0.74939,0.66089,0.04364,-798.2688,15.053221
-1566352489573,1945961,1945969,0.02393,0.03192,-0.74945,0.66083,0.04364,-796.8497,13.026578
-1566352489566,1945971,1945976,0.02466,0.02942,-0.74969,0.66071,0.04364,-791.8711,9.19936
-1566352489557,1945971,1945985,0.02496,0.02826,-0.74982,0.66058,0.04364,-789.1766,7.4806824
-1566352489555,1945987,1945987,0.02533,0.02686,-0.74994,0.66052,0.04370,-786.70624,5.4121027
-1566352489551,1945987,1945991,0.02570,0.02551,-0.75006,0.66040,0.04370,-784.17554,3.417761
-1566352489540,1945997,1946002,0.02600,0.02423,-0.75018,0.66028,0.04370,-781.7017,1.5912443
-1566352489538,1945997,1946004,0.02631,0.02289,-0.75031,0.66016,0.04370,-779.0576,-0.3050936
-1566352489534,1946005,1946008,0.02667,0.02155,-0.75043,0.66003,0.04370,-776.5563,-2.2413316
-1566352489528,1946012,1946014,0.02704,0.02002,-0.75061,0.65991,0.04370,-773.0371,-4.3911257
-1566352489522,1946012,1946020,0.02734,0.01862,-0.75073,0.65973,0.04376,-770.53973,-6.307491
-1566352489516,1946020,1946026,0.02802,0.01581,-0.75110,0.65942,0.04376,-763.4143,-10.166968
-1566352489509,1946020,1946033,0.02826,0.01453,-0.75122,0.65924,0.04376,-761.0073,-11.84536
-1566352489505,1946034,1946037,0.02856,0.01318,-0.75140,0.65912,0.04376,-757.6536,-13.637017
-1566352489499,1946040,1946043,0.02887,0.01196,-0.75159,0.65894,0.04382,-754.0941,-15.268459
-1566352489492,1946044,1946050,0.02917,0.01068,-0.75171,0.65875,0.04382,-751.6824,-16.971582
-1566352489489,1946044,1946053,0.02948,0.00934,-0.75189,0.65857,0.04382,-748.3237,-18.716856
-1566352489484,1946055,1946058,0.02972,0.00812,-0.75208,0.65833,0.04382,-744.814,-20.236292
-1566352489478,1946063,1946064,0.02997,0.00702,-0.75226,0.65820,0.04382,-741.613,-21.626995
-1566352489473,1946063,1946069,0.03046,0.00470,-0.75256,0.65778,0.04382,-736.03357,-24.524853
-1566352489466,1946073,1946076,0.03070,0.00360,-0.75275,0.65759,0.04388,-732.68445,-25.864769
-1566352489461,1946073,1946081,0.03088,0.00250,-0.75287,0.65741,0.04388,-730.47736,-27.179436
-1566352489456,1946084,1946086,0.03107,0.00140,-0.75305,0.65723,0.04395,-727.366,-28.458405
-1566352489450,1946088,1946092,0.03125,0.00043,-0.75317,0.65704,0.04395,-725.18207,-29.613344
-1566352489444,1946097,1946098,0.03137,-0.00061,-0.75336,0.65686,0.04395,-722.0114,-30.736334
-1566352489439,1946097,1946103,0.03156,-0.00159,-0.75348,0.65668,0.04395,-719.85736,-31.897896
-1566352489434,1946103,1946108,0.03168,-0.00269,-0.75360,0.65656,0.04395,-717.82227,-33.12267
-1566352489426,1946110,1946116,0.03174,-0.00360,-0.75372,0.65637,0.04395,-715.7681,-34.075455
-1566352489421,1946110,1946121,0.03186,-0.00549,-0.75397,0.65613,0.04401,-711.69525,-36.041294
-1566352489417,1946122,1946125,0.03192,-0.00647,-0.75403,0.65601,0.04401,-710.6124,-37.10604
-1566352489412,1946127,1946130,0.03198,-0.00732,-0.75409,0.65594,0.04401,-709.59125,-38.029587
-1566352489405,1946127,1946137,0.03204,-0.00830,-0.75415,0.65588,0.04401,-708.5781,-39.09178
-1566352489399,1946143,1946143,0.03204,-0.00916,-0.75421,0.65582,0.04401,-707.61194,-39.967552
-1566352489390,1946150,1946152,0.03210,-0.01007,-0.75421,0.65576,0.04407,-707.46594,-41.001328
-1566352489388,1946150,1946154,0.03217,-0.01105,-0.75421,0.65570,0.04407,-707.30914,-42.119503
-1566352489384,1946156,1946158,0.03223,-0.01190,-0.75421,0.65570,0.04407,-707.22986,-43.09099
-1566352489377,1946162,1946165,0.03229,-0.01282,-0.75421,0.65570,0.04407,-707.14703,-44.137913
-1566352489371,1946162,1946171,0.03253,-0.01459,-0.75415,0.65570,0.04407,-707.7635,-46.322056
-1566352489365,1946172,1946177,0.03259,-0.01544,-0.75415,0.65570,0.04413,-707.6833,-47.294167
-1566352489359,1946180,1946183,0.03271,-0.01630,-0.75409,0.65576,0.04413,-708.4866,-48.39466
-1566352489354,1946180,1946188,0.03284,-0.01715,-0.75403,0.65576,0.04413,-709.2213,-49.493
-1566352489348,1946189,1946194,0.03296,-0.01813,-0.75397,0.65582,0.04413,-710.0222,-50.728523
-1566352489338,1946189,1946204,0.03314,-0.01904,-0.75391,0.65588,0.04413,-710.78534,-51.944515
-1566352489337,1946205,1946205,0.03345,-0.02094,-0.75378,0.65594,0.04419,-712.4258,-54.435196
-1566352489331,1946205,1946211,0.03357,-0.02185,-0.75366,0.65601,0.04419,-714.1218,-55.677017
-1566352489325,1946212,1946217,0.03369,-0.02277,-0.75360,0.65607,0.04419,-714.93414,-56.862637
-1566352489319,1946212,1946223,0.03387,-0.02362,-0.75354,0.65613,0.04419,-715.7062,-58.02803
-1566352489314,1946224,1946228,0.03400,-0.02460,-0.75342,0.65619,0.04419,-717.39404,-59.369167
-1566352489306,1946230,1946236,0.03418,-0.02557,-0.75336,0.65625,0.04419,-718.16364,-60.672783
-1566352489303,1946230,1946239,0.03430,-0.02655,-0.75323,0.65631,0.04425,-720.0178,-62.02908
-1566352489296,1946239,1946246,0.03467,-0.02838,-0.75305,0.65649,0.04425,-722.52484,-64.627945
-1566352489291,1946249,1946251,0.03485,-0.02930,-0.75293,0.65656,0.04425,-724.2167,-65.97654
-1566352489285,1946257,1946257,0.03503,-0.03003,-0.75281,0.65662,0.04425,-725.9139,-67.12041
-1566352489280,1946257,1946262,0.03528,-0.03094,-0.75275,0.65668,0.04425,-726.64233,-68.443855
-1566352489274,1946262,1946268,0.03546,-0.03168,-0.75262,0.65674,0.04431,-728.4996,-69.62335
-1566352489269,1946273,1946273,0.03564,-0.03247,-0.75250,0.65680,0.04431,-730.20966,-70.849304
-1566352489258,1946278,1946284,0.03589,-0.03333,-0.75244,0.65686,0.04431,-730.94434,-72.12841
-1566352489256,1946278,1946286,0.03607,-0.03394,-0.75232,0.65692,0.04431,-732.67346,-73.16311
-1566352489252,1946289,1946290,0.03644,-0.03522,-0.75220,0.65698,0.04437,-734.2128,-75.12409
-1566352489247,1946294,1946295,0.03668,-0.03583,-0.75208,0.65704,0.04437,-735.90295,-76.22435
-1566352489242,1946294,1946300,0.03687,-0.03638,-0.75201,0.65710,0.04437,-736.86597,-77.13308
-1566352489235,1946307,1946307,0.03705,-0.03693,-0.75195,0.65710,0.04437,-737.6148,-78.01476
-1566352489225,1946317,1946317,0.03729,-0.03741,-0.75189,0.65717,0.04437,-738.3956,-78.87727
-1566352489220,1946317,1946322,0.03741,-0.03784,-0.75183,0.65717,0.04437,-739.20575,-79.573456
-1566352489218,1946317,1946324,0.03766,-0.03821,-0.75183,0.65717,0.04437,-738.96234,-80.214745
-1566352489212,1946325,1946330,0.03778,-0.03857,-0.75177,0.65717,0.04443,-739.77545,-80.83385
-1566352489207,1946334,1946335,0.03796,-0.03888,-0.75177,0.65717,0.04443,-739.59644,-81.3449
-1566352489202,1946339,1946340,0.03809,-0.03912,-0.75177,0.65717,0.04443,-739.4653,-81.73193
-1566352489194,1946347,1946348,0.03833,-0.03955,-0.75177,0.65710,0.04443,-739.1438,-82.42729
-1566352489190,1946347,1946352,0.03839,-0.03973,-0.75183,0.65704,0.04443,-738.0721,-82.5723
-1566352489185,1946355,1946357,0.03845,-0.03986,-0.75183,0.65698,0.04449,-737.9426,-82.768715
-1566352489179,1946355,1946363,0.03851,-0.03998,-0.75189,0.65692,0.04449,-736.87573,-82.84533
-1566352489174,1946364,1946368,0.03851,-0.04010,-0.75195,0.65686,0.04449,-735.86584,-82.86851
-1566352489165,1946373,1946377,0.03851,-0.04022,-0.75201,0.65680,0.04449,-734.85986,-82.89179
-1566352489163,1946373,1946379,0.03851,-0.04047,-0.75214,0.65662,0.04449,-732.63324,-82.927925
-1566352489158,1946380,1946384,0.03845,-0.04059,-0.75226,0.65656,0.04449,-730.7666,-82.79064
-1566352489151,1946391,1946391,0.03839,-0.04071,-0.75232,0.65643,0.04456,-729.7489,-82.75717
-1566352489143,1946391,1946399,0.03827,-0.04089,-0.75238,0.65631,0.04456,-728.7941,-82.73848
-1566352489140,1946400,1946402,0.03815,-0.04102,-0.75244,0.65625,0.04456,-727.91187,-82.66772
-1566352489134,1946407,1946408,0.03802,-0.04120,-0.75256,0.65613,0.04456,-726.059,-82.53398
-1566352489128,1946407,1946414,0.03784,-0.04132,-0.75262,0.65607,0.04456,-725.2353,-82.40019
-1566352489123,1946417,1946419,0.03760,-0.04150,-0.75269,0.65594,0.04456,-724.2317,-82.25904
-1566352489116,1946425,1946426,0.03711,-0.04187,-0.75281,0.65582,0.04462,-722.6928,-82.02292
-1566352489111,1946425,1946431,0.03687,-0.04199,-0.75287,0.65576,0.04462,-721.92224,-81.837585
-1566352489106,1946431,1946436,0.03656,-0.04218,-0.75293,0.65576,0.04462,-721.2744,-81.67203
-1566352489099,1946438,1946443,0.03625,-0.04224,-0.75293,0.65570,0.04462,-721.463,-81.46411
-1566352489088,1946450,1946454,0.03589,-0.04230,-0.75299,0.65570,0.04462,-720.85895,-81.11142
-1566352489085,1946456,1946457,0.03558,-0.04236,-0.75299,0.65570,0.04468,-721.10925,-80.906166
-1566352489083,1946456,1946459,0.03516,-0.04236,-0.75305,0.65570,0.04468,-720.5524,-80.434944
-1566352489078,1946463,1946464,0.03485,-0.04236,-0.75305,0.65570,0.04468,-720.80054,-80.16289
-1566352489073,1946463,1946469,0.03442,-0.04236,-0.75299,0.65576,0.04468,-722.10626,-79.88992
-1566352489066,1946476,1946476,0.03381,-0.04242,-0.75293,0.65588,0.04468,-723.6171,-79.52568
-1566352489060,1946476,1946482,0.03357,-0.04248,-0.75287,0.65594,0.04468,-724.7716,-79.48431
-1566352489050,1946483,1946492,0.03333,-0.04266,-0.75281,0.65601,0.04474,-725.93475,-79.57641
-1566352489041,1946493,1946501,0.03314,-0.04291,-0.75275,0.65613,0.04474,-727.11365,-79.79333
-1566352489039,1946502,1946503,0.03296,-0.04315,-0.75262,0.65619,0.04474,-729.2895,-80.12592
-1566352489038,1946502,1946504,0.03278,-0.04346,-0.75256,0.65625,0.04474,-730.3983,-80.41711
-1566352489034,1946507,1946508,0.03259,-0.04382,-0.75244,0.65637,0.04474,-732.5084,-80.86364
-1566352489026,1946515,1946516,0.03241,-0.04425,-0.75238,0.65649,0.04474,-733.6876,-81.29425
-1566352489018,1946524,1946524,0.03204,-0.04498,-0.75220,0.65662,0.04480,-736.8818,-82.10521
-1566352489016,1946524,1946526,0.03186,-0.04535,-0.75214,0.65668,0.04480,-738.009,-82.469215
-1566352489010,1946524,1946532,0.03162,-0.04578,-0.75201,0.65680,0.04480,-740.3505,-82.97655
-1566352489005,1946535,1946537,0.03137,-0.04608,-0.75195,0.65686,0.04480,-741.54297,-83.200005
-1566352488996,1946542,1946546,0.03113,-0.04639,-0.75189,0.65692,0.04480,-742.7315,-83.44457
-1566352488993,1946542,1946549,0.03076,-0.04669,-0.75183,0.65698,0.04480,-744.02136,-83.559296
-1566352488988,1946550,1946554,0.03046,-0.04687,-0.75177,0.65704,0.04486,-745.2643,-83.601524
-1566352488977,1946563,1946565,0.02991,-0.04724,-0.75165,0.65723,0.04486,-747.8012,-83.74641
-1566352488972,1946563,1946570,0.02954,-0.04742,-0.75159,0.65729,0.04486,-749.104,-83.72359
-1566352488971,1946563,1946571,0.02930,-0.04761,-0.75153,0.65735,0.04486,-750.3116,-83.83217
-1566352488964,1946574,1946578,0.02905,-0.04773,-0.75140,0.65747,0.04486,-752.73895,-83.98367
-1566352488959,1946579,1946583,0.02887,-0.04785,-0.75134,0.65753,0.04492,-753.9145,-84.06813
-1566352488955,1946586,1946587,0.02869,-0.04791,-0.75128,0.65759,0.04492,-755.0942,-84.083466
-1566352488948,1946593,1946594,0.02856,-0.04803,-0.75122,0.65765,0.04492,-756.2388,-84.21484
-1566352488943,1946593,1946599,0.02844,-0.04803,-0.75116,0.65778,0.04492,-757.46387,-84.22025
-1566352488937,1946599,1946605,0.02832,-0.04803,-0.75110,0.65784,0.04492,-758.6122,-84.22265
-1566352488933,1946609,1946609,0.02826,-0.04797,-0.75098,0.65802,0.04498,-760.85706,-84.329895
-1566352488925,1946617,1946617,0.02826,-0.04779,-0.75092,0.65808,0.04498,-761.9336,-84.236595
-1566352488921,1946617,1946621,0.02820,-0.04761,-0.75085,0.65814,0.04498,-763.2245,-84.105095
-1566352488913,1946623,1946629,0.02814,-0.04730,-0.75079,0.65820,0.04498,-764.3587,-83.80312
-1566352488909,1946633,1946633,0.02814,-0.04694,-0.75079,0.65826,0.04498,-764.4442,-83.38655
-1566352488903,1946633,1946639,0.02802,-0.04645,-0.75079,0.65833,0.04498,-764.63574,-82.70516
-1566352488899,1946643,1946643,0.02795,-0.04596,-0.75073,0.65839,0.04498,-765.7878,-82.181274
-1566352488888,1946653,1946654,0.02789,-0.04535,-0.75073,0.65845,0.04504,-765.9282,-81.41538
-1566352488887,1946653,1946655,0.02771,-0.04419,-0.75067,0.65857,0.04504,-767.2614,-80.00381
-1566352488881,1946661,1946661,0.02765,-0.04370,-0.75067,0.65863,0.04504,-767.3959,-79.37667
-1566352488875,1946661,1946667,0.02759,-0.04315,-0.75067,0.65869,0.04504,-767.5335,-78.67944
-1566352488864,1946677,1946678,0.02759,-0.04272,-0.75061,0.65875,0.04504,-768.63837,-78.285545
-1566352488862,1946677,1946680,0.02759,-0.04242,-0.75061,0.65881,0.04510,-768.72156,-77.937256
-1566352488859,1946677,1946683,0.02765,-0.04218,-0.75055,0.65887,0.04510,-769.7767,-77.82194
-1566352488854,1946684,1946688,0.02771,-0.04205,-0.75049,0.65894,0.04510,-770.84174,-77.8358
-1566352488844,1946692,1946698,0.02789,-0.04205,-0.75043,0.65900,0.04510,-771.80444,-78.11756
-1566352488841,1946701,1946701,0.02820,-0.04224,-0.75031,0.65912,0.04510,-773.7619,-78.85824
-1566352488836,1946701,1946706,0.02844,-0.04248,-0.75024,0.65918,0.04510,-774.8446,-79.50077
-1566352488831,1946707,1946711,0.02869,-0.04279,-0.75018,0.65924,0.04517,-775.7449,-80.21894
-1566352488824,1946716,1946718,0.02887,-0.04303,-0.75012,0.65930,0.04517,-776.7044,-80.78863
-1566352488818,1946716,1946724,0.02905,-0.04333,-0.75006,0.65936,0.04517,-777.66064,-81.43039
-1566352488814,1946727,1946728,0.02930,-0.04364,-0.74994,0.65936,0.04517,-779.5379,-82.26312
-1566352488807,1946727,1946735,0.02948,-0.04395,-0.74988,0.65942,0.04517,-780.4983,-82.92077
-1566352488803,1946738,1946739,0.02979,-0.04443,-0.74982,0.65948,0.04523,-781.3485,-83.90764
-1566352488795,1946742,1946747,0.02997,-0.04462,-0.74976,0.65955,0.04523,-782.3307,-84.426636
-1566352488790,1946742,1946752,0.03003,-0.04474,-0.74969,0.65961,0.04523,-783.5776,-84.76619
-1566352488784,1946752,1946758,0.03009,-0.04486,-0.74963,0.65961,0.04523,-784.58215,-85.08459
-1566352488780,1946759,1946762,0.03015,-0.04492,-0.74957,0.65967,0.04523,-785.66174,-85.334816
-1566352488771,1946759,1946771,0.03015,-0.04492,-0.74957,0.65973,0.04523,-785.7334,-85.3377
-1566352488767,1946771,1946775,0.03009,-0.04486,-0.74951,0.65979,0.04523,-786.9223,-85.32878
-1566352488763,1946777,1946779,0.02991,-0.04449,-0.74939,0.65991,0.04529,-789.37177,-84.95245
-1566352488758,1946783,1946784,0.02979,-0.04419,-0.74939,0.66003,0.04529,-789.629,-84.48128
-1566352488752,1946783,1946790,0.02960,-0.04382,-0.74933,0.66010,0.04529,-790.9618,-83.971855
-1566352488745,1946792,1946797,0.02936,-0.04340,-0.74927,0.66022,0.04529,-792.4013,-83.35382
-1566352488741,1946801,1946801,0.02911,-0.04291,-0.74921,0.66028,0.04529,-793.7829,-82.63654
-1566352488735,1946801,1946807,0.02887,-0.04230,-0.74915,0.66040,0.04535,-795.23694,-81.78452
-1566352488728,1946811,1946814,0.02863,-0.04175,-0.74908,0.66052,0.04535,-796.8722,-81.02087
-1566352488724,1946811,1946818,0.02832,-0.04114,-0.74902,0.66064,0.04535,-798.38885,-80.09322
-1566352488718,1946820,1946824,0.02808,-0.04053,-0.74896,0.66077,0.04535,-799.8628,-79.23226
-1566352488713,1946826,1946829,0.02783,-0.03986,-0.74884,0.66095,0.04535,-802.51855,-78.398224
-1566352488706,1946834,1946836,0.02734,-0.03876,-0.74872,0.66119,0.04541,-805.4679,-76.794365
-1566352488700,1946834,1946842,0.02716,-0.03833,-0.74860,0.66138,0.04541,-808.0977,-76.31206
-1566352488696,1946843,1946846,0.02704,-0.03796,-0.74847,0.66150,0.04541,-810.79474,-75.97636
-1566352488690,1946852,1946852,0.02686,-0.03766,-0.74835,0.66168,0.04541,-813.4369,-75.648
-1566352488684,1946852,1946858,0.02679,-0.03748,-0.74829,0.66180,0.04541,-814.7868,-75.46787
-1566352488680,1946859,1946862,0.02673,-0.03735,-0.74817,0.66193,0.04541,-817.2889,-75.46783
-1566352488674,1946867,1946868,0.02667,-0.03729,-0.74805,0.66205,0.04541,-819.7904,-75.5542
-1566352488668,1946867,1946874,0.02667,-0.03735,-0.74792,0.66223,0.04547,-822.52167,-75.873314
-1566352488661,1946875,1946881,0.02679,-0.03754,-0.74768,0.66248,0.04547,-827.40485,-76.68793
-1566352488656,1946885,1946886,0.02692,-0.03772,-0.74756,0.66254,0.04547,-829.72546,-77.27551
-1566352488651,1946885,1946891,0.02704,-0.03790,-0.74750,0.66266,0.04547,-830.955,-77.74516
-1566352488645,1946895,1946897,0.02722,-0.03809,-0.74744,0.66272,0.04547,-832.0614,-78.28851
-1566352488639,1946895,1946903,0.02740,-0.03827,-0.74738,0.66278,0.04553,-833.1695,-78.82059
-1566352488632,1946910,1946910,0.02759,-0.03845,-0.74731,0.66284,0.04553,-834.47156,-79.38393
-1566352488629,1946910,1946913,0.02783,-0.03864,-0.74725,0.66284,0.04553,-835.4568,-79.99141
-1566352488622,1946919,1946920,0.02802,-0.03876,-0.74719,0.66290,0.04553,-836.5658,-80.462364
-1566352488618,1946919,1946924,0.02850,-0.03918,-0.74707,0.66296,0.04553,-838.61456,-81.73756
-1566352488612,1946926,1946930,0.02881,-0.03943,-0.74707,0.66296,0.04553,-838.32904,-82.378456
-1566352488607,1946934,1946935,0.02905,-0.03961,-0.74701,0.66296,0.04559,-839.31616,-82.97922
-1566352488598,1946934,1946944,0.02942,-0.03992,-0.74701,0.66302,0.04559,-839.04364,-83.76151
-1566352488595,1946945,1946947,0.02979,-0.04016,-0.74695,0.66302,0.04559,-839.90454,-84.57567
-1566352488588,1946945,1946954,0.03021,-0.04053,-0.74689,0.66302,0.04559,-840.70935,-85.60848
-1566352488585,1946956,1946957,0.03064,-0.04083,-0.74683,0.66302,0.04559,-841.5054,-86.56439
-1566352488575,1946959,1946967,0.03113,-0.04120,-0.74683,0.66302,0.04559,-841.0187,-87.54362
-1566352488573,1946969,1946969,0.03168,-0.04156,-0.74677,0.66302,0.04565,-841.68146,-88.70129
-1566352488568,1946969,1946974,0.03278,-0.04218,-0.74670,0.66302,0.04565,-841.973,-90.780624
-1566352488560,1946979,1946982,0.03326,-0.04248,-0.74664,0.66302,0.04565,-842.6854,-91.79169
-1566352488554,1946988,1946988,0.03381,-0.04272,-0.74664,0.66296,0.04565,-842.02484,-92.65831
-1566352488549,1946988,1946993,0.03430,-0.04297,-0.74664,0.66296,0.04565,-841.4953,-93.477745
-1566352488543,1946993,1946999,0.03479,-0.04321,-0.74664,0.66290,0.04572,-840.88336,-94.279205
-1566352488538,1947003,1947004,0.03522,-0.04340,-0.74670,0.66284,0.04572,-839.1211,-94.814255
-1566352488533,1947003,1947009,0.03571,-0.04370,-0.74670,0.66272,0.04572,-838.41895,-95.68374
-1566352488528,1947012,1947014,0.03613,-0.04395,-0.74677,0.66266,0.04572,-836.45825,-96.255066
-1566352488522,1947012,1947020,0.03687,-0.04437,-0.74689,0.66241,0.04572,-832.901,-97.22733
-1566352488515,1947021,1947027,0.03711,-0.04456,-0.74701,0.66229,0.04572,-830.0918,-97.41293
-1566352488510,1947028,1947032,0.03741,-0.04474,-0.74713,0.66217,0.04578,-827.2327,-97.64379
-1566352488505,1947034,1947037,0.03760,-0.04492,-0.74719,0.66199,0.04578,-825.60895,-97.903015
-1566352488500,1947034,1947042,0.03778,-0.04510,-0.74731,0.66180,0.04578,-822.82043,-98.00819
-1566352488490,1947042,1947052,0.03790,-0.04523,-0.74750,0.66162,0.04578,-818.78235,-97.82729
-1566352488488,1947053,1947054,0.03802,-0.04535,-0.74762,0.66144,0.04578,-816.11786,-97.799545
-1566352488483,1947053,1947059,0.03809,-0.04553,-0.74792,0.66113,0.04584,-809.9566,-97.370125
-1566352488477,1947062,1947065,0.03809,-0.04559,-0.74811,0.66089,0.04584,-806.0977,-96.98992
-1566352488470,1947070,1947072,0.03809,-0.04559,-0.74835,0.66064,0.04584,-801.3412,-96.4255
-1566352488464,1947070,1947078,0.03809,-0.04565,-0.74854,0.66046,0.04584,-797.63367,-96.05726
-1566352488460,1947079,1947082,0.03802,-0.04572,-0.74872,0.66022,0.04584,-794.1387,-95.65655
-1566352488454,1947086,1947088,0.03796,-0.04578,-0.74890,0.65997,0.04584,-790.65125,-95.256134
-1566352488447,1947094,1947095,0.03784,-0.04578,-0.74915,0.65973,0.04584,-786.0251,-94.57796
-1566352488442,1947094,1947100,0.03766,-0.04578,-0.74957,0.65924,0.04590,-778.2445,-93.470894
-1566352488436,1947104,1947106,0.03754,-0.04572,-0.74982,0.65900,0.04590,-773.7596,-92.74245
-1566352488427,1947111,1947115,0.03735,-0.04553,-0.75006,0.65875,0.04590,-769.55634,-91.82533
-1566352488425,1947111,1947117,0.03717,-0.04529,-0.75024,0.65851,0.04590,-766.4136,-90.992584
-1566352488421,1947119,1947121,0.03693,-0.04498,-0.75049,0.65826,0.04590,-762.1723,-89.88761
-1566352488415,1947125,1947127,0.03668,-0.04456,-0.75079,0.65802,0.04590,-757.17804,-88.5599
-1566352488408,1947125,1947134,0.03638,-0.04413,-0.75104,0.65778,0.04596,-753.1037,-87.28884
-1566352488404,1947135,1947138,0.03613,-0.04370,-0.75128,0.65753,0.04596,-749.17444,-86.09468
-1566352488398,1947135,1947144,0.03595,-0.04340,-0.75153,0.65735,0.04596,-745.1352,-85.10871
-1566352488393,1947146,1947149,0.03577,-0.04297,-0.75189,0.65692,0.04596,-739.13116,-83.77125
-1566352488387,1947155,1947155,0.03577,-0.04285,-0.75208,0.65668,0.04596,-735.8968,-83.277855
-1566352488380,1947155,1947162,0.03577,-0.04279,-0.75226,0.65649,0.04602,-732.89685,-82.87633
-1566352488374,1947163,1947168,0.03577,-0.04272,-0.75238,0.65637,0.04602,-730.9189,-82.57724
-1566352488367,1947174,1947175,0.03583,-0.04266,-0.75256,0.65619,0.04602,-727.9186,-82.234535
-1566352488364,1947174,1947178,0.03589,-0.04272,-0.75269,0.65601,0.04602,-725.6909,-82.1153
-1566352488359,1947182,1947183,0.03601,-0.04279,-0.75281,0.65588,0.04602,-723.6331,-82.08076
-1566352488353,1947187,1947189,0.03625,-0.04303,-0.75287,0.65576,0.04602,-722.38574,-82.44458
-1566352488347,1947187,1947195,0.03687,-0.04395,-0.75299,0.65552,0.04608,-719.7592,-83.774864
-1566352488342,1947195,1947200,0.03729,-0.04456,-0.75299,0.65546,0.04608,-719.3055,-84.80777
-1566352488335,1947202,1947207,0.03772,-0.04529,-0.75299,0.65540,0.04608,-718.8314,-85.97979
-1566352488330,1947211,1947212,0.03827,-0.04620,-0.75299,0.65533,0.04608,-718.22845,-87.4509
-1566352488322,1947211,1947220,0.03882,-0.04700,-0.75293,0.65527,0.04608,-718.5261,-88.91211
-1566352488320,1947220,1947222,0.03931,-0.04791,-0.75287,0.65521,0.04608,-718.8636,-90.44416
-1566352488311,1947220,1947231,0.03992,-0.04889,-0.75281,0.65521,0.04614,-719.14874,-92.16061
-1566352488308,1947233,1947234,0.04047,-0.04974,-0.75275,0.65515,0.04614,-719.4212,-93.6801
-1566352488303,1947239,1947239,0.04144,-0.05121,-0.75275,0.65503,0.04614,-718.29297,-96.112625
-1566352488297,1947239,1947245,0.04193,-0.05182,-0.75269,0.65497,0.04614,-718.6148,-97.31615
-1566352488292,1947247,1947250,0.04236,-0.05231,-0.75275,0.65491,0.04614,-717.2145,-98.08765
-1566352488285,1947254,1947257,0.04266,-0.05267,-0.75275,0.65479,0.04620,-716.77045,-98.7266
-1566352488279,1947263,1947263,0.04291,-0.05298,-0.75281,0.65472,0.04620,-715.5439,-99.14501
-1566352488275,1947263,1947267,0.04315,-0.05316,-0.75287,0.65460,0.04620,-714.28217,-99.40785
-1566352488267,1947272,1947275,0.04333,-0.05334,-0.75299,0.65442,0.04620,-712.13916,-99.49045
-1566352488264,1947272,1947278,0.04346,-0.05341,-0.75311,0.65430,0.04620,-710.1279,-99.41512
-1566352488259,1947279,1947283,0.04358,-0.05353,-0.75323,0.65411,0.04620,-708.0572,-99.38181
-1566352488251,1947289,1947291,0.04364,-0.05365,-0.75342,0.65387,0.04626,-704.9963,-99.151306
-1566352488248,1947294,1947294,0.04358,-0.05408,-0.75378,0.65344,0.04626,-699.4411,-98.798256
-1566352488240,1947294,1947302,0.04352,-0.05438,-0.75403,0.65314,0.04626,-695.64856,-98.5432
-1566352488236,1947304,1947306,0.04346,-0.05481,-0.75421,0.65289,0.04626,-692.9074,-98.573845
-1566352488231,1947304,1947311,0.04333,-0.05524,-0.75446,0.65259,0.04626,-689.2358,-98.4044
-1566352488226,1947314,1947316,0.04315,-0.05573,-0.75464,0.65234,0.04626,-686.6465,-98.40368
-1566352488216,1947325,1947326,0.04297,-0.05627,-0.75488,0.65204,0.04633,-683.2086,-98.3331
-1566352488214,1947325,1947328,0.04272,-0.05688,-0.75513,0.65173,0.04633,-679.71716,-98.26143
-1566352488209,1947332,1947333,0.04248,-0.05731,-0.75531,0.65149,0.04633,-677.25806,-98.15257
-1566352488203,1947338,1947339,0.04218,-0.05780,-0.75549,0.65118,0.04633,-674.7906,-98.0561
-1566352488198,1947338,1947344,0.04163,-0.05853,-0.75592,0.65076,0.04633,-669.17126,-97.52155
-1566352488190,1947351,1947352,0.04132,-0.05878,-0.75610,0.65051,0.04639,-666.83685,-97.17704
-1566352488187,1947351,1947355,0.04102,-0.05890,-0.75623,0.65033,0.04639,-665.2258,-96.80839
-1566352488182,1947351,1947360,0.04077,-0.05896,-0.75641,0.65015,0.04639,-662.9472,-96.32379
-1566352488175,1947365,1947367,0.04041,-0.05890,-0.75653,0.65002,0.04639,-661.5863,-95.750084
-1566352488171,1947365,1947371,0.04016,-0.05878,-0.75665,0.64990,0.04639,-660.1549,-95.20294
-1566352488164,1947365,1947378,0.03986,-0.05853,-0.75677,0.64984,0.04639,-658.835,-94.49008
-1566352488159,1947365,1947383,0.03955,-0.05829,-0.75684,0.64978,0.04639,-658.15204,-93.873985
-1566352488153,1947383,1947389,0.03931,-0.05792,-0.75690,0.64972,0.04645,-657.54626,-93.19918
-1566352488147,1947394,1947395,0.03900,-0.05750,-0.75696,0.64972,0.04645,-657.05756,-92.423645
-1566352488144,1947394,1947398,0.03882,-0.05701,-0.75702,0.64978,0.04645,-656.5328,-91.68198
-1566352488137,1947394,1947405,0.03857,-0.05609,-0.75696,0.64990,0.04645,-657.64075,-90.666084
-1566352488131,1947394,1947411,0.03857,-0.05560,-0.75690,0.64996,0.04645,-658.4773,-90.27672
-1566352488125,1947413,1947417,0.03857,-0.05511,-0.75684,0.65015,0.04651,-659.4489,-89.89331
-1566352488120,1947422,1947422,0.03870,-0.05469,-0.75677,0.65027,0.04651,-660.37463,-89.6961
-1566352488112,1947429,1947430,0.03888,-0.05426,-0.75665,0.65039,0.04651,-661.8973,-89.61537
-1566352488108,1947429,1947434,0.03912,-0.05377,-0.75653,0.65057,0.04651,-663.44336,-89.52311
-1566352488102,1947438,1947440,0.03943,-0.05341,-0.75635,0.65076,0.04651,-665.7107,-89.72575
-1566352488097,1947444,1947445,0.03973,-0.05304,-0.75623,0.65094,0.04651,-667.21765,-89.804344
-1566352488091,1947450,1947451,0.04059,-0.05249,-0.75586,0.65137,0.04657,-671.7853,-90.60238
-1566352488075,1947467,1947467,0.04102,-0.05225,-0.75574,0.65149,0.04657,-673.1343,-90.91799
-1566352488074,1947467,1947468,0.04150,-0.05200,-0.75555,0.65167,0.04657,-675.4256,-91.39517
-1566352488071,1947467,1947471,0.04199,-0.05182,-0.75543,0.65186,0.04657,-676.80096,-91.82793
-1566352488069,1947472,1947473,0.04248,-0.05170,-0.75525,0.65198,0.04657,-678.8974,-92.432175
-1566352488062,1947472,1947480,0.04297,-0.05151,-0.75513,0.65210,0.04657,-680.203,-92.853584
-1566352488058,1947483,1947484,0.04346,-0.05145,-0.75500,0.65222,0.04663,-681.6364,-93.431725
-1566352488052,1947483,1947490,0.04431,-0.05145,-0.75482,0.65240,0.04663,-683.4747,-94.459755
-1566352488044,1947490,1947498,0.04480,-0.05151,-0.75476,0.65247,0.04663,-683.9016,-95.0308
-1566352488039,1947500,1947503,0.04517,-0.05164,-0.75464,0.65253,0.04663,-685.23517,-95.69723
-1566352488036,1947500,1947506,0.04559,-0.05182,-0.75458,0.65259,0.04663,-685.7037,-96.340294
-1566352488030,1947507,1947512,0.04596,-0.05200,-0.75452,0.65259,0.04663,-686.1552,-96.94078
-1566352488026,1947514,1947516,0.04633,-0.05231,-0.75446,0.65259,0.04669,-686.59546,-97.67918
-1566352488017,1947523,1947525,0.04669,-0.05261,-0.75439,0.65265,0.04669,-687.24347,-98.42384
-1566352488014,1947523,1947528,0.04706,-0.05304,-0.75433,0.65265,0.04669,-687.6717,-99.29099
-1566352488007,1947533,1947535,0.04742,-0.05341,-0.75433,0.65259,0.04669,-687.2289,-99.96103
-1566352488003,1947533,1947539,0.04773,-0.05389,-0.75427,0.65259,0.04669,-687.707,-100.83474
-1566352487998,1947539,1947544,0.04828,-0.05475,-0.75421,0.65259,0.04675,-687.9166,-102.29947
-1566352487992,1947547,1947550,0.04858,-0.05524,-0.75415,0.65259,0.04675,-688.3995,-103.17834
-1566352487985,1947554,1947557,0.04883,-0.05566,-0.75409,0.65259,0.04675,-688.9366,-103.945206
-1566352487981,1947554,1947561,0.04901,-0.05609,-0.75409,0.65259,0.04675,-688.7218,-104.54107
-1566352487976,1947566,1947566,0.04919,-0.05652,-0.75403,0.65253,0.04675,-689.26624,-105.26182
-1566352487969,1947566,1947573,0.04938,-0.05695,-0.75397,0.65259,0.04675,-689.9267,-105.9997
-1566352487960,1947574,1947582,0.04956,-0.05737,-0.75391,0.65259,0.04675,-690.53516,-106.71644
-1566352487958,1947574,1947584,0.04962,-0.05768,-0.75385,0.65265,0.04681,-691.3421,-107.228905
-1566352487952,1947584,1947590,0.04980,-0.05823,-0.75366,0.65277,0.04681,-693.8747,-108.38513
-1566352487947,1947591,1947595,0.04980,-0.05841,-0.75360,0.65283,0.04681,-694.76245,-108.71642
-1566352487941,1947598,1947601,0.04980,-0.05859,-0.75348,0.65295,0.04681,-696.55566,-109.18803
-1566352487935,1947598,1947607,0.04980,-0.05872,-0.75342,0.65308,0.04681,-697.529,-109.4728
-1566352487930,1947608,1947612,0.04974,-0.05884,-0.75330,0.65314,0.04687,-699.3407,-109.83255
-1566352487925,1947615,1947617,0.04962,-0.05890,-0.75317,0.65332,0.04687,-701.5026,-110.114006
-1566352487918,1947623,1947624,0.04956,-0.05896,-0.75305,0.65344,0.04687,-703.4038,-110.416595
-1566352487913,1947623,1947629,0.04944,-0.05908,-0.75293,0.65356,0.04687,-705.37665,-110.738884
-1566352487908,1947632,1947634,0.04919,-0.05920,-0.75269,0.65387,0.04687,-709.44867,-111.254326
-1566352487901,1947641,1947641,0.04913,-0.05927,-0.75250,0.65405,0.04687,-712.48126,-111.74337
-1566352487897,1947641,1947645,0.04901,-0.05939,-0.75238,0.65424,0.04694,-714.5779,-112.077614
-1566352487891,1947650,1947651,0.04895,-0.05957,-0.75220,0.65436,0.04694,-717.4294,-112.66629
-1566352487885,1947650,1947657,0.04889,-0.05975,-0.75208,0.65454,0.04694,-719.4713,-113.118774
-1566352487879,1947659,1947663,0.04889,-0.05994,-0.75195,0.65472,0.04694,-721.6058,-113.65705
-1566352487874,1947659,1947668,0.04883,-0.06018,-0.75177,0.65485,0.04694,-724.51807,-114.32474
-1566352487869,1947669,1947673,0.04883,-0.06049,-0.75165,0.65497,0.04694,-726.454,-114.974915
-1566352487864,1947675,1947678,0.04883,-0.06116,-0.75140,0.65521,0.04700,-730.50494,-116.36633
-1566352487858,1947683,1947684,0.04883,-0.06158,-0.75128,0.65533,0.04700,-732.463,-117.15049
-1566352487853,1947683,1947689,0.04877,-0.06195,-0.75116,0.65540,0.04700,-734.4483,-117.829926
-1566352487845,1947691,1947697,0.04871,-0.06232,-0.75110,0.65546,0.04700,-735.49554,-118.35746
-1566352487840,1947701,1947702,0.04865,-0.06262,-0.75104,0.65546,0.04700,-736.48315,-118.80288
-1566352487835,1947701,1947707,0.04852,-0.06293,-0.75104,0.65552,0.04700,-736.6808,-119.05215
-1566352487830,1947701,1947712,0.04840,-0.06305,-0.75098,0.65552,0.04700,-737.7538,-119.246284
-1566352487825,1947701,1947717,0.04816,-0.06305,-0.75104,0.65552,0.04706,-737.0925,-118.89484
-1566352487819,1947701,1947723,0.04785,-0.06287,-0.75104,0.65552,0.04706,-737.466,-118.438225
-1566352487812,1947723,1947730,0.04687,-0.06189,-0.75122,0.65546,0.04706,-735.76825,-116.062584
-1566352487808,1947732,1947734,0.04639,-0.06128,-0.75134,0.65546,0.04706,-734.47736,-114.67829
-1566352487802,1947732,1947740,0.04584,-0.06073,-0.75140,0.65546,0.04706,-734.1901,-113.45594
-1566352487798,1947743,1947744,0.04529,-0.06012,-0.75146,0.65546,0.04712,-733.8999,-112.16638
-1566352487791,1947751,1947751,0.04486,-0.05975,-0.75153,0.65552,0.04712,-733.3696,-111.22705
-1566352487786,1947756,1947756,0.04449,-0.05963,-0.75153,0.65552,0.04712,-733.77405,-110.78389
-1566352487778,1947762,1947764,0.04407,-0.05969,-0.75153,0.65552,0.04712,-734.2165,-110.50066
-1566352487774,1947762,1947768,0.04370,-0.05988,-0.75153,0.65552,0.04712,-734.5947,-110.40494
-1566352487768,1947762,1947774,0.04327,-0.06018,-0.75153,0.65552,0.04712,-735.02563,-110.38221
-1566352487762,1947775,1947780,0.04248,-0.06097,-0.75140,0.65564,0.04718,-737.96686,-110.929596
-1566352487757,1947782,1947785,0.04205,-0.06158,-0.75128,0.65576,0.04718,-740.4,-111.55561
-1566352487752,1947782,1947790,0.04175,-0.06219,-0.75116,0.65582,0.04718,-742.64325,-112.29174
-1566352487746,1947796,1947796,0.04156,-0.06281,-0.75104,0.65594,0.04718,-744.8544,-113.14127
-1566352487738,1947802,1947804,0.04138,-0.06354,-0.75092,0.65607,0.04718,-747.0697,-114.130196
-1566352487733,1947802,1947809,0.04126,-0.06427,-0.75067,0.65619,0.04718,-751.3366,-115.50753
-1566352487730,1947810,1947812,0.04126,-0.06512,-0.75049,0.65637,0.04724,-754.4349,-116.9641
-1566352487723,1947818,1947819,0.04138,-0.06592,-0.75018,0.65662,0.04724,-759.67316,-118.827484
-1566352487719,1947818,1947823,0.04169,-0.06720,-0.74963,0.65710,0.04724,-769.0893,-122.119644
-1566352487706,1947827,1947836,0.04193,-0.06763,-0.74939,0.65735,0.04724,-773.2065,-123.523285
-1566352487705,1947836,1947837,0.04218,-0.06799,-0.74908,0.65765,0.04724,-778.64,-125.07092
-1566352487702,1947836,1947840,0.04242,-0.06824,-0.74884,0.65790,0.04724,-782.8658,-126.29149
-1566352487690,1947843,1947852,0.04266,-0.06824,-0.74854,0.65820,0.04730,-788.28687,-127.404976
-1566352487689,1947852,1947853,0.04285,-0.06812,-0.74829,0.65851,0.04730,-792.9501,-128.19403
-1566352487684,1947852,1947858,0.04297,-0.06775,-0.74799,0.65887,0.04730,-798.7493,-128.78017
-1566352487679,1947858,1947863,0.04297,-0.06732,-0.74774,0.65918,0.04730,-803.7902,-129.0369
-1566352487672,1947868,1947870,0.04291,-0.06677,-0.74750,0.65955,0.04730,-808.85956,-129.06786
-1566352487668,1947868,1947874,0.04266,-0.06549,-0.74701,0.66022,0.04736,-819.4622,-128.81317
-1566352487662,1947877,1947880,0.04254,-0.06494,-0.74677,0.66052,0.04736,-824.70435,-128.78285
-1566352487657,1947885,1947885,0.04242,-0.06439,-0.74652,0.66083,0.04736,-830.2223,-128.78459
-1566352487651,1947889,1947891,0.04230,-0.06390,-0.74628,0.66119,0.04736,-835.66675,-128.8344
-1566352487646,1947889,1947896,0.04218,-0.06354,-0.74603,0.66150,0.04736,-841.3097,-129.07959
-1566352487636,1947903,1947906,0.04205,-0.06335,-0.74579,0.66187,0.04736,-846.8935,-129.50873
-1566352487634,1947903,1947908,0.04199,-0.06329,-0.74548,0.66217,0.04736,-853.81976,-130.4022
-1566352487628,1947911,1947914,0.04199,-0.06335,-0.74524,0.66241,0.04742,-859.1962,-131.288
-1566352487621,1947920,1947921,0.04199,-0.06390,-0.74481,0.66290,0.04742,-869.03925,-133.4898
-1566352487617,1947920,1947925,0.04193,-0.06433,-0.74463,0.66309,0.04742,-873.27515,-134.63068
-1566352487611,1947926,1947931,0.04193,-0.06482,-0.74445,0.66321,0.04742,-877.36725,-135.9156
-1566352487605,1947935,1947937,0.04187,-0.06525,-0.74426,0.66333,0.04742,-881.8121,-137.10852
-1566352487595,1947944,1947947,0.04181,-0.06567,-0.74420,0.66345,0.04749,-883.3734,-137.834
-1566352487593,1947944,1947949,0.04175,-0.06610,-0.74408,0.66351,0.04749,-886.21246,-138.78676
-1566352487590,1947944,1947952,0.04163,-0.06647,-0.74402,0.66351,0.04749,-887.71814,-139.38261
-1566352487583,1947958,1947959,0.04156,-0.06671,-0.74402,0.66351,0.04749,-887.8023,-139.6363
-1566352487578,1947958,1947964,0.04138,-0.06696,-0.74402,0.66351,0.04749,-888.0447,-139.79437
-1566352487573,1947967,1947969,0.04102,-0.06714,-0.74414,0.66339,0.04749,-885.6708,-139.235
-1566352487565,1947975,1947977,0.04083,-0.06720,-0.74420,0.66333,0.04755,-884.50507,-138.90639
-1566352487562,1947975,1947980,0.04065,-0.06720,-0.74432,0.66321,0.04755,-881.9038,-138.28842
-1566352487555,1947975,1947987,0.04041,-0.06720,-0.74445,0.66309,0.04755,-879.1773,-137.57916
-1566352487551,1947989,1947991,0.04022,-0.06720,-0.74457,0.66296,0.04755,-876.6037,-136.95775
-1566352487543,1947995,1947999,0.03998,-0.06714,-0.74469,0.66278,0.04755,-874.05096,-136.20761
-1566352487539,1948003,1948003,0.03979,-0.06708,-0.74487,0.66266,0.04755,-870.2125,-135.30753
-1566352487528,1948013,1948014,0.03955,-0.06702,-0.74500,0.66248,0.04755,-867.47485,-134.53273
-1566352487527,1948013,1948015,0.03912,-0.06677,-0.74530,0.66223,0.04761,-861.2756,-132.74896
-1566352487522,1948013,1948020,0.03894,-0.06659,-0.74542,0.66211,0.04761,-858.8075,-131.92873
-1566352487516,1948026,1948026,0.03870,-0.06635,-0.74554,0.66199,0.04761,-856.43225,-130.97629
-1566352487510,1948026,1948032,0.03851,-0.06610,-0.74573,0.66187,0.04761,-852.5402,-129.83731
-1566352487504,1948036,1948038,0.03839,-0.06586,-0.74579,0.66180,0.04761,-851.36145,-129.21077
-1566352487499,1948036,1948043,0.03821,-0.06549,-0.74591,0.66168,0.04761,-848.957,-128.1643
-1566352487493,1948044,1948049,0.03809,-0.06512,-0.74603,0.66162,0.04767,-846.56946,-127.18605
-1566352487487,1948051,1948055,0.03796,-0.06470,-0.74609,0.66156,0.04767,-845.4415,-126.326904
-1566352487483,1948058,1948059,0.03778,-0.06396,-0.74628,0.66144,0.04767,-841.6598,-124.60543
-1566352487475,1948058,1948067,0.03772,-0.06360,-0.74634,0.66144,0.04767,-840.5344,-123.90332
-1566352487469,1948073,1948073,0.03766,-0.06323,-0.74646,0.66138,0.04767,-838.1187,-123.00439
-1566352487460,1948073,1948082,0.03760,-0.06299,-0.74646,0.66138,0.04767,-838.2053,-122.64055
-1566352487458,1948084,1948084,0.03754,-0.06274,-0.74652,0.66132,0.04773,-837.0054,-122.08003
-1566352487454,1948084,1948088,0.03754,-0.06256,-0.74658,0.66125,0.04773,-835.72,-121.66736
-1566352487448,1948091,1948094,0.03748,-0.06238,-0.74664,0.66125,0.04773,-834.59625,-121.20207
-1566352487443,1948095,1948099,0.03748,-0.06232,-0.74670,0.66119,0.04773,-833.32416,-120.94461
-1566352487437,1948103,1948105,0.03741,-0.06238,-0.74677,0.66113,0.04773,-831.92847,-120.74224
-1566352487432,1948103,1948110,0.03735,-0.06250,-0.74683,0.66107,0.04773,-830.7214,-120.65549
-1566352487426,1948111,1948116,0.03735,-0.06262,-0.74683,0.66101,0.04779,-830.6382,-120.803215
-1566352487418,1948118,1948124,0.03735,-0.06281,-0.74689,0.66095,0.04779,-829.36035,-120.862495
-1566352487414,1948118,1948128,0.03735,-0.06299,-0.74695,0.66083,0.04779,-828.0125,-120.905426
-1566352487409,1948128,1948133,0.03735,-0.06323,-0.74701,0.66077,0.04779,-826.73956,-121.02734
-1566352487403,1948139,1948139,0.03735,-0.06366,-0.74707,0.66058,0.04779,-825.2944,-121.37918
-1566352487399,1948143,1948143,0.03741,-0.06384,-0.74713,0.66052,0.04779,-823.96564,-121.48241
-1566352487393,1948143,1948149,0.03748,-0.06403,-0.74725,0.66040,0.04785,-821.3848,-121.427414
-1566352487387,1948143,1948155,0.03754,-0.06421,-0.74731,0.66034,0.04785,-820.0674,-121.530014
-1566352487381,1948155,1948161,0.03760,-0.06433,-0.74738,0.66022,0.04785,-818.4884,-121.52434
-1566352487375,1948163,1948167,0.03766,-0.06445,-0.74744,0.66010,0.04785,-817.1081,-121.54796
-1566352487367,1948163,1948175,0.03772,-0.06451,-0.74756,0.65997,0.04785,-814.5735,-121.32171
-1566352487365,1948177,1948177,0.03784,-0.06458,-0.74762,0.65985,0.04785,-813.14136,-121.34011
-1566352487358,1948179,1948184,0.03784,-0.06458,-0.74774,0.65973,0.04785,-810.7146,-120.98587
-1566352487354,1948188,1948188,0.03790,-0.06451,-0.74786,0.65961,0.04791,-808.2381,-120.60345
-1566352487348,1948194,1948194,0.03796,-0.06421,-0.74817,0.65930,0.04791,-802.0206,-119.391914
-1566352487340,1948194,1948202,0.03796,-0.06403,-0.74829,0.65918,0.04791,-799.66766,-118.828255
-1566352487336,1948205,1948206,0.03796,-0.06372,-0.74847,0.65900,0.04791,-796.166,-117.94022
-1566352487330,1948212,1948212,0.03790,-0.06342,-0.74866,0.65881,0.04791,-792.56384,-116.98843
-1566352487324,1948212,1948218,0.03790,-0.06317,-0.74884,0.65869,0.04791,-789.19135,-116.191635
-1566352487319,1948220,1948223,0.03790,-0.06281,-0.74902,0.65851,0.04797,-785.7813,-115.265785
-1566352487315,1948227,1948227,0.03784,-0.06250,-0.74921,0.65833,0.04797,-782.2823,-114.32625
-1566352487310,1948227,1948232,0.03778,-0.06219,-0.74945,0.65808,0.04797,-777.8563,-113.26065
-1566352487303,1948227,1948239,0.03772,-0.06195,-0.74963,0.65790,0.04797,-774.59534,-112.44742
-1566352487297,1948239,1948245,0.03754,-0.06146,-0.75006,0.65747,0.04797,-766.9377,-110.595146
-1566352487291,1948249,1948251,0.03748,-0.06128,-0.75024,0.65723,0.04797,-763.6891,-109.86988
-1566352487287,1948249,1948255,0.03735,-0.06110,-0.75049,0.65698,0.04803,-759.3569,-108.91657
-1566352487280,1948255,1948262,0.03723,-0.06097,-0.75067,0.65680,0.04803,-756.2932,-108.21293
-1566352487275,1948266,1948267,0.03711,-0.06091,-0.75085,0.65662,0.04803,-753.2473,-107.595215
-1566352487270,1948266,1948272,0.03699,-0.06085,-0.75104,0.65643,0.04803,-750.0525,-106.95834
-1566352487264,1948272,1948278,0.03687,-0.06079,-0.75122,0.65625,0.04803,-747.05475,-106.35053
-1566352487260,1948279,1948282,0.03680,-0.06079,-0.75134,0.65607,0.04803,-744.98914,-105.99906
-1566352487254,1948286,1948288,0.03668,-0.06067,-0.75153,0.65588,0.04810,-741.8624,-105.307106
-1566352487248,1948286,1948294,0.03632,-0.06018,-0.75183,0.65558,0.04810,-737.1452,-103.73804
-1566352487242,1948296,1948300,0.03607,-0.05975,-0.75195,0.65546,0.04810,-735.3794,-102.75971
-1566352487235,1948303,1948307,0.03577,-0.05914,-0.75220,0.65533,0.04810,-731.65216,-101.25505
-1566352487231,1948303,1948311,0.03546,-0.05853,-0.75232,0.65521,0.04810,-729.9698,-100.03604
-1566352487225,1948311,1948317,0.03516,-0.05786,-0.75244,0.65515,0.04810,-728.35486,-98.76729
-1566352487219,1948311,1948323,0.03491,-0.05719,-0.75256,0.65509,0.04816,-726.70123,-97.54723
-1566352487214,1948324,1948328,0.03473,-0.05658,-0.75269,0.65503,0.04816,-724.8427,-96.43971
-1566352487208,1948334,1948334,0.03461,-0.05621,-0.75275,0.65503,0.04816,-724.0537,-95.80171
-1566352487203,1948339,1948339,0.03479,-0.05591,-0.75275,0.65503,0.04816,-723.9212,-95.62504
-1566352487196,1948339,1948346,0.03503,-0.05597,-0.75269,0.65503,0.04816,-724.6254,-96.02241
-1566352487191,1948348,1948351,0.03528,-0.05603,-0.75262,0.65515,0.04816,-725.60785,-96.45619
-1566352487182,1948359,1948360,0.03564,-0.05615,-0.75244,0.65527,0.04822,-728.1703,-97.28213
-1566352487180,1948359,1948362,0.03595,-0.05634,-0.75232,0.65540,0.04822,-729.87695,-98.02245
-1566352487175,1948366,1948367,0.03638,-0.05658,-0.75214,0.65558,0.04822,-732.46387,-99.05728
-1566352487170,1948371,1948372,0.03674,-0.05682,-0.75195,0.65570,0.04822,-735.21405,-100.05625
-1566352487163,1948371,1948379,0.03729,-0.05719,-0.75177,0.65588,0.04822,-737.7127,-101.35658
-1566352487157,1948380,1948385,0.03821,-0.05817,-0.75128,0.65631,0.04822,-745.0477,-104.39863
-1566352487152,1948386,1948390,0.03876,-0.05872,-0.75104,0.65649,0.04828,-748.5493,-106.07539
-1566352487146,1948386,1948396,0.03931,-0.05933,-0.75079,0.65674,0.04828,-752.3151,-107.86434
-1566352487140,1948396,1948402,0.03979,-0.05988,-0.75055,0.65692,0.04828,-755.9389,-109.510735
-1566352487135,1948407,1948407,0.04028,-0.06055,-0.75024,0.65710,0.04828,-760.7386,-111.49529
-1566352487126,1948407,1948416,0.04083,-0.06122,-0.75000,0.65735,0.04828,-764.4307,-113.38306
-1566352487124,1948418,1948418,0.04132,-0.06177,-0.74976,0.65753,0.04828,-768.14105,-115.08993
-1566352487119,1948422,1948423,0.04218,-0.06274,-0.74939,0.65778,0.04834,-773.7571,-117.987015
-1566352487112,1948422,1948430,0.04254,-0.06311,-0.74921,0.65790,0.04834,-776.58386,-119.23866
-1566352487104,1948431,1948438,0.04279,-0.06335,-0.74915,0.65802,0.04834,-777.46674,-119.91639
-1566352487101,1948431,1948441,0.04297,-0.06342,-0.74902,0.65808,0.04834,-779.5968,-120.52119
-1566352487095,1948431,1948447,0.04303,-0.06335,-0.74902,0.65814,0.04834,-779.6035,-120.4949
-1566352487089,1948431,1948453,0.04297,-0.06311,-0.74902,0.65814,0.04834,-779.6895,-120.15601
-1566352487082,1948431,1948460,0.04291,-0.06281,-0.74908,0.65814,0.04840,-778.7292,-119.58064
-1566352487078,1948431,1948464,0.04254,-0.06219,-0.74921,0.65802,0.04840,-776.7883,-118.15484
-1566352487072,1948431,1948470,0.04236,-0.06189,-0.74933,0.65790,0.04840,-774.7889,-117.30903
-1566352487066,1948431,1948476,0.04218,-0.06171,-0.74945,0.65784,0.04840,-772.86115,-116.613075
-1566352487060,1948431,1948482,0.04193,-0.06165,-0.74957,0.65771,0.04840,-770.9311,-115.99584
-1566352487056,1948431,1948486,0.04175,-0.06165,-0.74963,0.65759,0.04840,-769.963,-115.671524
-1566352487043,1948431,1948499,0.04163,-0.06183,-0.74976,0.65747,0.04846,-767.727,-115.42916
-1566352487040,1948431,1948502,0.04150,-0.06219,-0.74982,0.65735,0.04846,-766.6856,-115.57255
-1566352487039,1948431,1948503,0.04126,-0.06317,-0.75000,0.65710,0.04846,-763.55237,-116.0229
-1566352487034,1948431,1948508,0.04120,-0.06378,-0.75006,0.65704,0.04846,-762.49945,-116.52172
-1566352487028,1948431,1948514,0.04114,-0.06439,-0.75012,0.65692,0.04846,-761.3809,-117.01572
-1566352487021,1948431,1948521,0.04108,-0.06494,-0.75012,0.65680,0.04852,-761.26984,-117.59666
-1566352487017,1948431,1948525,0.04108,-0.06549,-0.75018,0.65674,0.04852,-760.1625,-118.074684
-1566352487008,1948431,1948534,0.04108,-0.06598,-0.75018,0.65668,0.04852,-760.06134,-118.641136
-1566352487006,1948431,1948536,0.04108,-0.06641,-0.75018,0.65662,0.04852,-759.9642,-119.13776
-1566352486999,1948431,1948543,0.04114,-0.06677,-0.75018,0.65656,0.04852,-759.80756,-119.60496
-1566352486994,1948431,1948548,0.04114,-0.06702,-0.75018,0.65656,0.04852,-759.7916,-119.8959
-1566352486988,1948431,1948554,0.04120,-0.06720,-0.75012,0.65656,0.04852,-760.71716,-120.3191
-1566352486982,1948431,1948560,0.04144,-0.06726,-0.75006,0.65662,0.04858,-761.5261,-120.762856
-1566352486975,1948431,1948567,0.04156,-0.06720,-0.75006,0.65662,0.04858,-761.39966,-120.796715
-1566352486972,1948431,1948570,0.04175,-0.06708,-0.75000,0.65668,0.04858,-762.2757,-120.98796
-1566352486964,1948431,1948578,0.04187,-0.06683,-0.75000,0.65674,0.04858,-762.23083,-120.803856
-1566352486960,1948431,1948582,0.04205,-0.06659,-0.75000,0.65674,0.04858,-762.0482,-120.67925
-1566352486953,1948431,1948589,0.04218,-0.06622,-0.75000,0.65680,0.04858,-761.99963,-120.36382
-1566352486950,1948431,1948592,0.04236,-0.06580,-0.75000,0.65680,0.04865,-761.82794,-120.029205
-1566352486943,1948431,1948599,0.04254,-0.06537,-0.75000,0.65680,0.04865,-761.65717,-119.683075
-1566352486938,1948431,1948604,0.04291,-0.06439,-0.75012,0.65680,0.04865,-759.3092,-118.54003
-1566352486930,1948431,1948612,0.04315,-0.06384,-0.75018,0.65674,0.04865,-758.0123,-117.944405
-1566352486927,1948431,1948615,0.04333,-0.06323,-0.75024,0.65668,0.04865,-756.7908,-117.22967
-1566352486921,1948431,1948621,0.04352,-0.06274,-0.75037,0.65662,0.04865,-754.4017,-116.482376
-1566352486915,1948431,1948627,0.04370,-0.06213,-0.75049,0.65656,0.04871,-752.20966,-115.61849
-1566352486909,1948431,1948633,0.04395,-0.06146,-0.75061,0.65643,0.04871,-749.877,-114.74534
-1566352486904,1948431,1948638,0.04407,-0.06085,-0.75073,0.65631,0.04871,-747.7077,-113.83613
-1566352486899,1948431,1948643,0.04425,-0.06024,-0.75092,0.65619,0.04871,-744.36285,-112.80837
-1566352486892,1948431,1948650,0.04456,-0.05902,-0.75122,0.65588,0.04871,-738.9954,-110.9262
-1566352486887,1948431,1948655,0.04462,-0.05853,-0.75140,0.65576,0.04871,-736.00366,-109.98083
-1566352486882,1948660,1948660,0.04474,-0.05792,-0.75159,0.65558,0.04877,-732.7585,-108.93056
-1566352486875,1948660,1948667,0.04486,-0.05743,-0.75177,0.65540,0.04877,-729.68475,-108.04635
-1566352486867,1948674,1948675,0.04498,-0.05701,-0.75189,0.65527,0.04877,-727.6035,-107.38923
-1566352486863,1948674,1948679,0.04504,-0.05658,-0.75208,0.65509,0.04877,-724.47955,-106.51117
-1566352486859,1948681,1948683,0.04510,-0.05634,-0.75226,0.65491,0.04877,-721.519,-105.87321
-1566352486854,1948688,1948688,0.04529,-0.05591,-0.75250,0.65460,0.04877,-717.425,-104.99465
-1566352486847,1948694,1948695,0.04535,-0.05585,-0.75262,0.65448,0.04883,-715.4584,-104.70274
-1566352486843,1948699,1948699,0.04541,-0.05585,-0.75269,0.65442,0.04883,-714.2976,-104.592415
-1566352486833,1948699,1948709,0.04547,-0.05597,-0.75281,0.65430,0.04883,-712.336,-104.49978
-1566352486831,1948710,1948711,0.04553,-0.05609,-0.75281,0.65424,0.04883,-712.20074,-104.675865
-1566352486825,1948715,1948717,0.04559,-0.05627,-0.75281,0.65424,0.04883,-712.1272,-104.921524
-1566352486819,1948723,1948723,0.04572,-0.05652,-0.75281,0.65417,0.04883,-711.9006,-105.29588
-1566352486810,1948723,1948732,0.04584,-0.05676,-0.75281,0.65417,0.04883,-711.7613,-105.65568
-1566352486808,1948733,1948734,0.04602,-0.05731,-0.75269,0.65430,0.04889,-713.43884,-106.681435
-1566352486800,1948733,1948742,0.04608,-0.05756,-0.75256,0.65436,0.04889,-715.33984,-107.30294
-1566352486798,1948733,1948744,0.04620,-0.05780,-0.75250,0.65442,0.04889,-716.1514,-107.805214
-1566352486788,1948753,1948754,0.04633,-0.05811,-0.75238,0.65454,0.04889,-717.90533,-108.53605
-1566352486786,1948753,1948756,0.04639,-0.05829,-0.75226,0.65466,0.04889,-719.7514,-109.06981
-1566352486780,1948759,1948762,0.04651,-0.05847,-0.75214,0.65479,0.04889,-721.5539,-109.65589
-1566352486775,1948767,1948767,0.04663,-0.05859,-0.75201,0.65491,0.04895,-723.5074,-110.20084
-1566352486766,1948767,1948776,0.04675,-0.05872,-0.75189,0.65503,0.04895,-725.3189,-110.73616
-1566352486763,1948777,1948779,0.04700,-0.05890,-0.75159,0.65527,0.04895,-729.8828,-111.87812
-1566352486758,1948783,1948784,0.04718,-0.05896,-0.75146,0.65546,0.04895,-731.8953,-112.42207
-1566352486752,1948783,1948790,0.04730,-0.05896,-0.75128,0.65564,0.04895,-734.75604,-112.97399
-1566352486747,1948791,1948795,0.04749,-0.05902,-0.75116,0.65576,0.04895,-736.54425,-113.50259
-1566352486741,1948800,1948801,0.04761,-0.05902,-0.75104,0.65588,0.04901,-738.4271,-113.9083
-1566352486735,1948807,1948807,0.04773,-0.05896,-0.75092,0.65607,0.04901,-740.4009,-114.252716
-1566352486725,1948807,1948817,0.04785,-0.05896,-0.75073,0.65619,0.04901,-743.4162,-114.838974
-1566352486724,1948817,1948818,0.04791,-0.05896,-0.75061,0.65637,0.04901,-745.469,-115.20593
-1566352486718,1948817,1948824,0.04810,-0.05896,-0.75037,0.65668,0.04901,-749.46643,-116.00053
-1566352486713,1948826,1948829,0.04816,-0.05902,-0.75018,0.65680,0.04901,-752.6192,-116.61966
-1566352486706,1948836,1948836,0.04816,-0.05914,-0.75006,0.65692,0.04907,-754.7148,-117.07973
-1566352486700,1948836,1948842,0.04822,-0.05933,-0.74994,0.65710,0.04907,-756.8137,-117.67838
-1566352486695,1948844,1948847,0.04834,-0.05951,-0.74982,0.65723,0.04907,-758.79175,-118.31513
-1566352486689,1948851,1948853,0.04840,-0.05981,-0.74969,0.65735,0.04907,-760.9998,-119.070335
-1566352486684,1948851,1948858,0.04846,-0.06018,-0.74951,0.65747,0.04907,-764.05615,-120.04706
-1566352486680,1948858,1948862,0.04858,-0.06049,-0.74939,0.65753,0.04907,-765.978,-120.84277
-1566352486673,1948868,1948869,0.04871,-0.06085,-0.74927,0.65765,0.04907,-767.96344,-121.714294
-1566352486668,1948868,1948874,0.04883,-0.06152,-0.74915,0.65778,0.04913,-769.95953,-122.94767
-1566352486659,1948875,1948883,0.04883,-0.06165,-0.74908,0.65778,0.04913,-771.14825,-123.29722
-1566352486656,1948885,1948886,0.04877,-0.06165,-0.74902,0.65784,0.04913,-772.3276,-123.41999
-1566352486650,1948891,1948892,0.04858,-0.06152,-0.74902,0.65784,0.04913,-772.5812,-123.105194
-1566352486646,1948891,1948896,0.04840,-0.06122,-0.74908,0.65790,0.04913,-771.87213,-122.4343
-1566352486641,1948900,1948901,0.04816,-0.06073,-0.74908,0.65790,0.04913,-772.21454,-121.65159
-1566352486633,1948900,1948909,0.04785,-0.06024,-0.74915,0.65796,0.04919,-771.512,-120.62003
-1566352486629,1948912,1948913,0.04749,-0.05969,-0.74921,0.65796,0.04919,-770.97437,-119.4994
-1566352486622,1948918,1948920,0.04718,-0.05927,-0.74921,0.65796,0.04919,-771.3913,-118.73846
-1566352486618,1948918,1948924,0.04657,-0.05878,-0.74933,0.65796,0.04919,-770.1217,-117.313675
-1566352486612,1948927,1948930,0.04626,-0.05872,-0.74939,0.65790,0.04919,-769.4069,-116.81164
-1566352486607,1948935,1948935,0.04590,-0.05865,-0.74951,0.65784,0.04919,-767.73126,-116.097145
-1566352486602,1948935,1948940,0.04553,-0.05859,-0.74957,0.65778,0.04926,-767.0866,-115.54532
-1566352486596,1948942,1948946,0.04517,-0.05847,-0.74963,0.65771,0.04926,-766.42175,-114.93188
-1566352486591,1948951,1948951,0.04474,-0.05841,-0.74976,0.65765,0.04926,-764.66144,-114.14854
-1566352486583,1948951,1948959,0.04437,-0.05835,-0.74982,0.65753,0.04926,-763.9406,-113.595085
-1566352486580,1948961,1948962,0.04401,-0.05829,-0.74994,0.65747,0.04926,-762.2715,-112.90259
-1566352486573,1948969,1948969,0.04370,-0.05835,-0.75000,0.65741,0.04926,-761.5434,-112.54725
-1566352486567,1948969,1948975,0.04327,-0.05865,-0.75012,0.65723,0.04932,-759.79254,-112.20804
-1566352486559,1948976,1948983,0.04315,-0.05896,-0.75018,0.65723,0.04932,-758.9069,-112.31292
-1566352486556,1948985,1948986,0.04309,-0.05933,-0.75018,0.65717,0.04932,-758.8789,-112.68642
-1566352486550,1948985,1948992,0.04303,-0.05975,-0.75018,0.65717,0.04932,-758.91736,-113.12201
-1566352486542,1948996,1949000,0.04297,-0.06018,-0.75012,0.65717,0.04932,-759.9527,-113.72209
-1566352486540,1948996,1949002,0.04291,-0.06061,-0.75006,0.65717,0.04932,-760.99054,-114.32376
-1566352486533,1949003,1949009,0.04285,-0.06104,-0.75006,0.65717,0.04932,-761.02814,-114.77227
-1566352486529,1949011,1949013,0.04254,-0.06152,-0.74994,0.65729,0.04938,-763.4905,-115.38122
-1566352486522,1949019,1949020,0.04230,-0.06158,-0.74982,0.65741,0.04938,-765.91614,-115.562546
-1566352486514,1949019,1949028,0.04199,-0.06146,-0.74976,0.65753,0.04938,-767.42535,-115.31502
-1566352486511,1949029,1949031,0.04169,-0.06134,-0.74963,0.65771,0.04938,-770.191,-115.26162
-1566352486507,1949029,1949035,0.04138,-0.06110,-0.74945,0.65790,0.04938,-773.86456,-115.188446
-1566352486499,1949038,1949043,0.04114,-0.06085,-0.74927,0.65814,0.04938,-777.5542,-115.16839
-1566352486495,1949043,1949047,0.04095,-0.06067,-0.74902,0.65851,0.04944,-782.6018,-115.470436
-1566352486487,1949052,1949055,0.04083,-0.06055,-0.74878,0.65875,0.04944,-787.29175,-115.87588
-1566352486483,1949059,1949059,0.04077,-0.06049,-0.74847,0.65912,0.04944,-793.3875,-116.6119
-1566352486478,1949059,1949064,0.04083,-0.06073,-0.74780,0.65991,0.04944,-806.6138,-118.86934
-1566352486472,1949069,1949070,0.04095,-0.06110,-0.74738,0.66028,0.04944,-814.8499,-120.66191
-1566352486466,1949069,1949076,0.04114,-0.06152,-0.74701,0.66064,0.04944,-822.17566,-122.47017
-1566352486461,1949079,1949081,0.04126,-0.06201,-0.74670,0.66101,0.04950,-828.53674,-124.151405
-1566352486455,1949087,1949087,0.04144,-0.06256,-0.74634,0.66132,0.04950,-835.8392,-126.14122
-1566352486451,1949087,1949091,0.04156,-0.06311,-0.74597,0.66162,0.04950,-843.5376,-128.1393
-1566352486442,1949096,1949100,0.04175,-0.06378,-0.74561,0.66199,0.04950,-851.15515,-130.36855
-1566352486440,1949096,1949102,0.04181,-0.06421,-0.74536,0.66223,0.04950,-856.60156,-131.82323
-1566352486434,1949103,1949108,0.04187,-0.06476,-0.74506,0.66254,0.04950,-863.2702,-133.62743
-1566352486428,1949112,1949114,0.04187,-0.06543,-0.74463,0.66296,0.04956,-873.10565,-136.01898
-1566352486422,1949117,1949120,0.04175,-0.06561,-0.74445,0.66315,0.04956,-877.4849,-136.78542
-1566352486417,1949117,1949125,0.04163,-0.06573,-0.74432,0.66333,0.04956,-880.77985,-137.30049
-1566352486408,1949127,1949134,0.04150,-0.06580,-0.74414,0.66345,0.04956,-885.1607,-137.91637
-1566352486405,1949127,1949137,0.04132,-0.06586,-0.74408,0.66357,0.04956,-886.9347,-138.04297
-1566352486400,1949138,1949142,0.04108,-0.06586,-0.74402,0.66364,0.04956,-888.7356,-138.02516
-1566352486392,1949142,1949150,0.04083,-0.06586,-0.74396,0.66370,0.04956,-890.54254,-137.99623
-1566352486388,1949153,1949154,0.04059,-0.06586,-0.74396,0.66376,0.04962,-890.9681,-137.7606
-1566352486384,1949153,1949158,0.04004,-0.06580,-0.74396,0.66376,0.04962,-891.75555,-137.1277
-1566352486376,1949164,1949166,0.03973,-0.06580,-0.74396,0.66376,0.04962,-892.19336,-136.81558
-1566352486371,1949164,1949171,0.03943,-0.06573,-0.74402,0.66376,0.04962,-891.246,-136.20438
-1566352486367,1949171,1949175,0.03912,-0.06567,-0.74408,0.66370,0.04962,-890.23016,-135.59329
-1566352486356,1949178,1949186,0.03876,-0.06561,-0.74420,0.66364,0.04962,-887.91815,-134.72192
-1566352486354,1949188,1949188,0.03833,-0.06555,-0.74426,0.66351,0.04968,-886.9694,-133.98756
-1566352486350,1949188,1949192,0.03796,-0.06543,-0.74438,0.66345,0.04968,-884.6828,-133.03203
-1566352486343,1949195,1949199,0.03754,-0.06531,-0.74451,0.66333,0.04968,-882.16455,-131.99211
-1566352486338,1949204,1949204,0.03680,-0.06506,-0.74475,0.66315,0.04968,-877.5486,-130.08665
-1566352486331,1949211,1949211,0.03644,-0.06488,-0.74493,0.66302,0.04968,-873.86926,-128.87698
-1566352486325,1949211,1949217,0.03601,-0.06470,-0.74506,0.66284,0.04968,-871.32733,-127.765976
-1566352486320,1949211,1949222,0.03564,-0.06458,-0.74524,0.66272,0.04974,-867.7126,-126.64315
-1566352486315,1949226,1949227,0.03522,-0.06445,-0.74536,0.66260,0.04974,-865.47266,-125.656235
-1566352486310,1949226,1949232,0.03479,-0.06433,-0.74554,0.66248,0.04974,-861.9653,-124.487946
-1566352486304,1949235,1949238,0.03442,-0.06427,-0.74567,0.66229,0.04974,-859.378,-123.6183
-1566352486299,1949235,1949243,0.03381,-0.06439,-0.74597,0.66199,0.04974,-853.3427,-122.21768
-1566352486293,1949246,1949249,0.03357,-0.06458,-0.74609,0.66187,0.04974,-850.935,-121.84986
-1566352486287,1949246,1949255,0.03333,-0.06482,-0.74622,0.66168,0.04980,-848.23846,-121.51415
-1566352486281,1949256,1949261,0.03320,-0.06506,-0.74634,0.66156,0.04980,-845.735,-121.32459
-1566352486273,1949263,1949269,0.03308,-0.06549,-0.74646,0.66138,0.04980,-843.1453,-121.3858
-1566352486268,1949263,1949274,0.03296,-0.06592,-0.74658,0.66119,0.04980,-840.5591,-121.44647
-1566352486265,1949277,1949277,0.03290,-0.06647,-0.74670,0.66101,0.04980,-837.92944,-121.71962
-1566352486259,1949278,1949283,0.03284,-0.06696,-0.74677,0.66089,0.04980,-836.3991,-122.067635
-1566352486254,1949278,1949288,0.03290,-0.06757,-0.74689,0.66064,0.04980,-833.5762,-122.528336
-1566352486249,1949289,1949293,0.03296,-0.06873,-0.74713,0.66028,0.04987,-828.2226,-123.315216
-1566352486243,1949294,1949299,0.03302,-0.06927,-0.74719,0.66016,0.04987,-826.7954,-123.867226
-1566352486238,1949303,1949304,0.03314,-0.06995,-0.74731,0.65991,0.04987,-823.9636,-124.46389
-1566352486231,1949310,1949311,0.03326,-0.07056,-0.74744,0.65973,0.04987,-821.0463,-124.94324
-1566352486226,1949310,1949316,0.03345,-0.07111,-0.74756,0.65955,0.04987,-818.2698,-125.441635
-1566352486219,1949319,1949323,0.03363,-0.07178,-0.74768,0.65936,0.04987,-815.50146,-126.07595
-1566352486215,1949319,1949327,0.03381,-0.07239,-0.74780,0.65912,0.04993,-812.69165,-126.62921
-1566352486208,1949330,1949334,0.03400,-0.07300,-0.74792,0.65894,0.04993,-809.9609,-127.19159
-1566352486203,1949330,1949339,0.03442,-0.07410,-0.74817,0.65851,0.04993,-804.23663,-128.161
-1566352486198,1949340,1949344,0.03467,-0.07458,-0.74829,0.65826,0.04993,-801.4134,-128.60553
-1566352486192,1949346,1949350,0.03485,-0.07507,-0.74841,0.65802,0.04993,-798.69025,-128.9949
-1566352486186,1949355,1949356,0.03503,-0.07556,-0.74860,0.65778,0.04993,-794.70184,-129.17
-1566352486181,1949355,1949361,0.03522,-0.07593,-0.74872,0.65759,0.04999,-792.07416,-129.42084
-1566352486174,1949361,1949368,0.03540,-0.07623,-0.74890,0.65735,0.04999,-788.33514,-129.39313
-1566352486169,1949373,1949373,0.03558,-0.07660,-0.74908,0.65710,0.04999,-784.61316,-129.44908
-1566352486163,1949373,1949379,0.03577,-0.07684,-0.74921,0.65686,0.04999,-781.81476,-129.50728
-1566352486159,1949381,1949383,0.03589,-0.07715,-0.74939,0.65662,0.04999,-778.22253,-129.43697
-1566352486154,1949387,1949388,0.03619,-0.07764,-0.74976,0.65619,0.04999,-770.9656,-129.17146
-1566352486148,1949387,1949394,0.03638,-0.07788,-0.74994,0.65594,0.05005,-767.38635,-129.08188
-1566352486142,1949395,1949400,0.03650,-0.07813,-0.75006,0.65570,0.05005,-764.933,-129.1181
-1566352486136,1949405,1949406,0.03668,-0.07849,-0.75024,0.65546,0.05005,-761.42004,-129.16129
-1566352486128,1949405,1949414,0.03687,-0.07880,-0.75037,0.65527,0.05005,-758.81854,-129.30147
-1566352486125,1949405,1949417,0.03711,-0.07916,-0.75055,0.65503,0.05005,-755.29614,-129.39493
-1566352486119,1949417,1949423,0.03729,-0.07953,-0.75067,0.65479,0.05005,-752.84393,-129.61958
-1566352486114,1949424,1949428,0.03778,-0.08020,-0.75104,0.65430,0.05011,-745.7435,-129.72202
-1566352486109,1949432,1949433,0.03802,-0.08051,-0.75122,0.65405,0.05011,-742.3178,-129.7531
-1566352486101,1949439,1949441,0.03821,-0.08063,-0.75134,0.65381,0.05011,-739.9416,-129.69576
-1566352486098,1949439,1949444,0.03833,-0.08075,-0.75159,0.65356,0.05011,-735.59094,-129.21352
-1566352486091,1949446,1949451,0.03851,-0.08069,-0.75177,0.65332,0.05011,-732.33813,-128.77869
-1566352486086,1949455,1949456,0.03851,-0.08057,-0.75201,0.65308,0.05011,-728.36554,-127.96555
-1566352486080,1949455,1949462,0.03857,-0.08038,-0.75226,0.65283,0.05011,-724.21686,-127.104095
-1566352486075,1949462,1949467,0.03857,-0.08014,-0.75250,0.65253,0.05017,-720.2684,-126.17142
-1566352486068,1949472,1949474,0.03864,-0.07996,-0.75269,0.65234,0.05017,-717.1573,-125.51058
-1566352486063,1949478,1949479,0.03888,-0.08002,-0.75299,0.65198,0.05017,-712.09265,-124.95805
-1566352486058,1949478,1949484,0.03918,-0.08026,-0.75317,0.65173,0.05017,-708.8922,-124.97677
-1566352486053,1949487,1949489,0.03949,-0.08063,-0.75330,0.65155,0.05017,-706.49994,-125.27945
-1566352486046,1949487,1949496,0.03986,-0.08105,-0.75336,0.65137,0.05017,-705.0693,-125.865395
-1566352486041,1949500,1949501,0.04022,-0.08142,-0.75342,0.65125,0.05023,-703.71735,-126.38976
-1566352486034,1949508,1949508,0.04065,-0.08179,-0.75354,0.65106,0.05023,-701.368,-126.8049
-1566352486030,1949508,1949512,0.04102,-0.08209,-0.75360,0.65094,0.05023,-700.0173,-127.25606
-1566352486024,1949517,1949518,0.04132,-0.08228,-0.75366,0.65082,0.05023,-698.7406,-127.53135
-1566352486020,1949517,1949522,0.04169,-0.08240,-0.75372,0.65063,0.05023,-697.32825,-127.78011
-1566352486010,1949524,1949532,0.04205,-0.08258,-0.75378,0.65057,0.05023,-696.0635,-128.092
-1566352486008,1949534,1949534,0.04285,-0.08307,-0.75378,0.65045,0.05029,-695.13513,-129.23125
-1566352486003,1949539,1949539,0.04321,-0.08337,-0.75372,0.65039,0.05029,-695.5445,-129.98822
-1566352485997,1949539,1949545,0.04364,-0.08380,-0.75372,0.65039,0.05029,-695.0957,-130.78148
-1566352485990,1949549,1949552,0.04407,-0.08423,-0.75366,0.65033,0.05029,-695.4203,-131.73218
-1566352485986,1949549,1949556,0.04443,-0.08478,-0.75360,0.65033,0.05029,-695.86914,-132.76346
-1566352485982,1949556,1949560,0.04480,-0.08527,-0.75354,0.65033,0.05029,-696.30884,-133.73865
-1566352485974,1949563,1949568,0.04517,-0.08582,-0.75348,0.65033,0.05029,-696.742,-134.7796
-1566352485970,1949571,1949572,0.04541,-0.08630,-0.75342,0.65033,0.05035,-697.3121,-135.64781
-1566352485963,1949571,1949579,0.04565,-0.08685,-0.75336,0.65027,0.05035,-697.8124,-136.58926
-1566352485959,1949571,1949583,0.04590,-0.08728,-0.75330,0.65027,0.05035,-698.3734,-137.41353
-1566352485954,1949584,1949588,0.04620,-0.08801,-0.75317,0.65027,0.05035,-699.8574,-138.80345
-1566352485948,1949591,1949594,0.04626,-0.08826,-0.75311,0.65027,0.05042,-700.6337,-139.29373
-1566352485941,1949600,1949601,0.04633,-0.08844,-0.75311,0.65027,0.05042,-700.5471,-139.5419
-1566352485937,1949600,1949605,0.04633,-0.08868,-0.75305,0.65027,0.05042,-701.38855,-139.97733
-1566352485931,1949606,1949611,0.04633,-0.08893,-0.75305,0.65027,0.05042,-701.3718,-140.24925
-1566352485923,1949616,1949619,0.04633,-0.08917,-0.75299,0.65027,0.05042,-702.2165,-140.68631
-1566352485920,1949616,1949622,0.04633,-0.08954,-0.75299,0.65027,0.05042,-702.1917,-141.08928
-1566352485915,1949623,1949627,0.04633,-0.08990,-0.75293,0.65027,0.05042,-703.02997,-141.65868
-1566352485909,1949630,1949633,0.04639,-0.09052,-0.75287,0.65027,0.05048,-703.78784,-142.55835
-1566352485903,1949638,1949639,0.04651,-0.09174,-0.75275,0.65021,0.05048,-705.246,-144.33833
-1566352485891,1949650,1949651,0.04657,-0.09247,-0.75269,0.65021,0.05048,-706.0004,-145.36461
-1566352485890,1949650,1949652,0.04657,-0.09314,-0.75262,0.65015,0.05048,-706.9078,-146.3095
-1566352485886,1949650,1949656,0.04657,-0.09381,-0.75256,0.65015,0.05048,-707.7365,-147.22997
-1566352485877,1949656,1949665,0.04657,-0.09436,-0.75250,0.65009,0.05048,-708.5106,-148.01695
-1566352485874,1949656,1949668,0.04651,-0.09485,-0.75244,0.65009,0.05054,-709.42285,-148.6989
-1566352485869,1949668,1949673,0.04645,-0.09528,-0.75238,0.65015,0.05054,-710.4068,-149.32037
-1566352485863,1949674,1949679,0.04620,-0.09570,-0.75232,0.65021,0.05054,-711.60583,-149.79007
-1566352485858,1949684,1949684,0.04608,-0.09570,-0.75226,0.65027,0.05054,-712.6919,-149.89413
-1566352485852,1949684,1949690,0.04602,-0.09570,-0.75220,0.65033,0.05054,-713.71497,-150.04381
-1566352485846,1949692,1949696,0.04590,-0.09558,-0.75208,0.65045,0.05054,-715.7761,-150.21075
-1566352485841,1949700,1949701,0.04584,-0.09540,-0.75201,0.65057,0.05060,-717.03577,-150.19725
-1566352485836,1949706,1949706,0.04584,-0.09515,-0.75195,0.65070,0.05060,-718.0972,-150.1198
-1566352485828,1949706,1949714,0.04584,-0.09491,-0.75183,0.65088,0.05060,-720.12354,-150.24959
-1566352485824,1949717,1949718,0.04584,-0.09460,-0.75171,0.65106,0.05060,-722.1636,-150.30145
-1566352485817,1949724,1949725,0.04590,-0.09436,-0.75159,0.65125,0.05060,-724.1538,-150.47905
-1566352485811,1949724,1949731,0.04608,-0.09375,-0.75140,0.65155,0.05060,-727.24225,-150.56831
-1566352485805,1949732,1949737,0.04614,-0.09332,-0.75128,0.65173,0.05060,-729.2591,-150.53258
-1566352485801,1949740,1949741,0.04626,-0.09302,-0.75116,0.65192,0.05066,-731.2187,-150.6909
-1566352485795,1949740,1949747,0.04633,-0.09259,-0.75104,0.65204,0.05066,-733.1771,-150.6593
-1566352485790,1949752,1949752,0.04645,-0.09210,-0.75098,0.65222,0.05066,-734.21497,-150.40521
-1566352485785,1949752,1949757,0.04651,-0.09161,-0.75092,0.65240,0.05066,-735.3267,-150.10425
-1566352485778,1949758,1949764,0.04663,-0.09106,-0.75079,0.65253,0.05066,-737.4234,-150.00674
-1566352485772,1949769,1949770,0.04687,-0.08990,-0.75073,0.65277,0.05066,-738.44604,-149.08434
-1566352485767,1949775,1949775,0.04700,-0.08929,-0.75067,0.65289,0.05072,-739.4235,-148.6935
-1566352485762,1949775,1949780,0.04712,-0.08868,-0.75067,0.65302,0.05072,-739.4727,-148.09982
-1566352485756,1949786,1949786,0.04730,-0.08795,-0.75067,0.65308,0.05072,-739.37836,-147.41113
-1566352485751,1949790,1949791,0.04749,-0.08728,-0.75067,0.65314,0.05072,-739.2667,-146.79887
-1566352485744,1949790,1949798,0.04761,-0.08673,-0.75067,0.65320,0.05072,-739.23114,-146.26924
-1566352485740,1949799,1949802,0.04779,-0.08606,-0.75073,0.65326,0.05072,-738.18134,-145.45851
-1566352485734,1949806,1949808,0.04803,-0.08545,-0.75079,0.65320,0.05072,-736.92017,-144.75621
-1566352485728,1949806,1949814,0.04822,-0.08490,-0.75085,0.65320,0.05078,-735.7856,-144.08939
-1566352485723,1949815,1949819,0.04858,-0.08392,-0.75104,0.65308,0.05078,-732.3161,-142.65636
-1566352485716,1949825,1949826,0.04877,-0.08344,-0.75116,0.65302,0.05078,-730.19165,-141.88632
-1566352485710,1949825,1949832,0.04889,-0.08313,-0.75128,0.65289,0.05078,-728.0728,-141.25293
-1566352485704,1949837,1949838,0.04901,-0.08282,-0.75140,0.65277,0.05078,-725.97546,-140.62332
-1566352485701,1949837,1949841,0.04913,-0.08258,-0.75159,0.65259,0.05078,-722.7544,-139.86072
-1566352485694,1949845,1949848,0.04926,-0.08234,-0.75177,0.65240,0.05084,-719.687,-139.14081
-1566352485690,1949851,1949852,0.04932,-0.08221,-0.75195,0.65222,0.05084,-716.72974,-138.49612
-1566352485684,1949858,1949858,0.04938,-0.08215,-0.75226,0.65186,0.05084,-711.67377,-137.54161
-1566352485674,1949858,1949868,0.04932,-0.08221,-0.75244,0.65161,0.05084,-708.82544,-137.02289
-1566352485672,1949869,1949870,0.04932,-0.08228,-0.75262,0.65143,0.05084,-706.0058,-136.569
-1566352485666,1949874,1949876,0.04926,-0.08240,-0.75275,0.65131,0.05084,-704.056,-136.27481
-1566352485661,1949874,1949881,0.04919,-0.08252,-0.75287,0.65112,0.05090,-702.1941,-135.99802
-1566352485655,1949885,1949887,0.04913,-0.08264,-0.75299,0.65100,0.05090,-700.40704,-135.73528
-1566352485646,1949890,1949896,0.04907,-0.08276,-0.75305,0.65088,0.05090,-699.4799,-135.64265
-1566352485643,1949890,1949899,0.04889,-0.08307,-0.75317,0.65070,0.05090,-697.7594,-135.49371
-1566352485638,1949900,1949904,0.04871,-0.08319,-0.75323,0.65063,0.05090,-697.02454,-135.31621
-1566352485633,1949906,1949909,0.04858,-0.08331,-0.75330,0.65057,0.05090,-696.1052,-135.14873
-1566352485625,1949906,1949917,0.04840,-0.08344,-0.75330,0.65057,0.05090,-696.2918,-135.15506
-1566352485619,1949921,1949923,0.04828,-0.08350,-0.75330,0.65057,0.05096,-696.41797,-135.1305
-1566352485615,1949921,1949927,0.04803,-0.08356,-0.75330,0.65057,0.05096,-696.6841,-135.00877
-1566352485610,1949928,1949932,0.04779,-0.08356,-0.75330,0.65057,0.05096,-696.9426,-134.82944
-1566352485605,1949935,1949937,0.04761,-0.08350,-0.75330,0.65063,0.05096,-697.2048,-134.63399
-1566352485599,1949943,1949943,0.04730,-0.08344,-0.75323,0.65070,0.05096,-698.6082,-134.53664
-1566352485593,1949943,1949949,0.04681,-0.08319,-0.75317,0.65088,0.05096,-700.19464,-134.07558
-1566352485588,1949950,1949954,0.04657,-0.08301,-0.75311,0.65100,0.05103,-701.44885,-133.87383
-1566352485581,1949958,1949961,0.04633,-0.08289,-0.75305,0.65112,0.05103,-702.7006,-133.7362
-1566352485575,1949958,1949967,0.04608,-0.08270,-0.75293,0.65125,0.05103,-704.8477,-133.68245
-1566352485571,1949969,1949971,0.04590,-0.08258,-0.75281,0.65137,0.05103,-706.9154,-133.75766
-1566352485565,1949976,1949977,0.04572,-0.08252,-0.75269,0.65155,0.05103,-709.0542,-133.9026
-1566352485558,1949983,1949984,0.04559,-0.08246,-0.75262,0.65167,0.05103,-710.353,-133.94186
-1566352485555,1949983,1949987,0.04547,-0.08246,-0.75244,0.65186,0.05103,-713.33954,-134.37148
-1566352485549,1949991,1949993,0.04541,-0.08264,-0.75220,0.65216,0.05109,-717.2891,-135.22992
-1566352485542,1949991,1950000,0.04547,-0.08282,-0.75208,0.65228,0.05109,-719.1425,-135.83087
-1566352485537,1950003,1950005,0.04553,-0.08301,-0.75189,0.65247,0.05109,-722.14075,-136.65515
-1566352485532,1950003,1950010,0.04559,-0.08325,-0.75171,0.65265,0.05109,-724.995,-137.51167
-1566352485526,1950010,1950016,0.04565,-0.08337,-0.75159,0.65277,0.05109,-726.8915,-138.05742
-1566352485521,1950020,1950021,0.04565,-0.08344,-0.75140,0.65295,0.05109,-730.0162,-138.71603
-1566352485513,1950028,1950029,0.04565,-0.08331,-0.75128,0.65308,0.05109,-732.0334,-138.93913
-1566352485509,1950028,1950033,0.04553,-0.08301,-0.75122,0.65326,0.05115,-733.328,-138.69806
-1566352485504,1950036,1950038,0.04510,-0.08221,-0.75104,0.65356,0.05115,-737.0324,-138.01115
-1566352485498,1950042,1950044,0.04486,-0.08179,-0.75092,0.65375,0.05115,-739.44525,-137.71503
-1566352485490,1950052,1950052,0.04468,-0.08142,-0.75079,0.65393,0.05115,-741.9494,-137.55226
-1566352485487,1950052,1950055,0.04456,-0.08118,-0.75067,0.65417,0.05115,-744.2974,-137.55951
-1566352485480,1950059,1950062,0.04456,-0.08118,-0.75055,0.65430,0.05115,-746.3799,-137.93295
-1566352485474,1950059,1950068,0.04449,-0.08124,-0.75037,0.65448,0.05121,-749.5833,-138.5078
-1566352485470,1950069,1950072,0.04449,-0.08136,-0.75024,0.65460,0.05121,-751.8381,-139.05534
-1566352485464,1950076,1950078,0.04443,-0.08142,-0.75012,0.65479,0.05121,-754.0959,-139.46083
-1566352485458,1950076,1950084,0.04437,-0.08148,-0.75000,0.65491,0.05121,-756.28546,-139.86383
-1566352485451,1950089,1950091,0.04401,-0.08124,-0.74976,0.65521,0.05121,-761.0782,-140.06042
-1566352485446,1950095,1950096,0.04388,-0.08105,-0.74963,0.65540,0.05121,-763.6556,-140.15295
-1566352485439,1950095,1950103,0.04370,-0.08087,-0.74957,0.65552,0.05127,-765.0359,-139.98924
-1566352485436,1950105,1950106,0.04364,-0.08081,-0.74945,0.65564,0.05127,-767.29236,-140.25711
-1566352485430,1950111,1950112,0.04358,-0.08081,-0.74933,0.65582,0.05127,-769.6293,-140.60173
-1566352485424,1950111,1950118,0.04358,-0.08093,-0.74915,0.65601,0.05127,-772.9478,-141.33495
-1566352485419,1950121,1950123,0.04370,-0.08118,-0.74896,0.65613,0.05127,-776.23157,-142.35857
-1566352485414,1950127,1950128,0.04413,-0.08197,-0.74860,0.65643,0.05127,-782.3425,-144.87862
-1566352485406,1950127,1950136,0.04437,-0.08246,-0.74841,0.65662,0.05127,-785.6216,-146.32588
-1566352485402,1950136,1950140,0.04468,-0.08289,-0.74823,0.65674,0.05133,-788.57416,-147.73192
-1566352485395,1950143,1950147,0.04492,-0.08325,-0.74805,0.65686,0.05133,-791.6422,-149.00392
-1566352485390,1950143,1950152,0.04510,-0.08356,-0.74792,0.65698,0.05133,-793.9,-149.99763
-1566352485386,1950152,1950156,0.04523,-0.08374,-0.74780,0.65710,0.05133,-796.0609,-150.76009
-1566352485379,1950158,1950163,0.04523,-0.08380,-0.74768,0.65717,0.05133,-798.3517,-151.26517
-1566352485373,1950158,1950169,0.04523,-0.08374,-0.74762,0.65729,0.05133,-799.6138,-151.41493
-1566352485369,1950171,1950173,0.04504,-0.08337,-0.74744,0.65753,0.05139,-803.5395,-151.46066
-1566352485364,1950171,1950178,0.04498,-0.08325,-0.74738,0.65759,0.05139,-804.82544,-151.48123
-1566352485358,1950179,1950184,0.04492,-0.08313,-0.74731,0.65771,0.05139,-806.37946,-151.54272
-1566352485352,1950187,1950190,0.04492,-0.08313,-0.74719,0.65784,0.05139,-808.8077,-151.98654
-1566352485345,1950195,1950197,0.04498,-0.08325,-0.74713,0.65790,0.05139,-809.93036,-152.40967
-1566352485341,1950195,1950201,0.04510,-0.08356,-0.74701,0.65802,0.05139,-812.1807,-153.34668
-1566352485336,1950205,1950206,0.04529,-0.08398,-0.74683,0.65814,0.05139,-815.4924,-154.70955
-1566352485331,1950209,1950211,0.04547,-0.08459,-0.74670,0.65820,0.05145,-817.7847,-156.11984
-1566352485320,1950222,1950222,0.04590,-0.08600,-0.74640,0.65833,0.05145,-823.08746,-159.41945
-1566352485318,1950222,1950224,0.04608,-0.08673,-0.74628,0.65833,0.05145,-825.13513,-160.96371
-1566352485313,1950228,1950229,0.04626,-0.08746,-0.74615,0.65833,0.05145,-827.3918,-162.55582
-1566352485308,1950228,1950234,0.04639,-0.08820,-0.74609,0.65839,0.05145,-828.414,-163.85045
-1566352485301,1950234,1950241,0.04651,-0.08875,-0.74603,0.65833,0.05145,-829.3155,-164.88881
-1566352485291,1950249,1950251,0.04651,-0.08929,-0.74597,0.65833,0.05151,-830.47076,-165.81834
-1566352485288,1950249,1950254,0.04651,-0.08966,-0.74597,0.65833,0.05151,-830.4414,-166.28906
-1566352485285,1950249,1950257,0.04645,-0.09003,-0.74597,0.65826,0.05151,-830.41077,-166.70267
-1566352485278,1950263,1950264,0.04639,-0.09027,-0.74597,0.65820,0.05151,-830.40405,-166.95187
-1566352485275,1950263,1950267,0.04626,-0.09045,-0.74603,0.65814,0.05151,-829.3054,-166.81914
-1566352485269,1950270,1950273,0.04596,-0.09064,-0.74615,0.65796,0.05151,-827.1077,-166.29945
-1566352485263,1950278,1950279,0.04578,-0.09070,-0.74622,0.65790,0.05151,-825.8991,-165.93253
-1566352485255,1950278,1950287,0.04559,-0.09076,-0.74634,0.65778,0.05157,-823.646,-165.35193
-1566352485252,1950289,1950290,0.04541,-0.09070,-0.74646,0.65765,0.05157,-821.3845,-164.63069
-1566352485247,1950295,1950295,0.04523,-0.09070,-0.74658,0.65753,0.05157,-819.1441,-163.9897
-1566352485240,1950295,1950302,0.04504,-0.09064,-0.74670,0.65741,0.05157,-816.9327,-163.26823
-1566352485236,1950303,1950306,0.04480,-0.09058,-0.74689,0.65729,0.05157,-813.45197,-162.23395
-1566352485227,1950312,1950315,0.04456,-0.09045,-0.74701,0.65710,0.05157,-811.25415,-161.38673
-1566352485223,1950312,1950319,0.04425,-0.09027,-0.74719,0.65698,0.05157,-808.1109,-160.19702
-1566352485219,1950322,1950323,0.04376,-0.08997,-0.74750,0.65668,0.05164,-802.5746,-158.21178
-1566352485213,1950326,1950329,0.04346,-0.08978,-0.74768,0.65656,0.05164,-799.47736,-157.04199
-1566352485207,1950326,1950335,0.04315,-0.08954,-0.74780,0.65643,0.05164,-797.5121,-156.03085
-1566352485201,1950339,1950341,0.04285,-0.08936,-0.74792,0.65637,0.05164,-795.62225,-155.11101
-1566352485196,1950339,1950346,0.04254,-0.08917,-0.74799,0.65631,0.05164,-794.66583,-154.35507
-1566352485190,1950346,1950352,0.04224,-0.08899,-0.74811,0.65625,0.05164,-792.78516,-153.44197
-1566352485186,1950356,1950356,0.04187,-0.08887,-0.74817,0.65619,0.05164,-792.0812,-152.75941
-1566352485178,1950363,1950364,0.04163,-0.08875,-0.74823,0.65619,0.05170,-791.2909,-152.19354
-1566352485174,1950363,1950368,0.04132,-0.08862,-0.74823,0.65619,0.05170,-791.6753,-151.76872
-1566352485168,1950371,1950374,0.04083,-0.08856,-0.74823,0.65625,0.05170,-792.34064,-151.27629
-1566352485162,1950378,1950380,0.04059,-0.08856,-0.74817,0.65631,0.05170,-793.7948,-151.28444
-1566352485158,1950378,1950384,0.04041,-0.08862,-0.74811,0.65637,0.05170,-795.1773,-151.41779
-1566352485152,1950387,1950390,0.04022,-0.08868,-0.74805,0.65643,0.05170,-796.57526,-151.5426
-1566352485146,1950394,1950396,0.04004,-0.08875,-0.74799,0.65656,0.05176,-798.05005,-151.69316
-1566352485140,1950394,1950402,0.03992,-0.08887,-0.74786,0.65662,0.05176,-800.66815,-152.20457
-1566352485135,1950405,1950407,0.03979,-0.08899,-0.74774,0.65674,0.05176,-803.20215,-152.67825
-1566352485130,1950411,1950412,0.03973,-0.08911,-0.74768,0.65686,0.05176,-804.53754,-152.99821
-1566352485123,1950411,1950419,0.03967,-0.08942,-0.74738,0.65710,0.05176,-810.5595,-154.44221
-1566352485118,1950424,1950424,0.03973,-0.08972,-0.74725,0.65729,0.05176,-813.18713,-155.36327
-1566352485112,1950424,1950430,0.03979,-0.08997,-0.74713,0.65735,0.05176,-815.47925,-156.18132
-1566352485107,1950432,1950435,0.03992,-0.09027,-0.74695,0.65747,0.05182,-818.9333,-157.36053
-1566352485102,1950439,1950440,0.04004,-0.09058,-0.74683,0.65759,0.05182,-821.25256,-158.32303
-1566352485095,1950439,1950447,0.04016,-0.09088,-0.74670,0.65771,0.05182,-823.782,-159.31694
-1566352485088,1950447,1950454,0.04034,-0.09125,-0.74658,0.65778,0.05182,-825.9827,-160.4166
-1566352485085,1950456,1950457,0.04053,-0.09155,-0.74646,0.65784,0.05182,-828.173,-161.44144
-1566352485080,1950462,1950462,0.04071,-0.09180,-0.74634,0.65790,0.05182,-830.3927,-162.39955
-1566352485074,1950462,1950468,0.04108,-0.09222,-0.74622,0.65796,0.05188,-832.3575,-163.74908
-1566352485068,1950472,1950474,0.04126,-0.09235,-0.74622,0.65802,0.05188,-832.1863,-164.07994
-1566352485063,1950472,1950479,0.04138,-0.09241,-0.74622,0.65802,0.05188,-832.0217,-164.26335
-1566352485057,1950479,1950485,0.04156,-0.09241,-0.74622,0.65796,0.05188,-831.70514,-164.41951
-1566352485052,1950487,1950490,0.04175,-0.09241,-0.74622,0.65796,0.05188,-831.4502,-164.5884
-1566352485047,1950494,1950495,0.04193,-0.09241,-0.74622,0.65790,0.05188,-831.13226,-164.74402
-1566352485041,1950494,1950501,0.04211,-0.09241,-0.74628,0.65784,0.05188,-829.61237,-164.65701
-1566352485035,1950494,1950507,0.04230,-0.09235,-0.74634,0.65778,0.05188,-828.08954,-164.50313
-1566352485027,1950514,1950515,0.04242,-0.09235,-0.74646,0.65765,0.05194,-825.38153,-164.11821
-1566352485024,1950514,1950518,0.04272,-0.09222,-0.74664,0.65741,0.05194,-821.14545,-163.4835
-1566352485019,1950523,1950523,0.04285,-0.09222,-0.74683,0.65723,0.05194,-817.0462,-162.83446
-1566352485012,1950523,1950530,0.04291,-0.09216,-0.74695,0.65704,0.05194,-814.4158,-162.32811
-1566352485006,1950530,1950536,0.04303,-0.09210,-0.74713,0.65686,0.05194,-810.5878,-161.64468
-1566352485000,1950541,1950542,0.04309,-0.09204,-0.74725,0.65668,0.05194,-808.0074,-161.14598
-1566352484997,1950541,1950545,0.04315,-0.09204,-0.74744,0.65649,0.05200,-804.11005,-160.45663
-1566352484990,1950548,1950552,0.04321,-0.09198,-0.74768,0.65625,0.05200,-799.2616,-159.50754
-1566352484985,1950556,1950557,0.04327,-0.09198,-0.74786,0.65601,0.05200,-795.5672,-158.86655
-1566352484979,1950563,1950563,0.04333,-0.09198,-0.74811,0.65576,0.05200,-790.6198,-157.97157
-1566352484975,1950563,1950567,0.04346,-0.09198,-0.74854,0.65527,0.05200,-782.14105,-156.47496
-1566352484969,1950573,1950573,0.04346,-0.09198,-0.74872,0.65503,0.05200,-778.66766,-155.80965
-1566352484963,1950577,1950579,0.04352,-0.09186,-0.74896,0.65479,0.05206,-774.1116,-154.84328
-1566352484956,1950577,1950586,0.04352,-0.09167,-0.74921,0.65448,0.05206,-769.4299,-153.71567
-1566352484949,1950592,1950593,0.04346,-0.09143,-0.74945,0.65424,0.05206,-765.1277,-152.5318
-1566352484946,1950592,1950596,0.04340,-0.09100,-0.74976,0.65399,0.05206,-759.6987,-150.89966
-1566352484941,1950600,1950601,0.04327,-0.09039,-0.75006,0.65375,0.05206,-754.61176,-149.05702
-1566352484936,1950606,1950606,0.04303,-0.08960,-0.75043,0.65344,0.05206,-748.50775,-146.70901
-1566352484930,1950606,1950612,0.04272,-0.08868,-0.75079,0.65320,0.05206,-742.82306,-144.22827
-1566352484923,1950614,1950619,0.04224,-0.08698,-0.75140,0.65271,0.05212,-733.2435,-139.97983
-1566352484918,1950623,1950624,0.04211,-0.08630,-0.75165,0.65253,0.05212,-729.3381,-138.34325
-1566352484911,1950630,1950631,0.04211,-0.08575,-0.75189,0.65234,0.05212,-725.4716,-137.00217
-1566352484906,1950630,1950636,0.04211,-0.08539,-0.75208,0.65222,0.05212,-722.4678,-136.03616
-1566352484902,1950639,1950640,0.04224,-0.08514,-0.75226,0.65198,0.05212,-719.3659,-135.32495
-1566352484894,1950648,1950648,0.04242,-0.08496,-0.75238,0.65186,0.05212,-717.2617,-134.91551
-1566352484889,1950648,1950653,0.04254,-0.08478,-0.75256,0.65167,0.05212,-714.26215,-134.28569
-1566352484882,1950656,1950660,0.04266,-0.08466,-0.75269,0.65155,0.05219,-712.0956,-133.87221
-1566352484878,1950664,1950664,0.04297,-0.08435,-0.75281,0.65137,0.05219,-709.84143,-133.42545
-1566352484873,1950664,1950669,0.04309,-0.08429,-0.75287,0.65137,0.05219,-708.84607,-133.28511
-1566352484867,1950674,1950675,0.04327,-0.08429,-0.75287,0.65131,0.05219,-708.5978,-133.42188
-1566352484861,1950674,1950681,0.04346,-0.08435,-0.75287,0.65131,0.05219,-708.401,-133.63579
-1566352484856,1950683,1950686,0.04370,-0.08453,-0.75281,0.65131,0.05219,-709.0204,-134.18892
-1566352484849,1950692,1950693,0.04401,-0.08484,-0.75269,0.65143,0.05219,-710.5685,-135.11804
-1566352484844,1950692,1950698,0.04431,-0.08514,-0.75250,0.65155,0.05225,-713.16565,-136.23361
-1566352484836,1950700,1950706,0.04486,-0.08582,-0.75214,0.65186,0.05225,-718.2368,-138.48412
-1566352484833,1950700,1950709,0.04517,-0.08612,-0.75195,0.65204,0.05225,-720.9387,-139.63498
-1566352484826,1950715,1950716,0.04535,-0.08630,-0.75177,0.65216,0.05225,-723.59174,-140.52448
-1566352484822,1950715,1950720,0.04559,-0.08643,-0.75159,0.65240,0.05225,-726.3342,-141.41928
-1566352484815,1950723,1950727,0.04572,-0.08643,-0.75134,0.65259,0.05225,-730.2551,-142.2999
-1566352484810,1950732,1950732,0.04584,-0.08636,-0.75116,0.65283,0.05231,-733.19446,-142.8882
-1566352484802,1950732,1950740,0.04590,-0.08618,-0.75098,0.65302,0.05231,-736.177,-143.30551
-1566352484799,1950740,1950743,0.04584,-0.08588,-0.75085,0.65326,0.05231,-738.5931,-143.34035
-1566352484795,1950746,1950747,0.04565,-0.08527,-0.75055,0.65369,0.05231,-744.13776,-143.46661
-1566352484789,1950746,1950753,0.04553,-0.08508,-0.75043,0.65387,0.05231,-746.43317,-143.54483
-1566352484783,1950758,1950759,0.04535,-0.08496,-0.75031,0.65405,0.05231,-748.8075,-143.65593
-1566352484777,1950758,1950765,0.04523,-0.08496,-0.75012,0.65424,0.05237,-752.27515,-144.17982
-1566352484771,1950768,1950771,0.04510,-0.08502,-0.75000,0.65436,0.05237,-754.5411,-144.53874
-1566352484766,1950775,1950776,0.04504,-0.08533,-0.74988,0.65454,0.05237,-756.78864,-145.25209
-1566352484759,1950775,1950783,0.04498,-0.08569,-0.74969,0.65466,0.05237,-760.1477,-146.25356
-1566352484755,1950783,1950787,0.04492,-0.08618,-0.74957,0.65472,0.05237,-762.2741,-147.17952
-1566352484747,1950791,1950795,0.04486,-0.08667,-0.74945,0.65485,0.05237,-764.4939,-148.11536
-1566352484738,1950803,1950804,0.04486,-0.08771,-0.74921,0.65497,0.05237,-768.6571,-150.16284
-1566352484736,1950803,1950806,0.04486,-0.08813,-0.74915,0.65503,0.05243,-769.7288,-150.86975
-1566352484732,1950808,1950810,0.04486,-0.08856,-0.74902,0.65509,0.05243,-772.01263,-151.83289
-1566352484727,1950815,1950815,0.04486,-0.08887,-0.74896,0.65509,0.05243,-773.0297,-152.40991
-1566352484718,1950824,1950824,0.04486,-0.08911,-0.74890,0.65515,0.05243,-774.12683,-152.90953
-1566352484716,1950824,1950826,0.04486,-0.08923,-0.74884,0.65521,0.05243,-775.23566,-153.26741
-1566352484709,1950831,1950833,0.04480,-0.08929,-0.74878,0.65527,0.05243,-776.4262,-153.50485
-1566352484705,1950831,1950837,0.04474,-0.08911,-0.74872,0.65533,0.05249,-777.63904,-153.4562
-1566352484699,1950842,1950843,0.04474,-0.08899,-0.74866,0.65540,0.05249,-778.78546,-153.52933
-1566352484693,1950842,1950849,0.04468,-0.08875,-0.74866,0.65546,0.05249,-778.9501,-153.19633
-1566352484687,1950851,1950855,0.04468,-0.08844,-0.74866,0.65552,0.05249,-779.0441,-152.82922
-1566352484682,1950858,1950860,0.04468,-0.08820,-0.74866,0.65558,0.05249,-779.1332,-152.54597
-1566352484675,1950858,1950867,0.04474,-0.08783,-0.74866,0.65558,0.05249,-779.08417,-152.15254
-1566352484670,1950867,1950872,0.04474,-0.08746,-0.74866,0.65564,0.05249,-779.1826,-151.71358
-1566352484665,1950876,1950877,0.04480,-0.08704,-0.74866,0.65570,0.05249,-779.20856,-151.26456
-1566352484658,1950883,1950884,0.04498,-0.08624,-0.74866,0.65576,0.05255,-779.11163,-150.46054
-1566352484653,1950883,1950889,0.04510,-0.08582,-0.74872,0.65576,0.05255,-777.93695,-149.85062
-1566352484649,1950891,1950893,0.04523,-0.08539,-0.74878,0.65576,0.05255,-776.7523,-149.23859
-1566352484637,1950901,1950905,0.04541,-0.08496,-0.74878,0.65576,0.05255,-776.55676,-148.87465
-1566352484635,1950901,1950907,0.04553,-0.08453,-0.74884,0.65570,0.05255,-775.31793,-148.25253
-1566352484627,1950909,1950915,0.04572,-0.08405,-0.74896,0.65570,0.05255,-773.0275,-147.4323
-1566352484625,1950917,1950917,0.04590,-0.08350,-0.74908,0.65564,0.05261,-770.6978,-146.52141
-1566352484620,1950917,1950922,0.04602,-0.08313,-0.74915,0.65558,0.05261,-769.30054,-145.94489
-1566352484614,1950926,1950928,0.04626,-0.08221,-0.74939,0.65540,0.05261,-764.7618,-144.25365
-1566352484609,1950926,1950933,0.04639,-0.08179,-0.74957,0.65521,0.05261,-761.3696,-143.26901
-1566352484603,1950935,1950939,0.04651,-0.08142,-0.74969,0.65509,0.05261,-759.09784,-142.53969
-1566352484597,1950944,1950945,0.04657,-0.08099,-0.74988,0.65491,0.05261,-755.68475,-141.46936
-1566352484592,1950944,1950950,0.04663,-0.08063,-0.75006,0.65472,0.05261,-752.4492,-140.51991
-1566352484585,1950950,1950957,0.04669,-0.08038,-0.75024,0.65460,0.05267,-749.31396,-139.71016
-1566352484579,1950960,1950963,0.04675,-0.08014,-0.75043,0.65442,0.05267,-745.9732,-138.88347
-1566352484572,1950967,1950970,0.04681,-0.07990,-0.75061,0.65417,0.05267,-742.7406,-138.08904
-1566352484570,1950967,1950972,0.04694,-0.07965,-0.75098,0.65381,0.05267,-736.32715,-136.76814
-1566352484563,1950974,1950979,0.04700,-0.07965,-0.75116,0.65363,0.05267,-733.2342,-136.26778
-1566352484556,1950984,1950986,0.04706,-0.07965,-0.75134,0.65344,0.05267,-730.1562,-135.77094
-1566352484552,1950984,1950990,0.04712,-0.07971,-0.75146,0.65326,0.05273,-728.0306,-135.52116
-1566352484546,1950992,1950996,0.04718,-0.07983,-0.75159,0.65308,0.05273,-725.75903,-135.31079
-1566352484541,1951000,1951001,0.04724,-0.08002,-0.75165,0.65295,0.05273,-724.61646,-135.38661
-1566352484536,1951000,1951006,0.04730,-0.08032,-0.75177,0.65283,0.05273,-722.5694,-135.41125
-1566352484530,1951012,1951012,0.04736,-0.08057,-0.75177,0.65277,0.05273,-722.4164,-135.7325
-1566352484524,1951012,1951018,0.04749,-0.08112,-0.75183,0.65265,0.05273,-721.18994,-136.26347
-1566352484519,1951020,1951023,0.04755,-0.08142,-0.75177,0.65265,0.05273,-722.007,-136.81956
-1566352484513,1951027,1951029,0.04761,-0.08179,-0.75177,0.65265,0.05280,-721.9124,-137.27858
-1566352484504,1951036,1951038,0.04767,-0.08209,-0.75171,0.65265,0.05280,-722.7319,-137.83662
