eye_packets,773
norm_X,norm_Y,phi,theta,confidence,timestamp
1581495764.46118,"{'circle_3d': {'center': [-1.8193093615957043, 5.457703082959563, 57.85012983676463], 'normal': [-0.2987657569926375, 0.5768251629657132, -0.7602708424095947], 'radius': 2.6823056832397842}, 'confidence': 0.9997958745538449, 'timestamp': 360861.045341, 'diameter_3d': 5.3646113664795685, 'ellipse': {'center': [140.78715766124398, 177.96015070814693], 'axes': [40.074762374102754, 57.526151890130826], 'angle': -63.39765775273083}, 'location': [140.78715766124398, 177.96015070814693], 'diameter': 57.526151890130826, 'sphere': {'center': [1.765879722315946, -1.4641988726289945, 66.97337994567977], 'radius': 12.0}, 'projected_sphere': {'center': [176.3474716181845, 106.4453115287556], 'axes': [222.17782665394446, 222.17782665394446], 'angle': 90.0}, 'model_confidence': 0.9637105988662076, 'model_id': 32, 'model_birth_timestamp': 360848.025353, 'theta': 2.185633060431248, 'phi': -1.945230127086169, 'norm_pos': [0.43995986769138745, 0.2584993720493878], 'topic': 'pupil.1', 'id': 1, 'method': '3d c++'}"
1581495764.4693382,"{'circle_3d': {'center': [-1.8373379758778021, 5.461125915529166, 57.85983514697792], 'normal': [-0.30026814151614567, 0.5771103990131801, -0.7594620665584871], 'radius': 2.659002769580456}, 'confidence': 0.9995842003474723, 'timestamp': 360861.053741, 'diameter_3d': 5.318005539160912, 'ellipse': {'center': [140.59316588213443, 177.99690547928378], 'axes': [39.66241928346037, 57.01638781160568], 'angle': -63.28608510913809}, 'location': [140.59316588213443, 177.99690547928378], 'diameter': 57.01638781160568, 'sphere': {'center': [1.765879722315946, -1.4641988726289945, 66.97337994567977], 'radius': 12.0}, 'projected_sphere': {'center': [176.3474716181845, 106.4453115287556], 'axes': [222.17782665394446, 222.17782665394446], 'angle': 90.0}, 'model_confidence': 0.9641598268422036, 'model_id': 32, 'model_birth_timestamp': 360848.025353, 'theta': 2.1859822862002956, 'phi': -1.9473045353989593, 'norm_pos': [0.4393536433816701, 0.25834622716965094], 'topic': 'pupil.1', 'id': 1, 'method': '3d c++'}"
1581495764.4773061,"{'circle_3d': {'center': [-1.8104274910519107, 5.449727621652247, 57.84060122574524], 'normal': [-0.29802560111398807, 0.5761605411901035, -0.7610648933278772], 'radius': 2.6656645208838516}, 'confidence': 0.9999813950069726, 'timestamp': 360861.062141, 'diameter_3d': 5.331329041767703, 'ellipse': {'center': [140.87541354872366, 177.89055575561963], 'axes': [39.889040743160216, 57.178303746697004], 'angle': -63.431919786170724}, 'location': [140.87541354872366, 177.89055575561963], 'diameter': 57.178303746697004, 'sphere': {'center': [1.765879722315946, -1.4641988726289945, 66.97337994567977], 'radius': 12.0}, 'projected_sphere': {'center': [176.3474716181845, 106.4453115287556], 'axes': [222.17782665394446, 222.17782665394446], 'angle': 90.0}, 'model_confidence': 0.964328649959445, 'model_id': 32, 'model_birth_timestamp': 360848.025353, 'theta': 2.184819671569817, 'phi': -1.9440319732124924, 'norm_pos': [0.44023566733976144, 0.2587893510182515], 'topic': 'pupil.1', 'id': 1, 'method': '3d c++'}"
1581495764.485125,"{'circle_3d': {'center': [-1.820978784229182, 5.406756530361662, 57.81235282509234], 'normal': [-0.29890487554542733, 0.572579616915888, -0.763418926715619], 'radius': 2.6693733692201493}, 'confidence': 0.9999801339503473, 'timestamp': 360861.070541, 'diameter_3d': 5.338746738440299, 'ellipse': {'center': [140.7556900630321, 177.45727542045105], 'axes': [40.13608321580035, 57.28561686515785], 'angle': -63.216560995867006}, 'location': [140.7556900630321, 177.45727542045105], 'diameter': 57.28561686515785, 'sphere': {'center': [1.765879722315946, -1.4641988726289945, 66.97337994567977], 'radius': 12.0}, 'projected_sphere': {'center': [176.3474716181845, 106.4453115287556], 'axes': [222.17782665394446, 222.17782665394446], 'angle': 90.0}, 'model_confidence': 0.9644221273353959, 'model_id': 32, 'model_birth_timestamp': 360848.025353, 'theta': 2.180445190858518, 'phi': -1.9439836555446794, 'norm_pos': [0.43986153144697526, 0.2605946857481206], 'topic': 'pupil.1', 'id': 1, 'method': '3d c++'}"
1581495764.493192,"{'circle_3d': {'center': [-1.8224160978363801, 5.432006423895873, 57.83190929729612], 'normal': [-0.2990246516793605, 0.5746837747104057, -0.7617892206986372], 'radius': 2.6948690906191803}, 'confidence': 0.9999415179605228, 'timestamp': 360861.078941, 'diameter_3d': 5.389738181238361, 'ellipse': {'center': [140.7515088923322, 177.6982467219669], 'axes': [40.38704455793448, 57.81387257156178], 'angle': -63.29112856670682}, 'location': [140.7515088923322, 177.6982467219669], 'diameter': 57.81387257156178, 'sphere': {'center': [1.765879722315946, -1.4641988726289945, 66.97337994567977], 'radius': 12.0}, 'projected_sphere': {'center': [176.3474716181845, 106.4453115287556], 'axes': [222.17782665394446, 222.17782665394446], 'angle': 90.0}, 'model_confidence': 0.9644127831072491, 'model_id': 32, 'model_birth_timestamp': 360848.025353, 'theta': 2.1830140163187943, 'phi': -1.9448459720648, 'norm_pos': [0.4398484652885381, 0.2595906386584712], 'topic': 'pupil.1', 'id': 1, 'method': '3d c++'}"
1581495764.5015209,"{'circle_3d': {'center': [-1.8453813765463474, 5.43245363750926, 57.8412948918573], 'normal': [-0.3009384249051911, 0.5747210425115212, -0.7610070878185384], 'radius': 2.6902595056678216}, 'confidence': 0.9999953331492466, 'timestamp': 360861.087341, 'diameter_3d': 5.380519011335643, 'ellipse': {'center': [140.50880200426454, 177.6963110546476], 'axes': [40.25604797148488, 57.70552309621815], 'angle': -63.13579378682999}, 'location': [140.50880200426454, 177.6963110546476], 'diameter': 57.70552309621815, 'sphere': {'center': [1.765879722315946, -1.4641988726289945, 66.97337994567977], 'radius': 12.0}, 'projected_sphere': {'center': [176.3474716181845, 106.4453115287556], 'axes': [222.17782665394446, 222.17782665394446], 'angle': 90.0}, 'model_confidence': 0.964775612865576, 'model_id': 32, 'model_birth_timestamp': 360848.025353, 'theta': 2.1830595557982218, 'phi': -1.9473720693115313, 'norm_pos': [0.43909000626332667, 0.25959870393896833], 'topic': 'pupil.1', 'id': 1, 'method': '3d c++'}"
1581495764.509175,"{'circle_3d': {'center': [-1.830231265718895, 5.4281376530977585, 57.83206259106025], 'normal': [-0.2996759156695701, 0.5743613771438961, -0.7617764462182929], 'radius': 2.7077531461325943}, 'confidence': 0.9999618686353202, 'timestamp': 360861.095741, 'diameter_3d': 5.415506292265189, 'ellipse': {'center': [140.67114069143972, 177.65177769118228], 'axes': [40.58011691866539, 58.09034950690841], 'angle': -63.224809169333646}, 'location': [140.67114069143972, 177.65177769118228], 'diameter': 58.09034950690841, 'sphere': {'center': [1.765879722315946, -1.4641988726289945, 66.97337994567977], 'radius': 12.0}, 'projected_sphere': {'center': [176.3474716181845, 106.4453115287556], 'axes': [222.17782665394446, 222.17782665394446], 'angle': 90.0}, 'model_confidence': 0.9650999865069232, 'model_id': 32, 'model_birth_timestamp': 360848.025353, 'theta': 2.18262012260006, 'phi': -1.9455922447748248, 'norm_pos': [0.43959731466074914, 0.2597842596200739], 'topic': 'pupil.1', 'id': 1, 'method': '3d c++'}"
1581495764.520819,"{'circle_3d': {'center': [-1.8499234541594178, 5.415636346798022, 57.830413537422416], 'normal': [-0.30131693137294696, 0.573319601618918, -0.7619138673547791], 'radius': 2.6597299501459144}, 'confidence': 0.9995607047390919, 'timestamp': 360861.104141, 'diameter_3d': 5.319459900291829, 'ellipse': {'center': [140.45070092888784, 177.53923486886833], 'axes': [39.87187024469485, 57.06070561096513], 'angle': -63.04836577659832}, 'location': [140.45070092888784, 177.53923486886833], 'diameter': 57.06070561096513, 'sphere': {'center': [1.765879722315946, -1.4641988726289945, 66.97337994567977], 'radius': 12.0}, 'projected_sphere': {'center': [176.3474716181845, 106.4453115287556], 'axes': [222.17782665394446, 222.17782665394446], 'angle': 90.0}, 'model_confidence': 0.9653774200449217, 'model_id': 32, 'model_birth_timestamp': 360848.025353, 'theta': 2.181348062082908, 'phi': -1.9473946812522387, 'norm_pos': [0.4389084404027745, 0.260253188046382], 'topic': 'pupil.1', 'id': 1, 'method': '3d c++'}"
1581495764.529485,"{'circle_3d': {'center': [-1.8463471302228205, 5.404166738147238, 57.82038202136533], 'normal': [-0.30101890437823053, 0.5723638008980193, -0.7627498270262028], 'radius': 2.695805109815646}, 'confidence': 0.9999135088686799, 'timestamp': 360861.112541, 'diameter_3d': 5.391610219631292, 'ellipse': {'center': [140.4935848978818, 177.41194531661563], 'axes': [40.481679404469126, 57.84530499289849], 'angle': -63.03422106779478}, 'location': [140.4935848978818, 177.41194531661563], 'diameter': 57.84530499289849, 'sphere': {'center': [1.765879722315946, -1.4641988726289945, 66.97337994567977], 'radius': 12.0}, 'projected_sphere': {'center': [176.3474716181845, 106.4453115287556], 'axes': [222.17782665394446, 222.17782665394446], 'angle': 90.0}, 'model_confidence': 0.965726712278292, 'model_id': 32, 'model_birth_timestamp': 360848.025353, 'theta': 2.180181976347503, 'phi': -1.9466817864616877, 'norm_pos': [0.4390424528058806, 0.2607835611807682], 'topic': 'pupil.1', 'id': 1, 'method': '3d c++'}"
1581495764.537502,"{'circle_3d': {'center': [-1.8227424851295433, 5.400372539332993, 57.80825856174255], 'normal': [-0.2990518506204574, 0.572047617663499, -0.7637601153281016], 'radius': 2.6823301263076975}, 'confidence': 0.9998860200160814, 'timestamp': 360861.120941, 'diameter_3d': 5.364660252615395, 'ellipse': {'center': [140.73849249416185, 177.38786736886533], 'axes': [40.35917479456652, 57.56795585223155], 'angle': -63.18306156645414}, 'location': [140.73849249416185, 177.38786736886533], 'diameter': 57.56795585223155, 'sphere': {'center': [1.765879722315946, -1.4641988726289945, 66.97337994567977], 'radius': 12.0}, 'projected_sphere': {'center': [176.3474716181845, 106.4453115287556], 'axes': [222.17782665394446, 222.17782665394446], 'angle': 90.0}, 'model_confidence': 0.9660565093703277, 'model_id': 32, 'model_birth_timestamp': 360848.025353, 'theta': 2.1797964388110773, 'phi': -1.9439988544563254, 'norm_pos': [0.43980778904425577, 0.2608838859630611], 'topic': 'pupil.1', 'id': 1, 'method': '3d c++'}"
1581495764.5455081,"{'circle_3d': {'center': [-1.8356001947249199, 5.3911638878227315, 57.80640968120508], 'normal': [-0.30012332642007217, 0.5712802300376438, -0.7639141887062235], 'radius': 2.7169467361703985}, 'confidence': 0.9998933953504542, 'timestamp': 360861.129341, 'diameter_3d': 5.433893472340797, 'ellipse': {'center': [140.60852727355623, 177.2776560355751], 'axes': [40.89480189364794, 58.31337300848928], 'angle': -63.06395212966055}, 'location': [140.60852727355623, 177.2776560355751], 'diameter': 58.31337300848928, 'sphere': {'center': [1.765879722315946, -1.4641988726289945, 66.97337994567977], 'radius': 12.0}, 'projected_sphere': {'center': [176.3474716181845, 106.4453115287556], 'axes': [222.17782665394446, 222.17782665394446], 'angle': 90.0}, 'model_confidence': 0.9661228257325738, 'model_id': 32, 'model_birth_timestamp': 360848.025353, 'theta': 2.1788611566271388, 'phi': -1.9451460241574394, 'norm_pos': [0.43940164772986323, 0.2613430998517704], 'topic': 'pupil.1', 'id': 1, 'method': '3d c++'}"
1581495764.553461,"{'circle_3d': {'center': [-1.8358465291460166, 5.415224570457395, 57.8245493591926], 'normal': [-0.3001438542884969, 0.5732852869238658, -0.7624025488739308], 'radius': 2.6770908722354343}, 'confidence': 0.9996070488467608, 'timestamp': 360861.137741, 'diameter_3d': 5.354181744470869, 'ellipse': {'center': [140.60257278469334, 177.53333163140917], 'axes': [40.17105862584041, 57.439319405607506], 'angle': -63.143170504434245}, 'location': [140.60257278469334, 177.53333163140917], 'diameter': 57.439319405607506, 'sphere': {'center': [1.765879722315946, -1.4641988726289945, 66.97337994567977], 'radius': 12.0}, 'projected_sphere': {'center': [176.3474716181845, 106.4453115287556], 'axes': [222.17782665394446, 222.17782665394446], 'angle': 90.0}, 'model_confidence': 0.9661065451784578, 'model_id': 32, 'model_birth_timestamp': 360848.025353, 'theta': 2.1813061813804318, 'phi': -1.9458439670585788, 'norm_pos': [0.43938303995216665, 0.26027778486912845], 'topic': 'pupil.1', 'id': 1, 'method': '3d c++'}"
1581495764.561051,"{'circle_3d': {'center': [-1.8777581603028402, 5.38523955661417, 57.81864913672901], 'normal': [-0.3036364902182322, 0.5707865357702637, -0.7628942340792298], 'radius': 2.662009926692995}, 'confidence': 0.9997579538495944, 'timestamp': 360861.146141, 'diameter_3d': 5.32401985338599, 'ellipse': {'center': [140.15130169599274, 177.22533106060112], 'axes': [39.98759417830885, 57.121074379863714], 'angle': -62.75557152163406}, 'location': [140.15130169599274, 177.22533106060112], 'diameter': 57.121074379863714, 'sphere': {'center': [1.765879722315946, -1.4641988726289945, 66.97337994567977], 'radius': 12.0}, 'projected_sphere': {'center': [176.3474716181845, 106.4453115287556], 'axes': [222.17782665394446, 222.17782665394446], 'angle': 90.0}, 'model_confidence': 0.9661335681121597, 'model_id': 32, 'model_birth_timestamp': 360848.025353, 'theta': 2.1782597701674224, 'phi': -1.949582566037205, 'norm_pos': [0.4379728177999773, 0.2615611205808287], 'topic': 'pupil.1', 'id': 1, 'method': '3d c++'}"
1581495764.5701709,"{'circle_3d': {'center': [-1.8545431327140836, 5.401625842920922, 57.821714013942525], 'normal': [-0.3017019045858358, 0.5721520596291597, -0.7626388276447703], 'radius': 2.6833283874889347}, 'confidence': 0.9998823192925775, 'timestamp': 360861.154541, 'diameter_3d': 5.366656774977869, 'ellipse': {'center': [140.40401419533146, 177.38864194069112], 'axes': [40.285648378474335, 57.57599775405965], 'angle': -62.96963069038048}, 'location': [140.40401419533146, 177.38864194069112], 'diameter': 57.57599775405965, 'sphere': {'center': [1.765879722315946, -1.4641988726289945, 66.97337994567977], 'radius': 12.0}, 'projected_sphere': {'center': [176.3474716181845, 106.4453115287556], 'axes': [222.17782665394446, 222.17782665394446], 'angle': 90.0}, 'model_confidence': 0.9664289825677908, 'model_id': 32, 'model_birth_timestamp': 360848.025353, 'theta': 2.179923778490134, 'phi': -1.9475061048068238, 'norm_pos': [0.4387625443604108, 0.26088065858045373], 'topic': 'pupil.1', 'id': 1, 'method': '3d c++'}"
1581495764.5770938,"{'circle_3d': {'center': [-1.8312773770220632, 5.370281679584029, 57.78913602556832], 'normal': [-0.2997630916115008, 0.569540046017752, -0.7653536600092875], 'radius': 2.6796964464595763}, 'confidence': 0.9999306210467119, 'timestamp': 360861.162941, 'diameter_3d': 5.3593928929191526, 'ellipse': {'center': [140.64145667270756, 177.08566425881443], 'axes': [40.4498954217049, 57.530207007936745], 'angle': -63.02295622222467}, 'location': [140.64145667270756, 177.08566425881443], 'diameter': 57.530207007936745, 'sphere': {'center': [1.765879722315946, -1.4641988726289945, 66.97337994567977], 'radius': 12.0}, 'projected_sphere': {'center': [176.3474716181845, 106.4453115287556], 'axes': [222.17782665394446, 222.17782665394446], 'angle': 90.0}, 'model_confidence': 0.9666220547468685, 'model_id': 32, 'model_birth_timestamp': 360848.025353, 'theta': 2.1767424939405733, 'phi': -1.9440977359080556, 'norm_pos': [0.4395045521022111, 0.26214306558827316], 'topic': 'pupil.1', 'id': 1, 'method': '3d c++'}"
1581495764.585418,"{'circle_3d': {'center': [-1.853832377262539, 5.366253879721479, 57.79500320934599], 'normal': [-0.30164267496487374, 0.5692043960292061, -0.7648647280278142], 'radius': 2.670526587328975}, 'confidence': 0.9997338136719754, 'timestamp': 360861.171341, 'diameter_3d': 5.34105317465795, 'ellipse': {'center': [140.4009257888523, 177.04109671156684], 'axes': [40.27347324616394, 57.32731156183308], 'angle': -62.85449985054913}, 'location': [140.4009257888523, 177.04109671156684], 'diameter': 57.32731156183308, 'sphere': {'center': [1.765879722315946, -1.4641988726289945, 66.97337994567977], 'radius': 12.0}, 'projected_sphere': {'center': [176.3474716181845, 106.4453115287556], 'axes': [222.17782665394446, 222.17782665394446], 'angle': 90.0}, 'model_confidence': 0.9668573473605058, 'model_id': 32, 'model_birth_timestamp': 360848.025353, 'theta': 2.176334200274593, 'phi': -1.9464432161081926, 'norm_pos': [0.43875289309016346, 0.2623287637018048], 'topic': 'pupil.1', 'id': 1, 'method': '3d c++'}"
1581495764.593222,"{'circle_3d': {'center': [-1.8340094801339057, 5.375945389748714, 57.79442443865467], 'normal': [-0.299990766870821, 0.570012021864809, -0.7649129589187578], 'radius': 2.65727612527297}, 'confidence': 0.9993807440091864, 'timestamp': 360861.179741, 'diameter_3d': 5.31455225054594, 'ellipse': {'center': [140.6090832853723, 177.15007575665197], 'axes': [40.07551665561184, 57.043259056000835], 'angle': -63.02335922675429}, 'location': [140.6090832853723, 177.15007575665197], 'diameter': 57.043259056000835, 'sphere': {'center': [1.765879722315946, -1.4641988726289945, 66.97337994567977], 'radius': 12.0}, 'projected_sphere': {'center': [176.3474716181845, 106.4453115287556], 'axes': [222.17782665394446, 222.17782665394446], 'angle': 90.0}, 'model_confidence': 0.9669135929999406, 'model_id': 32, 'model_birth_timestamp': 360848.025353, 'theta': 2.1773168135463346, 'phi': -1.9445513609666487, 'norm_pos': [0.4394033852667884, 0.26187468434728345], 'topic': 'pupil.1', 'id': 1, 'method': '3d c++'}"
1581495764.604945,"{'circle_3d': {'center': [-1.8641377409030115, 5.368616944321044, 57.80083388537771], 'normal': [-0.30250145526824646, 0.5694013180791698, -0.7643788383585046], 'radius': 2.6822109259773903}, 'confidence': 0.9998663019073103, 'timestamp': 360861.188141, 'diameter_3d': 5.364421851954781, 'ellipse': {'center': [140.29541389410528, 177.056406394952], 'axes': [40.41128900415963, 57.57256453749436], 'angle': -62.79199463527692}, 'location': [140.29541389410528, 177.056406394952], 'diameter': 57.57256453749436, 'sphere': {'center': [1.765879722315946, -1.4641988726289945, 66.97337994567977], 'radius': 12.0}, 'projected_sphere': {'center': [176.3474716181845, 106.4453115287556], 'axes': [222.17782665394446, 222.17782665394446], 'angle': 90.0}, 'model_confidence': 0.9670579863260476, 'model_id': 32, 'model_birth_timestamp': 360848.025353, 'theta': 2.1765737275489334, 'phi': -1.9476318873038325, 'norm_pos': [0.438423168419079, 0.2622649733543666], 'topic': 'pupil.1', 'id': 1, 'method': '3d c++'}"
1581495764.614465,"{'circle_3d': {'center': [-1.8567850821155052, 5.413614526805256, 57.83160864262824], 'normal': [-0.3018887337026209, 0.5731511166195209, -0.7618142752542936], 'radius': 2.710049897966751}, 'confidence': 0.9999782477234955, 'timestamp': 360861.196541, 'diameter_3d': 5.420099795933502, 'ellipse': {'center': [140.38886294118822, 177.49668295612645], 'axes': [40.620001380021705, 58.14001779949353], 'angle': -62.99479148283025}, 'location': [140.38886294118822, 177.49668295612645], 'diameter': 58.14001779949353, 'sphere': {'center': [1.765879722315946, -1.4641988726289945, 66.97337994567977], 'radius': 12.0}, 'projected_sphere': {'center': [176.3474716181845, 106.4453115287556], 'axes': [222.17782665394446, 222.17782665394446], 'angle': 90.0}, 'model_confidence': 0.9671274133509322, 'model_id': 32, 'model_birth_timestamp': 360848.025353, 'theta': 2.1811424397990518, 'phi': -1.9480882649717153, 'norm_pos': [0.43871519669121317, 0.2604304876828064], 'topic': 'pupil.1', 'id': 1, 'method': '3d c++'}"
1581495764.622129,"{'circle_3d': {'center': [-1.8409503379317675, 5.383573797303718, 57.80284090059544], 'normal': [-0.30056917168730946, 0.5706477224943928, -0.7642115870903602], 'radius': 2.6799043162713367}, 'confidence': 0.9999253254164441, 'timestamp': 360861.204941, 'diameter_3d': 5.3598086325426735, 'ellipse': {'center': [140.54247307865455, 177.21481425540915], 'axes': [40.36089594743804, 57.52111895850002], 'angle': -63.00160075586703}, 'location': [140.54247307865455, 177.21481425540915], 'diameter': 57.52111895850002, 'sphere': {'center': [1.765879722315946, -1.4641988726289945, 66.97337994567977], 'radius': 12.0}, 'projected_sphere': {'center': [176.3474716181845, 106.4453115287556], 'axes': [222.17782665394446, 222.17782665394446], 'angle': 90.0}, 'model_confidence': 0.9672379698818179, 'model_id': 32, 'model_birth_timestamp': 360848.025353, 'theta': 2.1780907220904426, 'phi': -1.945518919351953, 'norm_pos': [0.4391952283707955, 0.26160494060246187], 'topic': 'pupil.1', 'id': 1, 'method': '3d c++'}"
1581495764.629022,"{'circle_3d': {'center': [-1.8187440289919554, 5.389346346556805, 57.7984472216684], 'normal': [-0.2987186459423251, 0.5711287682654833, -0.7645777270009477], 'radius': 2.683145666787896}, 'confidence': 0.999738366678343, 'timestamp': 360861.213341, 'diameter_3d': 5.366291333575792, 'ellipse': {'center': [140.77841171602407, 177.27897974965433], 'axes': [40.437733651974696, 57.595176677583616], 'angle': -63.173436068121894}, 'location': [140.77841171602407, 177.27897974965433], 'diameter': 57.595176677583616, 'sphere': {'center': [1.765879722315946, -1.4641988726289945, 66.97337994567977], 'radius': 12.0}, 'projected_sphere': {'center': [176.3474716181845, 106.4453115287556], 'axes': [222.17782665394446, 222.17782665394446], 'angle': 90.0}, 'model_confidence': 0.9672264968550004, 'model_id': 32, 'model_birth_timestamp': 360848.025353, 'theta': 2.1786766289271955, 'phi': -1.9432577186147253, 'norm_pos': [0.4399325366125752, 0.2613375843764403], 'topic': 'pupil.1', 'id': 1, 'method': '3d c++'}"
1581495764.638185,"{'circle_3d': {'center': [-1.8507221179244768, 5.399342305882804, 57.81849089009627], 'normal': [-0.3013834866867019, 0.5719617648759833, -0.7629074212986245], 'radius': 2.700693714505511}, 'confidence': 0.9999620795694016, 'timestamp': 360861.221741, 'diameter_3d': 5.401387429011022, 'ellipse': {'center': [140.44751014697138, 177.36034134417892], 'axes': [40.56850897791885, 57.952159450248914], 'angle': -62.988045628125796}, 'location': [140.44751014697138, 177.36034134417892], 'diameter': 57.952159450248914, 'sphere': {'center': [1.765879722315946, -1.4641988726289945, 66.97337994567977], 'radius': 12.0}, 'projected_sphere': {'center': [176.3474716181845, 106.4453115287556], 'axes': [222.17782665394446, 222.17782665394446], 'angle': 90.0}, 'model_confidence': 0.9672786672714762, 'model_id': 32, 'model_birth_timestamp': 360848.025353, 'theta': 2.1796917722445395, 'phi': -1.9470246887335658, 'norm_pos': [0.43889846920928555, 0.26099857773258783], 'topic': 'pupil.1', 'id': 1, 'method': '3d c++'}"
1581495764.645712,"{'circle_3d': {'center': [-1.838489240101903, 5.371075374143961, 57.79255480007541], 'normal': [-0.3003640802014874, 0.5696061872310797, -0.7650687621336966], 'radius': 2.6349372270492024}, 'confidence': 0.9997057203892756, 'timestamp': 360861.230141, 'diameter_3d': 5.269874454098405, 'ellipse': {'center': [140.55604739691847, 177.10861290725808], 'axes': [39.750877494769476, 56.565095042120674], 'angle': -62.97608244420961}, 'location': [140.55604739691847, 177.10861290725808], 'diameter': 56.565095042120674, 'sphere': {'center': [1.765879722315946, -1.4641988726289945, 66.97337994567977], 'radius': 12.0}, 'projected_sphere': {'center': [176.3474716181845, 106.4453115287556], 'axes': [222.17782665394446, 222.17782665394446], 'angle': 90.0}, 'model_confidence': 0.9674916044684512, 'model_id': 32, 'model_birth_timestamp': 360848.025353, 'theta': 2.176822963511911, 'phi': -1.944904991195594, 'norm_pos': [0.43923764811537025, 0.26204744621975806], 'topic': 'pupil.1', 'id': 1, 'method': '3d c++'}"
1581495764.653245,"{'circle_3d': {'center': [-1.8542706338046366, 5.403734677421017, 57.823188682587094], 'normal': [-0.30167919634338186, 0.5723277958375009, -0.762515938591056], 'radius': 2.676003714971863}, 'confidence': 0.9998509362369017, 'timestamp': 360861.238541, 'diameter_3d': 5.352007429943726, 'ellipse': {'center': [140.40577125692857, 177.41265789817345], 'axes': [40.165486752540346, 57.41724137255059], 'angle': -62.97860450557103}, 'location': [140.40577125692857, 177.41265789817345], 'diameter': 57.41724137255059, 'sphere': {'center': [1.765879722315946, -1.4641988726289945, 66.97337994567977], 'radius': 12.0}, 'projected_sphere': {'center': [176.3474716181845, 106.4453115287556], 'axes': [222.17782665394446, 222.17782665394446], 'angle': 90.0}, 'model_confidence': 0.9676032814053714, 'model_id': 32, 'model_birth_timestamp': 360848.025353, 'theta': 2.180138068399478, 'phi': -1.9475354824372466, 'norm_pos': [0.4387680351779018, 0.26078059209094395], 'topic': 'pupil.1', 'id': 1, 'method': '3d c++'}"
1581495764.664124,"{'circle_3d': {'center': [-1.8413510666258939, 5.402696452870622, 57.81730902940015], 'normal': [-0.3006025657451533, 0.572241277124968, -0.7630059096899684], 'radius': 2.693482371750282}, 'confidence': 0.9999797648555132, 'timestamp': 360861.246941, 'diameter_3d': 5.386964743500564, 'ellipse': {'center': [140.54537584998724, 177.39999448522633], 'axes': [40.467231694826154, 57.798482565753794], 'angle': -63.063430425723766}, 'location': [140.54537584998724, 177.39999448522633], 'diameter': 57.798482565753794, 'sphere': {'center': [1.765879722315946, -1.4641988726289945, 66.97337994567977], 'radius': 12.0}, 'projected_sphere': {'center': [176.3474716181845, 106.4453115287556], 'axes': [222.17782665394446, 222.17782665394446], 'angle': 90.0}, 'model_confidence': 0.9677326370658768, 'model_id': 32, 'model_birth_timestamp': 360848.025353, 'theta': 2.180032564866956, 'phi': -1.9460949229802522, 'norm_pos': [0.4392042995312101, 0.2608333563115569], 'topic': 'pupil.1', 'id': 1, 'method': '3d c++'}"
1581495764.671102,"{'circle_3d': {'center': [-1.8418064269532402, 5.410332053235784, 57.82322010020712], 'normal': [-0.30064051243909884, 0.5728775771553982, -0.7625133204560539], 'radius': 2.6868150237152357}, 'confidence': 0.9998817681112454, 'timestamp': 360861.255341, 'diameter_3d': 5.3736300474304715, 'ellipse': {'center': [140.54081871204616, 177.47859196141903], 'axes': [40.32677394009447, 57.64943853255165], 'angle': -63.08600420908337}, 'location': [140.54081871204616, 177.47859196141903], 'diameter': 57.64943853255165, 'sphere': {'center': [1.765879722315946, -1.4641988726289945, 66.97337994567977], 'radius': 12.0}, 'projected_sphere': {'center': [176.3474716181845, 106.4453115287556], 'axes': [222.17782665394446, 222.17782665394446], 'angle': 90.0}, 'model_confidence': 0.9678414001594304, 'model_id': 32, 'model_birth_timestamp': 360848.025353, 'theta': 2.180808670018252, 'phi': -1.9463582874449046, 'norm_pos': [0.43919005847514425, 0.2605058668274207], 'topic': 'pupil.1', 'id': 1, 'method': '3d c++'}"
1581495764.6768682,"{'circle_3d': {'center': [-1.8271584453966907, 5.396644589015848, 57.80719733129959], 'normal': [-0.29941984730938637, 0.5717369551370702, -0.7638485511983482], 'radius': 2.6822785934656617}, 'confidence': 0.99999675802181, 'timestamp': 360861.263741, 'diameter_3d': 5.364557186931323, 'ellipse': {'center': [140.69114424794793, 177.34914596942704], 'axes': [40.36597684098342, 57.567879187396336], 'angle': -63.14024897024587}, 'location': [140.69114424794793, 177.34914596942704], 'diameter': 57.567879187396336, 'sphere': {'center': [1.765879722315946, -1.4641988726289945, 66.97337994567977], 'radius': 12.0}, 'projected_sphere': {'center': [176.3474716181845, 106.4453115287556], 'axes': [222.17782665394446, 222.17782665394446], 'angle': 90.0}, 'model_confidence': 0.9682247503701391, 'model_id': 32, 'model_birth_timestamp': 360848.025353, 'theta': 2.179417733881556, 'phi': -1.9443772159816604, 'norm_pos': [0.4396598257748373, 0.26104522512738737], 'topic': 'pupil.1', 'id': 1, 'method': '3d c++'}"
1581495764.689445,"{'circle_3d': {'center': [-1.7994990282489771, 5.413034045497243, 57.808679091049484], 'normal': [-0.29711489588041023, 0.5731027431771865, -0.76372507121919], 'radius': 2.6864923528096143}, 'confidence': 0.9999688420655437, 'timestamp': 360861.272141, 'diameter_3d': 5.372984705619229, 'ellipse': {'center': [140.98703728007814, 177.52067140460264], 'axes': [40.41705380535924, 57.65703957247532], 'angle': -63.384962488459465}, 'location': [140.98703728007814, 177.52067140460264], 'diameter': 57.65703957247532, 'sphere': {'center': [1.765879722315946, -1.4641988726289945, 66.97337994567977], 'radius': 12.0}, 'projected_sphere': {'center': [176.3474716181845, 106.4453115287556], 'axes': [222.17782665394446, 222.17782665394446], 'angle': 90.0}, 'model_confidence': 0.9683635696521864, 'model_id': 32, 'model_birth_timestamp': 360848.025353, 'theta': 2.18108340939823, 'phi': -1.9418135172622395, 'norm_pos': [0.4405844915002442, 0.26033053581415566], 'topic': 'pupil.1', 'id': 1, 'method': '3d c++'}"
1581495764.6973708,"{'circle_3d': {'center': [-1.8442771182725675, 5.431071170094371, 57.83981445216774], 'normal': [-0.3008464033823761, 0.5746058368936138, -0.7611304577926693], 'radius': 2.667299853179322}, 'confidence': 0.999712400538141, 'timestamp': 360861.280541, 'diameter_3d': 5.334599706358644, 'ellipse': {'center': [140.51519829391847, 177.69202802005694], 'axes': [39.921745838434774, 57.214055508929945], 'angle': -63.138675680111874}, 'location': [140.51519829391847, 177.69202802005694], 'diameter': 57.214055508929945, 'sphere': {'center': [1.765879722315946, -1.4641988726289945, 66.97337994567977], 'radius': 12.0}, 'projected_sphere': {'center': [176.3474716181845, 106.4453115287556], 'axes': [222.17782665394446, 222.17782665394446], 'angle': 90.0}, 'model_confidence': 0.9684412999076408, 'model_id': 32, 'model_birth_timestamp': 360848.025353, 'theta': 2.1829187847225815, 'phi': -1.947212078435176, 'norm_pos': [0.4391099946684952, 0.25961654991642946], 'topic': 'pupil.1', 'id': 1, 'method': '3d c++'}"
1581495764.705386,"{'circle_3d': {'center': [-1.8039995117898877, 5.408386612061748, 57.80694492384505], 'normal': [-0.29748993617548614, 0.5727154570575619, -0.7638695851528932], 'radius': 2.7067981487293493}, 'confidence': 0.9993396328983332, 'timestamp': 360861.288941, 'diameter_3d': 5.413596297458699, 'ellipse': {'center': [140.9429740322609, 177.46463816504993], 'axes': [40.73536743169738, 58.094945555098], 'angle': -63.338564302138266}, 'location': [140.9429740322609, 177.46463816504993], 'diameter': 58.094945555098, 'sphere': {'center': [1.765879722315946, -1.4641988726289945, 66.97337994567977], 'radius': 12.0}, 'projected_sphere': {'center': [176.3474716181845, 106.4453115287556], 'axes': [222.17782665394446, 222.17782665394446], 'angle': 90.0}, 'model_confidence': 0.9685787316971339, 'model_id': 32, 'model_birth_timestamp': 360848.025353, 'theta': 2.180610889642726, 'phi': -1.942175975535953, 'norm_pos': [0.4404467938508153, 0.26056400764562526], 'topic': 'pupil.1', 'id': 1, 'method': '3d c++'}"
1581495764.7133598,"{'circle_3d': {'center': [-1.7822741036979377, 5.430965735467501, 57.81547027948429], 'normal': [-0.29567948550115697, 0.5745970506747079, -0.763159138849623], 'radius': 2.6655598362955253}, 'confidence': 0.999610210278976, 'timestamp': 360861.297341, 'diameter_3d': 5.331119672591051, 'ellipse': {'center': [141.16796378785025, 177.71376641762566], 'axes': [40.05431043605683, 57.20079573986284], 'angle': -63.562823740956915}, 'location': [141.16796378785025, 177.71376641762566], 'diameter': 57.20079573986284, 'sphere': {'center': [1.765879722315946, -1.4641988726289945, 66.97337994567977], 'radius': 12.0}, 'projected_sphere': {'center': [176.3474716181845, 106.4453115287556], 'axes': [222.17782665394446, 222.17782665394446], 'angle': 90.0}, 'model_confidence': 0.9687086998978689, 'model_id': 32, 'model_birth_timestamp': 360848.025353, 'theta': 2.1829080493112087, 'phi': -1.9404297109252204, 'norm_pos': [0.44114988683703205, 0.259525973259893], 'topic': 'pupil.1', 'id': 1, 'method': '3d c++'}"
1581495764.7207282,"{'circle_3d': {'center': [-1.8217569733541359, 5.466099829869324, 57.85746952301591], 'normal': [-0.2989697246391735, 0.5775248918748599, -0.759659201888655], 'radius': 2.6924189869026125}, 'confidence': 0.9999555227397794, 'timestamp': 360861.30574, 'diameter_3d': 5.384837973805225, 'ellipse': {'center': [140.76538937662988, 178.03877573521117], 'axes': [40.17649195355513, 57.735976586569514], 'angle': -63.40873185251127}, 'location': [140.76538937662988, 178.03877573521117], 'diameter': 57.735976586569514, 'sphere': {'center': [1.765879722315946, -1.4641988726289945, 66.97337994567977], 'radius': 12.0}, 'projected_sphere': {'center': [176.3474716181845, 106.4453115287556], 'axes': [222.17782665394446, 222.17782665394446], 'angle': 90.0}, 'model_confidence': 0.9688781496158372, 'model_id': 32, 'model_birth_timestamp': 360848.025353, 'theta': 2.186489919878929, 'phi': -1.945736685409202, 'norm_pos': [0.4398918418019684, 0.25817176776995343], 'topic': 'pupil.1', 'id': 1, 'method': '3d c++'}"
1581495764.728829,"{'circle_3d': {'center': [-1.8031363669659777, 5.420958842239775, 57.81604805282856], 'normal': [-0.2974180074401603, 0.5737631429057308, -0.7631109910709337], 'radius': 2.6763154593395044}, 'confidence': 0.999918170893864, 'timestamp': 360861.31414, 'diameter_3d': 5.352630918679009, 'ellipse': {'center': [140.9482427723823, 177.60241713488836], 'axes': [40.21411026327327, 57.431160150272774], 'angle': -63.38637835134405}, 'location': [140.9482427723823, 177.60241713488836], 'diameter': 57.431160150272774, 'sphere': {'center': [1.765879722315946, -1.4641988726289945, 66.97337994567977], 'radius': 12.0}, 'projected_sphere': {'center': [176.3474716181845, 106.4453115287556], 'axes': [222.17782665394446, 222.17782665394446], 'angle': 90.0}, 'model_confidence': 0.9691788107619947, 'model_id': 32, 'model_birth_timestamp': 360848.025353, 'theta': 2.181889509803385, 'phi': -1.9424302664350246, 'norm_pos': [0.4404632586636946, 0.2599899286046319], 'topic': 'pupil.1', 'id': 1, 'method': '3d c++'}"
1581495764.736801,"{'circle_3d': {'center': [-1.8215523053212517, 5.440979909124748, 57.83834642417035], 'normal': [-0.29895266896976647, 0.5754315651461452, -0.7612527934591181], 'radius': 2.725156487804157}, 'confidence': 0.9997760597151794, 'timestamp': 360861.32254, 'diameter_3d': 5.450312975608314, 'ellipse': {'center': [140.76909783543277, 177.77576306517187], 'axes': [40.79741416025603, 58.45779702058578], 'angle': -63.32692699192791}, 'location': [140.76909783543277, 177.77576306517187], 'diameter': 58.45779702058578, 'sphere': {'center': [1.765879722315946, -1.4641988726289945, 66.97337994567977], 'radius': 12.0}, 'projected_sphere': {'center': [176.3474716181845, 106.4453115287556], 'axes': [222.17782665394446, 222.17782665394446], 'angle': 90.0}, 'model_confidence': 0.9693139842781529, 'model_id': 32, 'model_birth_timestamp': 360848.025353, 'theta': 2.1839280595067194, 'phi': -1.945003701023388, 'norm_pos': [0.4399034307357274, 0.2592676538951172], 'topic': 'pupil.1', 'id': 1, 'method': '3d c++'}"
1581495764.745593,"{'circle_3d': {'center': [-1.8169745050021973, 5.446777129274041, 57.840934145845594], 'normal': [-0.29857118560984525, 0.5759146668252529, -0.7610371499861812], 'radius': 2.688377546042135}, 'confidence': 0.9999880513753274, 'timestamp': 360861.33094, 'diameter_3d': 5.37675509208427, 'ellipse': {'center': [140.81064769471328, 177.84984285551346], 'axes': [40.227840592639076, 57.66558390169835], 'angle': -63.37741790012793}, 'location': [140.81064769471328, 177.84984285551346], 'diameter': 57.66558390169835, 'sphere': {'center': [1.765879722315946, -1.4641988726289945, 66.97337994567977], 'radius': 12.0}, 'projected_sphere': {'center': [176.3474716181845, 106.4453115287556], 'axes': [222.17782665394446, 222.17782665394446], 'angle': 90.0}, 'model_confidence': 0.9698634582768539, 'model_id': 32, 'model_birth_timestamp': 360848.025353, 'theta': 2.184518879557995, 'phi': -1.9446657740587738, 'norm_pos': [0.44003327404597903, 0.2589589881020272], 'topic': 'pupil.1', 'id': 1, 'method': '3d c++'}"
1581495764.752994,"{'circle_3d': {'center': [-1.8122875210841778, 5.462608947117278, 57.8510966456194], 'normal': [-0.298180603616677, 0.577233984978856, -0.7601902750050306], 'radius': 2.6774956643356242}, 'confidence': 0.9998571666785382, 'timestamp': 360861.33934, 'diameter_3d': 5.3549913286712485, 'ellipse': {'center': [140.86114497292021, 178.01338633477272], 'axes': [39.99563198025483, 57.42197597274903], 'angle': -63.46179526234713}, 'location': [140.86114497292021, 178.01338633477272], 'diameter': 57.42197597274903, 'sphere': {'center': [1.765879722315946, -1.4641988726289945, 66.97337994567977], 'radius': 12.0}, 'projected_sphere': {'center': [176.3474716181845, 106.4453115287556], 'axes': [222.17782665394446, 222.17782665394446], 'angle': 90.0}, 'model_confidence': 0.9700751453928791, 'model_id': 32, 'model_birth_timestamp': 360848.025353, 'theta': 2.1861336241444493, 'phi': -1.9445992708809134, 'norm_pos': [0.44019107804037566, 0.258277556938447], 'topic': 'pupil.1', 'id': 1, 'method': '3d c++'}"
1581495764.7614589,"{'circle_3d': {'center': [-1.7887333795507152, 5.450617856711128, 57.83280910488017], 'normal': [-0.2962177584888884, 0.5762347274450103, -0.7617142367332996], 'radius': 2.6944207478614786}, 'confidence': 0.9999436882111493, 'timestamp': 360861.34774, 'diameter_3d': 5.388841495722957, 'ellipse': {'center': [141.11021979312895, 177.8957232638121], 'axes': [40.371267676466836, 57.803484184564404], 'angle': -63.5833986590741}, 'location': [141.11021979312895, 177.8957232638121], 'diameter': 57.803484184564404, 'sphere': {'center': [1.765879722315946, -1.4641988726289945, 66.97337994567977], 'radius': 12.0}, 'projected_sphere': {'center': [176.3474716181845, 106.4453115287556], 'axes': [222.17782665394446, 222.17782665394446], 'angle': 90.0}, 'model_confidence': 0.9701967008515777, 'model_id': 32, 'model_birth_timestamp': 360848.025353, 'theta': 2.1849104403342645, 'phi': -1.9416825470315229, 'norm_pos': [0.44096943685352796, 0.2587678197341162], 'topic': 'pupil.1', 'id': 1, 'method': '3d c++'}"
1581495764.773312,"{'circle_3d': {'center': [-1.823619049419409, 5.41841042543763, 57.82214025819058], 'normal': [-0.2991248976446129, 0.5735507748388854, -0.7626033072907656], 'radius': 2.6771289284035378}, 'confidence': 0.9999949604029387, 'timestamp': 360861.35614, 'diameter_3d': 5.3542578568070756, 'ellipse': {'center': [140.73207052006083, 177.56942461976627], 'axes': [40.18688436474912, 57.442555074531164], 'angle': -63.2374980632669}, 'location': [140.73207052006083, 177.56942461976627], 'diameter': 57.442555074531164, 'sphere': {'center': [1.765879722315946, -1.4641988726289945, 66.97337994567977], 'radius': 12.0}, 'projected_sphere': {'center': [176.3474716181845, 106.4453115287556], 'axes': [222.17782665394446, 222.17782665394446], 'angle': 90.0}, 'model_confidence': 0.9703486779551906, 'model_id': 32, 'model_birth_timestamp': 360848.025353, 'theta': 2.181630238414528, 'phi': -1.944596764909209, 'norm_pos': [0.4397877203751901, 0.26012739741764057], 'topic': 'pupil.1', 'id': 1, 'method': '3d c++'}"
1581495764.781302,"{'circle_3d': {'center': [-1.7959810778673455, 5.43151251202422, 57.82120467748906], 'normal': [-0.2968217333486076, 0.5746426153877678, -0.7626812723492258], 'radius': 2.7407944991436186}, 'confidence': 0.9996139842410258, 'timestamp': 360861.36454, 'diameter_3d': 5.481588998287237, 'ellipse': {'center': [141.0397570297264, 177.6842143695685], 'axes': [41.1484057785744, 58.81093525726669], 'angle': -63.470598199573736}, 'location': [141.0397570297264, 177.6842143695685], 'diameter': 58.81093525726669, 'sphere': {'center': [1.765879722315946, -1.4641988726289945, 66.97337994567977], 'radius': 12.0}, 'projected_sphere': {'center': [176.3474716181845, 106.4453115287556], 'axes': [222.17782665394446, 222.17782665394446], 'angle': 90.0}, 'model_confidence': 0.970413603967879, 'model_id': 32, 'model_birth_timestamp': 360848.025353, 'theta': 2.1829637232775436, 'phi': -1.9419420942813068, 'norm_pos': [0.44074924071789495, 0.25964910679346453], 'topic': 'pupil.1', 'id': 1, 'method': '3d c++'}"
1581495764.789838,"{'circle_3d': {'center': [-1.7744800694224943, 5.438836608504722, 57.818383840205406], 'normal': [-0.29502998264487, 0.5752529567611431, -0.7629163421228635], 'radius': 2.699089492831415}, 'confidence': 0.9999303200829501, 'timestamp': 360861.37294, 'diameter_3d': 5.39817898566283, 'ellipse': {'center': [141.25888160510584, 177.7815746064392], 'axes': [40.538495444653044, 57.91810531112247], 'angle': -63.642410565501066}, 'location': [141.25888160510584, 177.7815746064392], 'diameter': 57.91810531112247, 'sphere': {'center': [1.765879722315946, -1.4641988726289945, 66.97337994567977], 'radius': 12.0}, 'projected_sphere': {'center': [176.3474716181845, 106.4453115287556], 'axes': [222.17782665394446, 222.17782665394446], 'angle': 90.0}, 'model_confidence': 0.9707256255143903, 'model_id': 32, 'model_birth_timestamp': 360848.025353, 'theta': 2.1837096885573386, 'phi': -1.9397965388048435, 'norm_pos': [0.44143400501595575, 0.2592434391398367], 'topic': 'pupil.1', 'id': 1, 'method': '3d c++'}"
1581495764.7972429,"{'circle_3d': {'center': [-1.7486659022471354, 5.451713857634058, 57.81815629138], 'normal': [-0.29287880204692346, 0.5763260608552544, -0.7629353045249805], 'radius': 2.6757981900562138}, 'confidence': 0.9999156919086611, 'timestamp': 360861.38134, 'diameter_3d': 5.3515963801124276, 'ellipse': {'center': [141.5287595053556, 177.92819749940878], 'axes': [40.18733975270685, 57.41818549343962], 'angle': -63.86224738271086}, 'location': [141.5287595053556, 177.92819749940878], 'diameter': 57.41818549343962, 'sphere': {'center': [1.765879722315946, -1.4641988726289945, 66.97337994567977], 'radius': 12.0}, 'projected_sphere': {'center': [176.3474716181845, 106.4453115287556], 'axes': [222.17782665394446, 222.17782665394446], 'angle': 90.0}, 'model_confidence': 0.9708034440821356, 'model_id': 32, 'model_birth_timestamp': 360848.025353, 'theta': 2.185022197057012, 'phi': -1.9373330368454218, 'norm_pos': [0.44227737345423623, 0.25863251041913005], 'topic': 'pupil.1', 'id': 1, 'method': '3d c++'}"
1581495764.805301,"{'circle_3d': {'center': [-1.7427466341949154, 5.4098673863704185, 57.784432554531904], 'normal': [-0.2923855297092384, 0.5728388549166178, -0.7657456159289886], 'radius': 2.6831668118956347}, 'confidence': 0.9999234082180368, 'timestamp': 360861.38974, 'diameter_3d': 5.366333623791269, 'ellipse': {'center': [141.58401686282386, 177.5102588695915], 'axes': [40.52668945395195, 57.609767739460246], 'angle': -63.76569244859179}, 'location': [141.58401686282386, 177.5102588695915], 'diameter': 57.609767739460246, 'sphere': {'center': [1.765879722315946, -1.4641988726289945, 66.97337994567977], 'radius': 12.0}, 'projected_sphere': {'center': [176.3474716181845, 106.4453115287556], 'axes': [222.17782665394446, 222.17782665394446], 'angle': 90.0}, 'model_confidence': 0.9711263509212031, 'model_id': 32, 'model_birth_timestamp': 360848.025353, 'theta': 2.180761427869518, 'phi': -1.935542459824041, 'norm_pos': [0.44245005269632454, 0.2603739213767021], 'topic': 'pupil.1', 'id': 1, 'method': '3d c++'}"
1581495764.815,"{'circle_3d': {'center': [-1.6675583178762297, 5.383185795896495, 57.73623610002036], 'normal': [-0.2861198366826813, 0.5706153890437907, -0.7697619871382835], 'radius': 2.6849784400369656}, 'confidence': 0.9997432522277127, 'timestamp': 360861.39814, 'diameter_3d': 5.369956880073931, 'ellipse': {'center': [142.37272006362295, 177.2688057936873], 'axes': [40.87576869729144, 57.69668026651988], 'angle': -64.20119306893675}, 'location': [142.37272006362295, 177.2688057936873], 'diameter': 57.69668026651988, 'sphere': {'center': [1.765879722315946, -1.4641988726289945, 66.97337994567977], 'radius': 12.0}, 'projected_sphere': {'center': [176.3474716181845, 106.4453115287556], 'axes': [222.17782665394446, 222.17782665394446], 'angle': 90.0}, 'model_confidence': 0.9711707485318799, 'model_id': 32, 'model_birth_timestamp': 360848.025353, 'theta': 2.1780513489701523, 'phi': -1.9266699201363757, 'norm_pos': [0.4449147501988217, 0.26137997585963624], 'topic': 'pupil.1', 'id': 1, 'method': '3d c++'}"
1581495764.821137,"{'circle_3d': {'center': [-1.6288603894925966, 5.3940627890323904, 57.73000466640739], 'normal': [-0.28289500931737854, 0.5715218051384487, -0.7702812732726984], 'radius': 2.6657571225083703}, 'confidence': 0.9992378402127209, 'timestamp': 360861.40654, 'diameter_3d': 5.3315142450167405, 'ellipse': {'center': [142.77975299229007, 177.39812801704682], 'axes': [40.62142072437151, 57.28955943623913], 'angle': -64.50785182275956}, 'location': [142.77975299229007, 177.39812801704682], 'diameter': 57.28955943623913, 'sphere': {'center': [1.765879722315946, -1.4641988726289945, 66.97337994567977], 'radius': 12.0}, 'projected_sphere': {'center': [176.3474716181845, 106.4453115287556], 'axes': [222.17782665394446, 222.17782665394446], 'angle': 90.0}, 'model_confidence': 0.9715353014421391, 'model_id': 32, 'model_birth_timestamp': 360848.025353, 'theta': 2.179155519539076, 'phi': -1.9227657631946342, 'norm_pos': [0.4461867281009065, 0.26084113326230496], 'topic': 'pupil.1', 'id': 1, 'method': '3d c++'}"
1581495764.829369,"{'circle_3d': {'center': [-1.6011638059765427, 5.4355702289946315, 57.75078789014226], 'normal': [-0.2805869606910407, 0.5749807584686355, -0.768549337961459], 'radius': 2.644062775058945}, 'confidence': 0.8628844330237464, 'timestamp': 360861.41494, 'diameter_3d': 5.28812555011789, 'ellipse': {'center': [143.07598785656722, 177.8304222249751], 'axes': [40.148229492923285, 56.80277112814903], 'angle': -64.83547723985994}, 'location': [143.07598785656722, 177.8304222249751], 'diameter': 56.80277112814903, 'sphere': {'center': [1.765879722315946, -1.4641988726289945, 66.97337994567977], 'radius': 12.0}, 'projected_sphere': {'center': [176.3474716181845, 106.4453115287556], 'axes': [222.17782665394446, 222.17782665394446], 'angle': 90.0}, 'model_confidence': 0.9715849553268319, 'model_id': 32, 'model_birth_timestamp': 360848.025353, 'theta': 2.1833769567940333, 'phi': -1.9208474796147437, 'norm_pos': [0.4471124620517726, 0.2590399073959371], 'topic': 'pupil.1', 'id': 1, 'method': '3d c++'}"
1581495764.838617,"{'circle_3d': {'center': [-1.6312946738256076, 5.389761503530563, 57.72770888922123], 'normal': [-0.28309786634512946, 0.5711633646799631, -0.770472588038211], 'radius': 2.595958592653092}, 'confidence': 0.7710608888329972, 'timestamp': 360861.42334, 'diameter_3d': 5.191917185306184, 'ellipse': {'center': [142.73905782382462, 177.3818626225891], 'axes': [39.57140043449969, 55.79046339955421], 'angle': -64.4767480557194}, 'location': [142.73905782382462, 177.3818626225891], 'diameter': 55.79046339955421, 'sphere': {'center': [1.765879722315946, -1.4641988726289945, 66.97337994567977], 'radius': 12.0}, 'projected_sphere': {'center': [176.3474716181845, 106.4453115287556], 'axes': [222.17782665394446, 222.17782665394446], 'angle': 90.0}, 'model_confidence': 0.9716610713714324, 'model_id': 32, 'model_birth_timestamp': 360848.025353, 'theta': 2.178718776067351, 'phi': -1.9229173960516117, 'norm_pos': [0.44605955569945194, 0.2609089057392121], 'topic': 'pupil.1', 'id': 1, 'method': '3d c++'}"
1581495764.8457909,"{'circle_3d': {'center': [-1.644706443038446, 5.684507565966066, 57.958730853037125], 'normal': [-0.28421551377953264, 0.5957255365495883, -0.7512207577202201], 'radius': 2.697145102532921}, 'confidence': 0.4995136393795708, 'timestamp': 360861.43174, 'diameter_3d': 5.394290205065842, 'ellipse': {'center': [142.67645957629574, 180.26468671728696], 'axes': [39.54445933214602, 57.7379515347017], 'angle': -65.30593817376078}, 'location': [142.67645957629574, 180.26468671728696], 'diameter': 57.7379515347017, 'sphere': {'center': [1.765879722315946, -1.4641988726289945, 66.97337994567977], 'radius': 12.0}, 'projected_sphere': {'center': [176.3474716181845, 106.4453115287556], 'axes': [222.17782665394446, 222.17782665394446], 'angle': 90.0}, 'model_confidence': 0.9716610713714324, 'model_id': 32, 'model_birth_timestamp': 360848.025353, 'theta': 2.2089649940783374, 'phi': -1.9324904266351326, 'norm_pos': [0.4458639361759242, 0.24889713867797103], 'topic': 'pupil.1', 'id': 1, 'method': '3d c++'}"
1581495764.857773,"{'circle_3d': {'center': [-1.731879841527715, 5.663403535271139, 57.97543785048731], 'normal': [-0.29147996365363843, 0.5939668673250111, -0.7498285079327047], 'radius': 2.697974518180324}, 'confidence': 0.4350066653919317, 'timestamp': 360861.44014, 'diameter_3d': 5.395949036360648, 'ellipse': {'center': [141.755122364461, 180.02438110106624], 'axes': [39.4515441859662, 57.738885249101074], 'angle': -64.64963260455664}, 'location': [141.755122364461, 180.02438110106624], 'diameter': 57.738885249101074, 'sphere': {'center': [1.765879722315946, -1.4641988726289945, 66.97337994567977], 'radius': 12.0}, 'projected_sphere': {'center': [176.3474716181845, 106.4453115287556], 'axes': [222.17782665394446, 222.17782665394446], 'angle': 90.0}, 'model_confidence': 0.9716610713714324, 'model_id': 32, 'model_birth_timestamp': 360848.025353, 'theta': 2.2067771567330805, 'phi': -1.9415485815721112, 'norm_pos': [0.4429847573889406, 0.24989841207889063], 'topic': 'pupil.1', 'id': 1, 'method': '3d c++'}"
1581495764.86674,"{'circle_3d': {'center': [-1.7238399600156893, 5.666248027742561, 57.97456982768479], 'normal': [-0.2908099735276364, 0.5942039083642965, -0.7499008431662484], 'radius': 2.678751251073267}, 'confidence': 0.44464637118128686, 'timestamp': 360861.44854, 'diameter_3d': 5.357502502146534, 'ellipse': {'center': [141.8363560991017, 180.0631053023722], 'axes': [39.175031035077545, 57.32798691010051], 'angle': -64.71278553968028}, 'location': [141.8363560991017, 180.0631053023722], 'diameter': 57.32798691010051, 'sphere': {'center': [1.765879722315946, -1.4641988726289945, 66.97337994567977], 'radius': 12.0}, 'projected_sphere': {'center': [176.3474716181845, 106.4453115287556], 'axes': [222.17782665394446, 222.17782665394446], 'angle': 90.0}, 'model_confidence': 0.9716610713714324, 'model_id': 32, 'model_birth_timestamp': 360848.025353, 'theta': 2.2070718365651114, 'phi': -1.940739599431151, 'norm_pos': [0.4432386128096928, 0.24973706124011585], 'topic': 'pupil.1', 'id': 1, 'method': '3d c++'}"
1581495764.874462,"{'circle_3d': {'center': [-1.7232442297995265, 5.6691040250372815, 57.976602532799085], 'normal': [-0.29076032934295604, 0.5944419081388563, -0.7497314510733902], 'radius': 2.689520507870958}, 'confidence': 0.3647653522312879, 'timestamp': 360861.45694, 'diameter_3d': 5.379041015741916, 'ellipse': {'center': [141.84542615065757, 180.08721232248251], 'axes': [39.319071193018175, 57.556678631378105], 'angle': -64.72562836910095}, 'location': [141.84542615065757, 180.08721232248251], 'diameter': 57.556678631378105, 'sphere': {'center': [1.765879722315946, -1.4641988726289945, 66.97337994567977], 'radius': 12.0}, 'projected_sphere': {'center': [176.3474716181845, 106.4453115287556], 'axes': [222.17782665394446, 222.17782665394446], 'angle': 90.0}, 'model_confidence': 0.9716610713714324, 'model_id': 32, 'model_birth_timestamp': 360848.025353, 'theta': 2.2073677728139733, 'phi': -1.9407582034223365, 'norm_pos': [0.4432669567208049, 0.24963661532298953], 'topic': 'pupil.1', 'id': 1, 'method': '3d c++'}"
1581495764.883012,"{'circle_3d': {'center': [-1.6966711450364718, 5.768088528338778, 58.04562768428721], 'normal': [-0.28854590561270144, 0.6026906167473143, -0.7439793551160462], 'radius': 2.705919421773974}, 'confidence': 0.3578761331682828, 'timestamp': 360861.46534, 'diameter_3d': 5.411838843547948, 'ellipse': {'center': [142.14934662074964, 181.06552129506437], 'axes': [39.08990360497663, 57.839795699409514], 'angle': -65.20521359611655}, 'location': [142.14934662074964, 181.06552129506437], 'diameter': 57.839795699409514, 'sphere': {'center': [1.765879722315946, -1.4641988726289945, 66.97337994567977], 'radius': 12.0}, 'projected_sphere': {'center': [176.3474716181845, 106.4453115287556], 'axes': [222.17782665394446, 222.17782665394446], 'angle': 90.0}, 'model_confidence': 0.9716610713714324, 'model_id': 32, 'model_birth_timestamp': 360848.025353, 'theta': 2.2176649654796665, 'phi': -1.9407773066390275, 'norm_pos': [0.4442167081898426, 0.24556032793723181], 'topic': 'pupil.1', 'id': 1, 'method': '3d c++'}"
1581495764.891219,"{'circle_3d': {'center': [-1.6084053678796904, 5.764299508726005, 58.008838056613065], 'normal': [-0.2811904241829697, 0.6023748651129166, -0.7470451574222251], 'radius': 2.693832225277239}, 'confidence': 0.1955724322252104, 'timestamp': 360861.47374, 'diameter_3d': 5.387664450554478, 'ellipse': {'center': [143.0740513232509, 181.06551273276233], 'axes': [39.15443257252695, 57.61772802229098], 'angle': -65.7903085757636}, 'location': [143.0740513232509, 181.06551273276233], 'diameter': 57.61772802229098, 'sphere': {'center': [1.765879722315946, -1.4641988726289945, 66.97337994567977], 'radius': 12.0}, 'projected_sphere': {'center': [176.3474716181845, 106.4453115287556], 'axes': [222.17782665394446, 222.17782665394446], 'angle': 90.0}, 'model_confidence': 0.9716610713714324, 'model_id': 32, 'model_birth_timestamp': 360848.025353, 'theta': 2.2172693334178746, 'phi': -1.9307969090812243, 'norm_pos': [0.4471064103851591, 0.24556036361349032], 'topic': 'pupil.1', 'id': 1, 'method': '3d c++'}"
1581495764.899967,"{'circle_3d': {'center': [-1.6137009189530802, 5.768449725850552, 58.01418193804139], 'normal': [-0.28163172010575216, 0.6027207165399622, -0.7465998339698648], 'radius': 2.706308924146357}, 'confidence': 0.06491481165786331, 'timestamp': 360861.48214, 'diameter_3d': 5.412617848292714, 'ellipse': {'center': [143.021650344334, 181.09938093015094], 'axes': [39.300459192428264, 57.87953892539346], 'angle': -65.76656511713637}, 'location': [143.021650344334, 181.09938093015094], 'diameter': 57.87953892539346, 'sphere': {'center': [1.765879722315946, -1.4641988726289945, 66.97337994567977], 'radius': 12.0}, 'projected_sphere': {'center': [176.3474716181845, 106.4453115287556], 'axes': [222.17782665394446, 222.17782665394446], 'angle': 90.0}, 'model_confidence': 0.9716610713714324, 'model_id': 32, 'model_birth_timestamp': 360848.025353, 'theta': 2.2177026862394897, 'phi': -1.9315110917351186, 'norm_pos': [0.44694265732604377, 0.24541924612437105], 'topic': 'pupil.1', 'id': 1, 'method': '3d c++'}"
1581495764.9203699,"{'circle_3d': {'center': [0.0, -0.0, 0.0], 'normal': [0.0, -0.0, 0.0], 'radius': 0.0}, 'confidence': 0.0, 'timestamp': 360861.49894, 'diameter_3d': 0.0, 'ellipse': {'center': [160.0, 120.0], 'axes': [0.0, 0.0], 'angle': 90.0}, 'location': [160.0, 120.0], 'diameter': 0.0, 'sphere': {'center': [1.765879722315946, -1.4641988726289945, 66.97337994567977], 'radius': 12.0}, 'projected_sphere': {'center': [176.3474716181845, 106.4453115287556], 'axes': [222.17782665394446, 222.17782665394446], 'angle': 90.0}, 'model_confidence': 0.9716610713714324, 'model_id': 32, 'model_birth_timestamp': 360848.025353, 'theta': 0.0, 'phi': 0.0, 'norm_pos': [0.5, 0.5], 'topic': 'pupil.1', 'id': 1, 'method': '3d c++'}"
1581495764.9244668,"{'circle_3d': {'center': [0.0, -0.0, 0.0], 'normal': [0.0, -0.0, 0.0], 'radius': 0.0}, 'confidence': 0.0, 'timestamp': 360861.50734, 'diameter_3d': 0.0, 'ellipse': {'center': [160.0, 120.0], 'axes': [0.0, 0.0], 'angle': 90.0}, 'location': [160.0, 120.0], 'diameter': 0.0, 'sphere': {'center': [1.765879722315946, -1.4641988726289945, 66.97337994567977], 'radius': 12.0}, 'projected_sphere': {'center': [176.3474716181845, 106.4453115287556], 'axes': [222.17782665394446, 222.17782665394446], 'angle': 90.0}, 'model_confidence': 0.9716610713714324, 'model_id': 32, 'model_birth_timestamp': 360848.025353, 'theta': 0.0, 'phi': 0.0, 'norm_pos': [0.5, 0.5], 'topic': 'pupil.1', 'id': 1, 'method': '3d c++'}"
1581495764.931669,"{'circle_3d': {'center': [0.0, -0.0, 0.0], 'normal': [0.0, -0.0, 0.0], 'radius': 0.0}, 'confidence': 0.0, 'timestamp': 360861.51574, 'diameter_3d': 0.0, 'ellipse': {'center': [160.0, 120.0], 'axes': [0.0, 0.0], 'angle': 90.0}, 'location': [160.0, 120.0], 'diameter': 0.0, 'sphere': {'center': [1.765879722315946, -1.4641988726289945, 66.97337994567977], 'radius': 12.0}, 'projected_sphere': {'center': [176.3474716181845, 106.4453115287556], 'axes': [222.17782665394446, 222.17782665394446], 'angle': 90.0}, 'model_confidence': 0.9716610713714324, 'model_id': 32, 'model_birth_timestamp': 360848.025353, 'theta': 0.0, 'phi': 0.0, 'norm_pos': [0.5, 0.5], 'topic': 'pupil.1', 'id': 1, 'method': '3d c++'}"
1581495764.941761,"{'circle_3d': {'center': [0.0, -0.0, 0.0], 'normal': [0.0, -0.0, 0.0], 'radius': 0.0}, 'confidence': 0.0, 'timestamp': 360861.52414, 'diameter_3d': 0.0, 'ellipse': {'center': [160.0, 120.0], 'axes': [0.0, 0.0], 'angle': 90.0}, 'location': [160.0, 120.0], 'diameter': 0.0, 'sphere': {'center': [1.765879722315946, -1.4641988726289945, 66.97337994567977], 'radius': 12.0}, 'projected_sphere': {'center': [176.3474716181845, 106.4453115287556], 'axes': [222.17782665394446, 222.17782665394446], 'angle': 90.0}, 'model_confidence': 0.9716610713714324, 'model_id': 32, 'model_birth_timestamp': 360848.025353, 'theta': 0.0, 'phi': 0.0, 'norm_pos': [0.5, 0.5], 'topic': 'pupil.1', 'id': 1, 'method': '3d c++'}"
1581495764.950355,"{'circle_3d': {'center': [0.0, -0.0, 0.0], 'normal': [0.0, -0.0, 0.0], 'radius': 0.0}, 'confidence': 0.0, 'timestamp': 360861.53254, 'diameter_3d': 0.0, 'ellipse': {'center': [160.0, 120.0], 'axes': [0.0, 0.0], 'angle': 90.0}, 'location': [160.0, 120.0], 'diameter': 0.0, 'sphere': {'center': [1.765879722315946, -1.4641988726289945, 66.97337994567977], 'radius': 12.0}, 'projected_sphere': {'center': [176.3474716181845, 106.4453115287556], 'axes': [222.17782665394446, 222.17782665394446], 'angle': 90.0}, 'model_confidence': 0.9716610713714324, 'model_id': 32, 'model_birth_timestamp': 360848.025353, 'theta': 0.0, 'phi': 0.0, 'norm_pos': [0.5, 0.5], 'topic': 'pupil.1', 'id': 1, 'method': '3d c++'}"
1581495764.957386,"{'circle_3d': {'center': [0.0, -0.0, 0.0], 'normal': [0.0, -0.0, 0.0], 'radius': 0.0}, 'confidence': 0.0, 'timestamp': 360861.54094, 'diameter_3d': 0.0, 'ellipse': {'center': [160.0, 120.0], 'axes': [0.0, 0.0], 'angle': 90.0}, 'location': [160.0, 120.0], 'diameter': 0.0, 'sphere': {'center': [1.765879722315946, -1.4641988726289945, 66.97337994567977], 'radius': 12.0}, 'projected_sphere': {'center': [176.3474716181845, 106.4453115287556], 'axes': [222.17782665394446, 222.17782665394446], 'angle': 90.0}, 'model_confidence': 0.9716610713714324, 'model_id': 32, 'model_birth_timestamp': 360848.025353, 'theta': 0.0, 'phi': 0.0, 'norm_pos': [0.5, 0.5], 'topic': 'pupil.1', 'id': 1, 'method': '3d c++'}"
1581495764.965964,"{'circle_3d': {'center': [0.0, -0.0, 0.0], 'normal': [0.0, -0.0, 0.0], 'radius': 0.0}, 'confidence': 0.0, 'timestamp': 360861.54934, 'diameter_3d': 0.0, 'ellipse': {'center': [160.0, 120.0], 'axes': [0.0, 0.0], 'angle': 90.0}, 'location': [160.0, 120.0], 'diameter': 0.0, 'sphere': {'center': [1.765879722315946, -1.4641988726289945, 66.97337994567977], 'radius': 12.0}, 'projected_sphere': {'center': [176.3474716181845, 106.4453115287556], 'axes': [222.17782665394446, 222.17782665394446], 'angle': 90.0}, 'model_confidence': 0.9716610713714324, 'model_id': 32, 'model_birth_timestamp': 360848.025353, 'theta': 0.0, 'phi': 0.0, 'norm_pos': [0.5, 0.5], 'topic': 'pupil.1', 'id': 1, 'method': '3d c++'}"
1581495764.974824,"{'circle_3d': {'center': [0.0, -0.0, 0.0], 'normal': [0.0, -0.0, 0.0], 'radius': 0.0}, 'confidence': 0.0, 'timestamp': 360861.55774, 'diameter_3d': 0.0, 'ellipse': {'center': [160.0, 120.0], 'axes': [0.0, 0.0], 'angle': 90.0}, 'location': [160.0, 120.0], 'diameter': 0.0, 'sphere': {'center': [1.765879722315946, -1.4641988726289945, 66.97337994567977], 'radius': 12.0}, 'projected_sphere': {'center': [176.3474716181845, 106.4453115287556], 'axes': [222.17782665394446, 222.17782665394446], 'angle': 90.0}, 'model_confidence': 0.9716610713714324, 'model_id': 32, 'model_birth_timestamp': 360848.025353, 'theta': 0.0, 'phi': 0.0, 'norm_pos': [0.5, 0.5], 'topic': 'pupil.1', 'id': 1, 'method': '3d c++'}"
1581495764.982708,"{'circle_3d': {'center': [0.0, -0.0, 0.0], 'normal': [0.0, -0.0, 0.0], 'radius': 0.0}, 'confidence': 0.0, 'timestamp': 360861.56614, 'diameter_3d': 0.0, 'ellipse': {'center': [160.0, 120.0], 'axes': [0.0, 0.0], 'angle': 90.0}, 'location': [160.0, 120.0], 'diameter': 0.0, 'sphere': {'center': [1.765879722315946, -1.4641988726289945, 66.97337994567977], 'radius': 12.0}, 'projected_sphere': {'center': [176.3474716181845, 106.4453115287556], 'axes': [222.17782665394446, 222.17782665394446], 'angle': 90.0}, 'model_confidence': 0.9716610713714324, 'model_id': 32, 'model_birth_timestamp': 360848.025353, 'theta': 0.0, 'phi': 0.0, 'norm_pos': [0.5, 0.5], 'topic': 'pupil.1', 'id': 1, 'method': '3d c++'}"
1581495764.9907851,"{'circle_3d': {'center': [0.0, -0.0, 0.0], 'normal': [0.0, -0.0, 0.0], 'radius': 0.0}, 'confidence': 0.0, 'timestamp': 360861.57454, 'diameter_3d': 0.0, 'ellipse': {'center': [160.0, 120.0], 'axes': [0.0, 0.0], 'angle': 90.0}, 'location': [160.0, 120.0], 'diameter': 0.0, 'sphere': {'center': [1.765879722315946, -1.4641988726289945, 66.97337994567977], 'radius': 12.0}, 'projected_sphere': {'center': [176.3474716181845, 106.4453115287556], 'axes': [222.17782665394446, 222.17782665394446], 'angle': 90.0}, 'model_confidence': 0.9716610713714324, 'model_id': 32, 'model_birth_timestamp': 360848.025353, 'theta': 0.0, 'phi': 0.0, 'norm_pos': [0.5, 0.5], 'topic': 'pupil.1', 'id': 1, 'method': '3d c++'}"
1581495764.997386,"{'circle_3d': {'center': [0.0, -0.0, 0.0], 'normal': [0.0, -0.0, 0.0], 'radius': 0.0}, 'confidence': 0.0, 'timestamp': 360861.58294, 'diameter_3d': 0.0, 'ellipse': {'center': [160.0, 120.0], 'axes': [0.0, 0.0], 'angle': 90.0}, 'location': [160.0, 120.0], 'diameter': 0.0, 'sphere': {'center': [1.765879722315946, -1.4641988726289945, 66.97337994567977], 'radius': 12.0}, 'projected_sphere': {'center': [176.3474716181845, 106.4453115287556], 'axes': [222.17782665394446, 222.17782665394446], 'angle': 90.0}, 'model_confidence': 0.9716610713714324, 'model_id': 32, 'model_birth_timestamp': 360848.025353, 'theta': 0.0, 'phi': 0.0, 'norm_pos': [0.5, 0.5], 'topic': 'pupil.1', 'id': 1, 'method': '3d c++'}"
1581495765.007311,"{'circle_3d': {'center': [0.0, -0.0, 0.0], 'normal': [0.0, -0.0, 0.0], 'radius': 0.0}, 'confidence': 0.0, 'timestamp': 360861.59134, 'diameter_3d': 0.0, 'ellipse': {'center': [160.0, 120.0], 'axes': [0.0, 0.0], 'angle': 90.0}, 'location': [160.0, 120.0], 'diameter': 0.0, 'sphere': {'center': [1.765879722315946, -1.4641988726289945, 66.97337994567977], 'radius': 12.0}, 'projected_sphere': {'center': [176.3474716181845, 106.4453115287556], 'axes': [222.17782665394446, 222.17782665394446], 'angle': 90.0}, 'model_confidence': 0.9716610713714324, 'model_id': 32, 'model_birth_timestamp': 360848.025353, 'theta': 0.0, 'phi': 0.0, 'norm_pos': [0.5, 0.5], 'topic': 'pupil.1', 'id': 1, 'method': '3d c++'}"
1581495765.013649,"{'circle_3d': {'center': [0.0, -0.0, 0.0], 'normal': [0.0, -0.0, 0.0], 'radius': 0.0}, 'confidence': 0.0, 'timestamp': 360861.59974, 'diameter_3d': 0.0, 'ellipse': {'center': [160.0, 120.0], 'axes': [0.0, 0.0], 'angle': 90.0}, 'location': [160.0, 120.0], 'diameter': 0.0, 'sphere': {'center': [1.765879722315946, -1.4641988726289945, 66.97337994567977], 'radius': 12.0}, 'projected_sphere': {'center': [176.3474716181845, 106.4453115287556], 'axes': [222.17782665394446, 222.17782665394446], 'angle': 90.0}, 'model_confidence': 0.9716610713714324, 'model_id': 32, 'model_birth_timestamp': 360848.025353, 'theta': 0.0, 'phi': 0.0, 'norm_pos': [0.5, 0.5], 'topic': 'pupil.1', 'id': 1, 'method': '3d c++'}"
1581495765.026507,"{'circle_3d': {'center': [-1.5811970481891648, 5.832709531937514, 58.0541756746861], 'normal': [-0.2789230642087593, 0.6080757003805425, -0.7432670225828057], 'radius': 2.7163711884681545}, 'confidence': 0.05189114813971769, 'timestamp': 360861.60814, 'diameter_3d': 5.432742376936309, 'ellipse': {'center': [143.3784407986662, 181.7384763026862], 'axes': [39.172562908556095, 58.0554019344835], 'angle': -66.17313362917963}, 'location': [143.3784407986662, 181.7384763026862], 'diameter': 58.0554019344835, 'sphere': {'center': [1.765879722315946, -1.4641988726289945, 66.97337994567977], 'radius': 12.0}, 'projected_sphere': {'center': [176.3474716181845, 106.4453115287556], 'axes': [222.17782665394446, 222.17782665394446], 'angle': 90.0}, 'model_confidence': 0.9716610713714324, 'model_id': 32, 'model_birth_timestamp': 360848.025353, 'theta': 2.224430740606104, 'phi': -1.9298004436205585, 'norm_pos': [0.44805762749583183, 0.24275634873880747], 'topic': 'pupil.1', 'id': 1, 'method': '3d c++'}"
1581495765.034838,"{'circle_3d': {'center': [-1.5789808508312329, 5.8371264087399695, 58.05695931395495], 'normal': [-0.2787383810955982, 0.6084437734474136, -0.7430350526437348], 'radius': 2.6895301316957534}, 'confidence': 0.15070862005671096, 'timestamp': 360861.61654, 'diameter_3d': 5.379060263391507, 'ellipse': {'center': [143.39741643557034, 181.79350704679686], 'axes': [38.765865391492866, 57.478465302088836], 'angle': -66.20074534184782}, 'location': [143.39741643557034, 181.79350704679686], 'diameter': 57.478465302088836, 'sphere': {'center': [1.765879722315946, -1.4641988726289945, 66.97337994567977], 'radius': 12.0}, 'projected_sphere': {'center': [176.3474716181845, 106.4453115287556], 'axes': [222.17782665394446, 222.17782665394446], 'angle': 90.0}, 'model_confidence': 0.9716610713714324, 'model_id': 32, 'model_birth_timestamp': 360848.025353, 'theta': 2.2248944616987907, 'phi': -1.9296852614050326, 'norm_pos': [0.4481169263611573, 0.24252705397167973], 'topic': 'pupil.1', 'id': 1, 'method': '3d c++'}"
1581495765.042099,"{'circle_3d': {'center': [-1.5767584821404383, 5.841559784170392, 58.05975777045215], 'normal': [-0.27855318370469867, 0.6088132213999488, -0.7428018479356345], 'radius': 2.694199343991943}, 'confidence': 0.14393542277340396, 'timestamp': 360861.62494, 'diameter_3d': 5.388398687983886, 'ellipse': {'center': [143.4225796481111, 181.83592348485982], 'axes': [38.81428851370483, 57.57560530998958], 'angle': -66.2284563504209}, 'location': [143.4225796481111, 181.83592348485982], 'diameter': 57.57560530998958, 'sphere': {'center': [1.765879722315946, -1.4641988726289945, 66.97337994567977], 'radius': 12.0}, 'projected_sphere': {'center': [176.3474716181845, 106.4453115287556], 'axes': [222.17782665394446, 222.17782665394446], 'angle': 90.0}, 'model_confidence': 0.9716610713714324, 'model_id': 32, 'model_birth_timestamp': 360848.025353, 'theta': 2.2253600808084153, 'phi': -1.9295699368135009, 'norm_pos': [0.4481955614003472, 0.2423503188130841], 'topic': 'pupil.1', 'id': 1, 'method': '3d c++'}"
1581495765.0533361,"{'circle_3d': {'center': [-1.4601198012874448, 5.940806009907784, 58.09876278417262], 'normal': [-0.2688332936336159, 0.6170837402113982, -0.7395514301255955], 'radius': 2.710985990487389}, 'confidence': 0.20867253407683886, 'timestamp': 360861.63334, 'diameter_3d': 5.421971980974778, 'ellipse': {'center': [144.671622990887, 182.8431440687533], 'axes': [38.78215374020455, 57.89659005579484], 'angle': -67.29418865868928}, 'location': [144.671622990887, 182.8431440687533], 'diameter': 57.89659005579484, 'sphere': {'center': [1.765879722315946, -1.4641988726289945, 66.97337994567977], 'radius': 12.0}, 'projected_sphere': {'center': [176.3474716181845, 106.4453115287556], 'axes': [222.17782665394446, 222.17782665394446], 'angle': 90.0}, 'model_confidence': 0.9716610713714324, 'model_id': 32, 'model_birth_timestamp': 360848.025353, 'theta': 2.23582759793498, 'phi': -1.9194544698459632, 'norm_pos': [0.45209882184652184, 0.23815356638019458], 'topic': 'pupil.1', 'id': 1, 'method': '3d c++'}"
1581495765.059666,"{'circle_3d': {'center': [-1.4658472259311723, 5.938663605437613, 58.099059235743326], 'normal': [-0.26931057902059324, 0.6169052065055507, -0.7395267258280369], 'radius': 2.6834219951832554}, 'confidence': 0.2635279859520377, 'timestamp': 360861.64174, 'diameter_3d': 5.366843990366511, 'ellipse': {'center': [144.6058494151345, 182.83136166438345], 'axes': [38.385635883686525, 57.30704014715421], 'angle': -67.24955369785272}, 'location': [144.6058494151345, 182.83136166438345], 'diameter': 57.30704014715421, 'sphere': {'center': [1.765879722315946, -1.4641988726289945, 66.97337994567977], 'radius': 12.0}, 'projected_sphere': {'center': [176.3474716181845, 106.4453115287556], 'axes': [222.17782665394446, 222.17782665394446], 'angle': 90.0}, 'model_confidence': 0.9716610713714324, 'model_id': 32, 'model_birth_timestamp': 360848.025353, 'theta': 2.235600735058541, 'phi': -1.9200351385223648, 'norm_pos': [0.4518932794222953, 0.2382026597317356], 'topic': 'pupil.1', 'id': 1, 'method': '3d c++'}"
1581495765.067042,"{'circle_3d': {'center': [-1.5506713009377273, 5.944356691998022, 58.13517912447249], 'normal': [-0.27637925193780616, 0.6173796303855849, -0.7365167351006068], 'radius': 2.693288158703031}, 'confidence': 0.32903961766034456, 'timestamp': 360861.65014, 'diameter_3d': 5.386576317406062, 'ellipse': {'center': [143.71728636510784, 182.85200913490786], 'axes': [38.293348253031525, 57.4821740687911], 'angle': -66.6933446147364}, 'location': [143.71728636510784, 182.85200913490786], 'diameter': 57.4821740687911, 'sphere': {'center': [1.765879722315946, -1.4641988726289945, 66.97337994567977], 'radius': 12.0}, 'projected_sphere': {'center': [176.3474716181845, 106.4453115287556], 'axes': [222.17782665394446, 222.17782665394446], 'angle': 90.0}, 'model_confidence': 0.9716610713714324, 'model_id': 32, 'model_birth_timestamp': 360848.025353, 'theta': 2.236203674645943, 'phi': -1.929787760375858, 'norm_pos': [0.449116519890962, 0.23811662860455063], 'topic': 'pupil.1', 'id': 1, 'method': '3d c++'}"
1581495765.075277,"{'circle_3d': {'center': [-1.540750963077809, 5.950070977481197, 58.13625393661101], 'normal': [-0.27555255711614624, 0.6178558208425159, -0.7364271674223962], 'radius': 2.709033802194052}, 'confidence': 0.3075235952437166, 'timestamp': 360861.65854, 'diameter_3d': 5.418067604388104, 'ellipse': {'center': [143.8256180415778, 182.90509929213536], 'axes': [38.509497124978196, 57.81754191340427], 'angle': -66.77574236589373}, 'location': [143.8256180415778, 182.90509929213536], 'diameter': 57.81754191340427, 'sphere': {'center': [1.765879722315946, -1.4641988726289945, 66.97337994567977], 'radius': 12.0}, 'projected_sphere': {'center': [176.3474716181845, 106.4453115287556], 'axes': [222.17782665394446, 222.17782665394446], 'angle': 90.0}, 'model_confidence': 0.9716610713714324, 'model_id': 32, 'model_birth_timestamp': 360848.025353, 'theta': 2.2368091463921482, 'phi': -1.9288434200762419, 'norm_pos': [0.4494550563799306, 0.2378954196161026], 'topic': 'pupil.1', 'id': 1, 'method': '3d c++'}"
1581495765.088125,"{'circle_3d': {'center': [-1.6263013897537613, 5.955806425743624, 58.17357150031916], 'normal': [-0.28268175933914225, 0.6183337748643848, -0.7333173704467169], 'radius': 2.7103557380114838}, 'confidence': 0.2950700373236966, 'timestamp': 360861.66694, 'diameter_3d': 5.4207114760229675, 'ellipse': {'center': [142.92912628016956, 182.92845165480486], 'axes': [38.285614682997284, 57.80865257687899], 'angle': -66.21997278692666}, 'location': [142.92912628016956, 182.92845165480486], 'diameter': 57.80865257687899, 'sphere': {'center': [1.765879722315946, -1.4641988726289945, 66.97337994567977], 'radius': 12.0}, 'projected_sphere': {'center': [176.3474716181845, 106.4453115287556], 'axes': [222.17782665394446, 222.17782665394446], 'angle': 90.0}, 'model_confidence': 0.9716610713714324, 'model_id': 32, 'model_birth_timestamp': 360848.025353, 'theta': 2.237417150301378, 'phi': -1.9387262005738322, 'norm_pos': [0.44665351962552985, 0.23779811810497975], 'topic': 'pupil.1', 'id': 1, 'method': '3d c++'}"
1581495765.1043782,"{'circle_3d': {'center': [-1.7053280775014936, 5.961563000328116, 58.20931827219623], 'normal': [-0.2892673166514533, 0.6188134894130926, -0.730338472790295], 'radius': 2.7085598962059554}, 'confidence': 0.35521481223358964, 'timestamp': 360861.67534, 'diameter_3d': 5.417119792411911, 'ellipse': {'center': [142.10170121260097, 182.95480402022466], 'axes': [38.02799600865298, 57.73482505678699], 'angle': -65.7128491746176}, 'location': [142.10170121260097, 182.95480402022466], 'diameter': 57.73482505678699, 'sphere': {'center': [1.765879722315946, -1.4641988726289945, 66.97337994567977], 'radius': 12.0}, 'projected_sphere': {'center': [176.3474716181845, 106.4453115287556], 'axes': [222.17782665394446, 222.17782665394446], 'angle': 90.0}, 'model_confidence': 0.9716610713714324, 'model_id': 32, 'model_birth_timestamp': 360848.025353, 'theta': 2.238027686365207, 'phi': -1.9479127422337614, 'norm_pos': [0.444067816289378, 0.2376883165823973], 'topic': 'pupil.1', 'id': 1, 'method': '3d c++'}"
1581495765.116373,"{'circle_3d': {'center': [-1.7248233038172065, 5.872751650254037, 58.14251648800411], 'normal': [-0.2908919188444294, 0.6114125435735861, -0.735905288139638], 'radius': 2.680500303308529}, 'confidence': 0.310896484123971, 'timestamp': 360861.68374, 'diameter_3d': 5.361000606617058, 'ellipse': {'center': [141.87185483685525, 182.0913983988829], 'axes': [38.07838146551719, 57.20115020709147], 'angle': -65.32690695538253}, 'location': [141.87185483685525, 182.0913983988829], 'diameter': 57.20115020709147, 'sphere': {'center': [1.765879722315946, -1.4641988726289945, 66.97337994567977], 'radius': 12.0}, 'projected_sphere': {'center': [176.3474716181845, 106.4453115287556], 'axes': [222.17782665394446, 222.17782665394446], 'angle': 90.0}, 'model_confidence': 0.9716610713714324, 'model_id': 32, 'model_birth_timestamp': 360848.025353, 'theta': 2.2286407545878397, 'phi': -1.947230978302579, 'norm_pos': [0.44334954636517265, 0.24128584000465458], 'topic': 'pupil.1', 'id': 1, 'method': '3d c++'}"
1581495765.119029,"{'circle_3d': {'center': [-1.7225642725486725, 5.889811923234484, 58.15582451863445], 'normal': [-0.2907036662387182, 0.6128342329886233, -0.7347962855871101], 'radius': 2.694254105522018}, 'confidence': 0.38865473042589754, 'timestamp': 360861.70054, 'diameter_3d': 5.388508211044036, 'ellipse': {'center': [141.90209858444163, 182.25360587616026], 'axes': [38.18502619220166, 57.481903020906344], 'angle': -65.3917841154555}, 'location': [141.90209858444163, 182.25360587616026], 'diameter': 57.481903020906344, 'sphere': {'center': [1.765879722315946, -1.4641988726289945, 66.97337994567977], 'radius': 12.0}, 'projected_sphere': {'center': [176.3474716181845, 106.4453115287556], 'axes': [222.17782665394446, 222.17782665394446], 'angle': 90.0}, 'model_confidence': 0.9716610713714324, 'model_id': 32, 'model_birth_timestamp': 360848.025353, 'theta': 2.2304386273698094, 'phi': -1.9475253372707901, 'norm_pos': [0.4434440580763801, 0.24060997551599894], 'topic': 'pupil.1', 'id': 1, 'method': '3d c++'}"
1581495765.125386,"{'circle_3d': {'center': [-1.7225553383331869, 5.894440021905487, 58.159682966121295], 'normal': [-0.2907029217207612, 0.6132199078778737, -0.7344747482965397], 'radius': 2.7000638187657424}, 'confidence': 0.42737586687170037, 'timestamp': 360861.70894, 'diameter_3d': 5.400127637531485, 'ellipse': {'center': [141.9043849073247, 182.29651786396636], 'axes': [38.241705873757056, 57.60218651777173], 'angle': -65.40534200790479}, 'location': [141.9043849073247, 182.29651786396636], 'diameter': 57.60218651777173, 'sphere': {'center': [1.765879722315946, -1.4641988726289945, 66.97337994567977], 'radius': 12.0}, 'projected_sphere': {'center': [176.3474716181845, 106.4453115287556], 'axes': [222.17782665394446, 222.17782665394446], 'angle': 90.0}, 'model_confidence': 0.9716610713714324, 'model_id': 32, 'model_birth_timestamp': 360848.025353, 'theta': 2.2309267851944377, 'phi': -1.9476742083675675, 'norm_pos': [0.4434512028353897, 0.24043117556680682], 'topic': 'pupil.1', 'id': 1, 'method': '3d c++'}"
1581495765.137779,"{'circle_3d': {'center': [-1.8653362787981116, 5.708117576451272, 58.06427521470338], 'normal': [-0.30260133342617146, 0.5976930374233556, -0.7424253942480323], 'radius': 2.6909141972574413}, 'confidence': 0.4913386207729055, 'timestamp': 360861.71734, 'diameter_3d': 5.381828394514883, 'ellipse': {'center': [140.36249772708805, 180.4176144342294], 'axes': [38.76258186977056, 57.49979005058197], 'angle': -63.8948809522463}, 'location': [140.36249772708805, 180.4176144342294], 'diameter': 57.49979005058197, 'sphere': {'center': [1.765879722315946, -1.4641988726289945, 66.97337994567977], 'radius': 12.0}, 'projected_sphere': {'center': [176.3474716181845, 106.4453115287556], 'axes': [222.17782665394446, 222.17782665394446], 'angle': 90.0}, 'model_confidence': 0.9716610713714324, 'model_id': 32, 'model_birth_timestamp': 360848.025353, 'theta': 2.2114168400679, 'phi': -1.9578242072061258, 'norm_pos': [0.43863280539715016, 0.2482599398573775], 'topic': 'pupil.1', 'id': 1, 'method': '3d c++'}"
1581495765.14157,"{'circle_3d': {'center': [-1.8553381616983387, 5.726288249624021, 58.074858946029956], 'normal': [-0.30176815700119036, 0.5992072601877513, -0.7415434166374841], 'radius': 2.695492034489413}, 'confidence': 0.6348763304668459, 'timestamp': 360861.72574, 'diameter_3d': 5.390984068978826, 'ellipse': {'center': [140.47258774259416, 180.59842549328613], 'axes': [38.75671009173577, 57.587335129065906], 'angle': -64.01805077474219}, 'location': [140.47258774259416, 180.59842549328613], 'diameter': 57.587335129065906, 'sphere': {'center': [1.765879722315946, -1.4641988726289945, 66.97337994567977], 'radius': 12.0}, 'projected_sphere': {'center': [176.3474716181845, 106.4453115287556], 'axes': [222.17782665394446, 222.17782665394446], 'angle': 90.0}, 'model_confidence': 0.9716610713714324, 'model_id': 32, 'model_birth_timestamp': 360848.025353, 'theta': 2.2133068786120216, 'phi': -1.9572762904783112, 'norm_pos': [0.4389768366956067, 0.24750656044464114], 'topic': 'pupil.1', 'id': 1, 'method': '3d c++'}"
1581495765.1499362,"{'circle_3d': {'center': [-1.8572012148546257, 5.7285535910241405, 58.07744848689913], 'normal': [-0.3019234114308809, 0.5993960386377611, -0.741327621565053], 'radius': 2.69502263529275}, 'confidence': 0.6089155851507675, 'timestamp': 360861.73414, 'diameter_3d': 5.3900452705855, 'ellipse': {'center': [140.45349436542733, 180.6201656520111], 'axes': [38.73273186971149, 57.57474471523686], 'angle': -64.01276244344926}, 'location': [140.45349436542733, 180.6201656520111], 'diameter': 57.57474471523686, 'sphere': {'center': [1.765879722315946, -1.4641988726289945, 66.97337994567977], 'radius': 12.0}, 'projected_sphere': {'center': [176.3474716181845, 106.4453115287556], 'axes': [222.17782665394446, 222.17782665394446], 'angle': 90.0}, 'model_confidence': 0.9716610713714324, 'model_id': 32, 'model_birth_timestamp': 360848.025353, 'theta': 2.2135426974248547, 'phi': -1.9575575598795942, 'norm_pos': [0.4389171698919604, 0.24741597644995372], 'topic': 'pupil.1', 'id': 1, 'method': '3d c++'}"
1581495765.158488,"{'circle_3d': {'center': [-1.859076714792099, 5.730824762467169, 58.08004953916295], 'normal': [-0.30207970309233706, 0.5995853029246802, -0.7411108672097346], 'radius': 2.7032032359628118}, 'confidence': 0.6659439104583336, 'timestamp': 360861.74254, 'diameter_3d': 5.4064064719256235, 'ellipse': {'center': [140.43607487301853, 180.6385164371507], 'axes': [38.833190445998284, 57.74710925071724], 'angle': -64.00742213130829}, 'location': [140.43607487301853, 180.6385164371507], 'diameter': 57.74710925071724, 'sphere': {'center': [1.765879722315946, -1.4641988726289945, 66.97337994567977], 'radius': 12.0}, 'projected_sphere': {'center': [176.3474716181845, 106.4453115287556], 'axes': [222.17782665394446, 222.17782665394446], 'angle': 90.0}, 'model_confidence': 0.9716610713714324, 'model_id': 32, 'model_birth_timestamp': 360848.025353, 'theta': 2.2137791649474985, 'phi': -1.9578405811921697, 'norm_pos': [0.4388627339781829, 0.24733951484520533], 'topic': 'pupil.1', 'id': 1, 'method': '3d c++'}"
1581495765.166018,"{'circle_3d': {'center': [-1.8879682515021348, 5.636723259489202, 58.01646642271777], 'normal': [-0.3044873311515067, 0.5917435110098497, -0.7464094602468331], 'radius': 2.694037156374417}, 'confidence': 0.528183551428959, 'timestamp': 360861.75094, 'diameter_3d': 5.388074312748834, 'ellipse': {'center': [140.1088416663634, 179.70405869874062], 'axes': [39.1310227468243, 57.61353047613352], 'angle': -63.517923812485314}, 'location': [140.1088416663634, 179.70405869874062], 'diameter': 57.61353047613352, 'sphere': {'center': [1.765879722315946, -1.4641988726289945, 66.97337994567977], 'radius': 12.0}, 'projected_sphere': {'center': [176.3474716181845, 106.4453115287556], 'axes': [222.17782665394446, 222.17782665394446], 'angle': 90.0}, 'model_confidence': 0.9716610713714324, 'model_id': 32, 'model_birth_timestamp': 360848.025353, 'theta': 2.204016281179954, 'phi': -1.958125354416037, 'norm_pos': [0.4378401302073856, 0.2512330887552474], 'topic': 'pupil.1', 'id': 1, 'method': '3d c++'}"
1581495765.17369,"{'circle_3d': {'center': [-1.8880171703892408, 5.645787031430239, 58.02367950703053], 'normal': [-0.30449140772543226, 0.5924988253382696, -0.7458083698874366], 'radius': 2.697733781458394}, 'confidence': 0.658040363211331, 'timestamp': 360861.75934, 'diameter_3d': 5.395467562916788, 'ellipse': {'center': [140.1112608442366, 179.79200931140454], 'axes': [39.13620862297244, 57.68555082900109], 'angle': -63.54663875552513}, 'location': [140.1112608442366, 179.79200931140454], 'diameter': 57.68555082900109, 'sphere': {'center': [1.765879722315946, -1.4641988726289945, 66.97337994567977], 'radius': 12.0}, 'projected_sphere': {'center': [176.3474716181845, 106.4453115287556], 'axes': [222.17782665394446, 222.17782665394446], 'angle': 90.0}, 'model_confidence': 0.9716610713714324, 'model_id': 32, 'model_birth_timestamp': 360848.025353, 'theta': 2.2049535714817052, 'phi': -1.958411879551197, 'norm_pos': [0.4378476901382394, 0.2508666278691477], 'topic': 'pupil.1', 'id': 1, 'method': '3d c++'}"
1581495765.183145,"{'circle_3d': {'center': [-1.8903017674517064, 5.64684816604583, 58.02545577704521], 'normal': [-0.304681790813971, 0.592587253222902, -0.745660347386213], 'radius': 2.6978146348126177}, 'confidence': 0.6646202939811809, 'timestamp': 360861.76774, 'diameter_3d': 5.3956292696252355, 'ellipse': {'center': [140.08756482221406, 179.80156834419444], 'axes': [39.12561252991018, 57.68552221180423], 'angle': -63.53483395157644}, 'location': [140.08756482221406, 179.80156834419444], 'diameter': 57.68552221180423, 'sphere': {'center': [1.765879722315946, -1.4641988726289945, 66.97337994567977], 'radius': 12.0}, 'projected_sphere': {'center': [176.3474716181845, 106.4453115287556], 'axes': [222.17782665394446, 222.17782665394446], 'angle': 90.0}, 'model_confidence': 0.9716610713714324, 'model_id': 32, 'model_birth_timestamp': 360848.025353, 'theta': 2.2050633463125964, 'phi': -1.9587001565976492, 'norm_pos': [0.43777364006941893, 0.25082679856585655], 'topic': 'pupil.1', 'id': 1, 'method': '3d c++'}"
1581495765.1936908,"{'circle_3d': {'center': [-1.892601201500087, 5.6479094710869, 58.02723931201427], 'normal': [-0.30487341031800275, 0.5926756953096578, -0.745511719472125], 'radius': 2.6968901037174673}, 'confidence': 0.6518955246281916, 'timestamp': 360861.77614, 'diameter_3d': 5.393780207434935, 'ellipse': {'center': [140.0635019641886, 179.81152066886054], 'axes': [39.10036486544247, 57.66396893464116], 'angle': -63.52293609200487}, 'location': [140.0635019641886, 179.81152066886054], 'diameter': 57.66396893464116, 'sphere': {'center': [1.765879722315946, -1.4641988726289945, 66.97337994567977], 'radius': 12.0}, 'projected_sphere': {'center': [176.3474716181845, 106.4453115287556], 'axes': [222.17782665394446, 222.17782665394446], 'angle': 90.0}, 'model_confidence': 0.9716610713714324, 'model_id': 32, 'model_birth_timestamp': 360848.025353, 'theta': 2.2051731476421375, 'phi': -1.9589901855553935, 'norm_pos': [0.43769844363808935, 0.2507853305464144], 'topic': 'pupil.1', 'id': 1, 'method': '3d c++'}"
1581495765.202663,"{'circle_3d': {'center': [-2.011587211350916, 5.5519717698418765, 58.00097262764169], 'normal': [-0.31478891113890517, 0.5846808868725727, -0.7477006098365068], 'radius': 2.701208300510757}, 'confidence': 0.5456254291214734, 'timestamp': 360861.78454, 'diameter_3d': 5.402416601021514, 'ellipse': {'center': [138.79341329572807, 178.81604524611393], 'axes': [39.35053019955609, 57.781874132419304], 'angle': -62.419732474836856}, 'location': [138.79341329572807, 178.81604524611393], 'diameter': 57.781874132419304, 'sphere': {'center': [1.765879722315946, -1.4641988726289945, 66.97337994567977], 'radius': 12.0}, 'projected_sphere': {'center': [176.3474716181845, 106.4453115287556], 'axes': [222.17782665394446, 222.17782665394446], 'angle': 90.0}, 'model_confidence': 0.9716610713714324, 'model_id': 32, 'model_birth_timestamp': 360848.025353, 'theta': 2.1952829754710903, 'phi': -1.9692819664264578, 'norm_pos': [0.4337294165491502, 0.25493314480785867], 'topic': 'pupil.1', 'id': 1, 'method': '3d c++'}"
1581495765.209855,"{'circle_3d': {'center': [-2.005746661552914, 5.55984467826755, 58.00467621461512], 'normal': [-0.31430219865573833, 0.585336962574712, -0.7473919775887209], 'radius': 2.6993235899367707}, 'confidence': 0.6111747679628925, 'timestamp': 360861.79294, 'diameter_3d': 5.398647179873541, 'ellipse': {'center': [138.8561836157624, 178.8969371998367], 'axes': [39.297535115938935, 57.73788639062231], 'angle': -62.484664906789874}, 'location': [138.8561836157624, 178.8969371998367], 'diameter': 57.73788639062231, 'sphere': {'center': [1.765879722315946, -1.4641988726289945, 66.97337994567977], 'radius': 12.0}, 'projected_sphere': {'center': [176.3474716181845, 106.4453115287556], 'axes': [222.17782665394446, 222.17782665394446], 'angle': 90.0}, 'model_confidence': 0.9716610713714324, 'model_id': 32, 'model_birth_timestamp': 360848.025353, 'theta': 2.1960919200142612, 'phi': -1.9688764089904698, 'norm_pos': [0.4339255737992575, 0.25459609500068037], 'topic': 'pupil.1', 'id': 1, 'method': '3d c++'}"
1581495765.217449,"{'circle_3d': {'center': [-2.009604176110556, 5.559658274817915, 58.0061533897718], 'normal': [-0.3146236582022085, 0.5853214289539092, -0.7472688796589977], 'radius': 2.7005331341283796}, 'confidence': 0.6239637877916839, 'timestamp': 360861.80134, 'diameter_3d': 5.401066268256759, 'ellipse': {'center': [138.81597190921957, 178.8931147028822], 'axes': [39.30552761849904, 57.76231074609602], 'angle': -62.45854048584168}, 'location': [138.81597190921957, 178.8931147028822], 'diameter': 57.76231074609602, 'sphere': {'center': [1.765879722315946, -1.4641988726289945, 66.97337994567977], 'radius': 12.0}, 'projected_sphere': {'center': [176.3474716181845, 106.4453115287556], 'axes': [222.17782665394446, 222.17782665394446], 'angle': 90.0}, 'model_confidence': 0.9716610713714324, 'model_id': 32, 'model_birth_timestamp': 360848.025353, 'theta': 2.19607276152584, 'phi': -1.9693007329960164, 'norm_pos': [0.43379991221631115, 0.25461202207132416], 'topic': 'pupil.1', 'id': 1, 'method': '3d c++'}"
1581495765.2261682,"{'circle_3d': {'center': [-2.013484045734576, 5.559466056040795, 58.00763733959738], 'normal': [-0.3149469806708768, 0.5853054107224823, -0.7471452171735321], 'radius': 2.6951291132581754}, 'confidence': 0.6252821935676806, 'timestamp': 360861.80974, 'diameter_3d': 5.390258226516351, 'ellipse': {'center': [138.7740780254995, 178.8918269408133], 'axes': [39.217049354850246, 57.64513643566019], 'angle': -62.43225371425194}, 'location': [138.7740780254995, 178.8918269408133], 'diameter': 57.64513643566019, 'sphere': {'center': [1.765879722315946, -1.4641988726289945, 66.97337994567977], 'radius': 12.0}, 'projected_sphere': {'center': [176.3474716181845, 106.4453115287556], 'axes': [222.17782665394446, 222.17782665394446], 'angle': 90.0}, 'model_confidence': 0.9716610713714324, 'model_id': 32, 'model_birth_timestamp': 360848.025353, 'theta': 2.196053005617372, 'phi': -1.969727432831553, 'norm_pos': [0.43366899382968593, 0.25461738774661125], 'topic': 'pupil.1', 'id': 1, 'method': '3d c++'}"
1581495765.233459,"{'circle_3d': {'center': [-2.0173862639339317, 5.5592680216875685, 58.00912809392303], 'normal': [-0.31527216552082304, 0.5852889078597135, -0.7470209876463945], 'radius': 2.695138860424496}, 'confidence': 0.5992898192373446, 'timestamp': 360861.81814, 'diameter_3d': 5.390277720848992, 'ellipse': {'center': [138.73313643699203, 178.88834076891075], 'axes': [39.207474092333264, 57.643862358542506], 'angle': -62.40581618204892}, 'location': [138.73313643699203, 178.88834076891075], 'diameter': 57.643862358542506, 'sphere': {'center': [1.765879722315946, -1.4641988726289945, 66.97337994567977], 'radius': 12.0}, 'projected_sphere': {'center': [176.3474716181845, 106.4453115287556], 'axes': [222.17782665394446, 222.17782665394446], 'angle': 90.0}, 'model_confidence': 0.9716610713714324, 'model_id': 32, 'model_birth_timestamp': 360848.025353, 'theta': 2.1960326522888565, 'phi': -1.9701565084970787, 'norm_pos': [0.43354105136560006, 0.25463191346287184], 'topic': 'pupil.1', 'id': 1, 'method': '3d c++'}"
1581495765.24136,"{'circle_3d': {'center': [-2.0213108241782827, 5.559064171502117, 58.01062568275997], 'normal': [-0.31559921220785236, 0.5852719203442592, -0.7468961885766495], 'radius': 2.703563480972224}, 'confidence': 0.5130562686055302, 'timestamp': 360861.82654, 'diameter_3d': 5.407126961944448, 'ellipse': {'center': [138.69380936976518, 178.881476246699], 'axes': [39.32047480350295, 57.82272771971268], 'angle': -62.379230906014165}, 'location': [138.69380936976518, 178.881476246699], 'diameter': 57.82272771971268, 'sphere': {'center': [1.765879722315946, -1.4641988726289945, 66.97337994567977], 'radius': 12.0}, 'projected_sphere': {'center': [176.3474716181845, 106.4453115287556], 'axes': [222.17782665394446, 222.17782665394446], 'angle': 90.0}, 'model_confidence': 0.9716610713714324, 'model_id': 32, 'model_birth_timestamp': 360848.025353, 'theta': 2.1960117015402947, 'phi': -1.9705879599925937, 'norm_pos': [0.43341815428051617, 0.25466051563875414], 'topic': 'pupil.1', 'id': 1, 'method': '3d c++'}"
1581495765.2499561,"{'circle_3d': {'center': [-2.025257719897583, 5.5588545052208005, 58.01213013629942], 'normal': [-0.31592812018446065, 0.5852544481541494, -0.7467708174483622], 'radius': 2.6942356328049804}, 'confidence': 0.6713118541472137, 'timestamp': 360861.83494, 'diameter_3d': 5.388471265609961, 'ellipse': {'center': [138.65035200707356, 178.88152696981277], 'axes': [39.174750303745974, 57.62154086801727], 'angle': -62.35247341628493}, 'location': [138.65035200707356, 178.88152696981277], 'diameter': 57.62154086801727, 'sphere': {'center': [1.765879722315946, -1.4641988726289945, 66.97337994567977], 'radius': 12.0}, 'projected_sphere': {'center': [176.3474716181845, 106.4453115287556], 'axes': [222.17782665394446, 222.17782665394446], 'angle': 90.0}, 'model_confidence': 0.9716610713714324, 'model_id': 32, 'model_birth_timestamp': 360848.025353, 'theta': 2.1959901533716852, 'phi': -1.9710217873180977, 'norm_pos': [0.4332823500221049, 0.2546603042924468], 'topic': 'pupil.1', 'id': 1, 'method': '3d c++'}"
1581495765.257508,"{'circle_3d': {'center': [-2.0292269445092455, 5.558639022570967, 58.01364148492309], 'normal': [-0.3162588889020992, 0.5852364912666633, -0.7466448717297228], 'radius': 2.70768411120799}, 'confidence': 0.6421012092186004, 'timestamp': 360861.84334, 'diameter_3d': 5.41536822241598, 'ellipse': {'center': [138.6116681664209, 178.87255016978256], 'axes': [39.36077581484508, 57.907929990637165], 'angle': -62.325582111411755}, 'location': [138.6116681664209, 178.87255016978256], 'diameter': 57.907929990637165, 'sphere': {'center': [1.765879722315946, -1.4641988726289945, 66.97337994567977], 'radius': 12.0}, 'projected_sphere': {'center': [176.3474716181845, 106.4453115287556], 'axes': [222.17782665394446, 222.17782665394446], 'angle': 90.0}, 'model_confidence': 0.9716610713714324, 'model_id': 32, 'model_birth_timestamp': 360848.025353, 'theta': 2.1959680077828736, 'phi': -1.971457990476622, 'norm_pos': [0.43316146302006536, 0.25469770762590604], 'topic': 'pupil.1', 'id': 1, 'method': '3d c++'}"
1581495765.2655869,"{'circle_3d': {'center': [-2.0332184913075606, 5.558417723276975, 58.0151597591612], 'normal': [-0.3165915178019589, 0.5852180496588307, -0.7465183488765472], 'radius': 2.703987537599688}, 'confidence': 0.5845902193935684, 'timestamp': 360861.85174, 'diameter_3d': 5.407975075199376, 'ellipse': {'center': [138.56897980585438, 178.87025401964152], 'axes': [39.29701118485532, 57.82728227248861], 'angle': -62.29851960166003}, 'location': [138.56897980585438, 178.87025401964152], 'diameter': 57.82728227248861, 'sphere': {'center': [1.765879722315946, -1.4641988726289945, 66.97337994567977], 'radius': 12.0}, 'projected_sphere': {'center': [176.3474716181845, 106.4453115287556], 'axes': [222.17782665394446, 222.17782665394446], 'angle': 90.0}, 'model_confidence': 0.9716610713714324, 'model_id': 32, 'model_birth_timestamp': 360848.025353, 'theta': 2.1959452647741666, 'phi': -1.9718965694621218, 'norm_pos': [0.43302806189329496, 0.25470727491816036], 'topic': 'pupil.1', 'id': 1, 'method': '3d c++'}"
1581495765.277686,"{'circle_3d': {'center': [-2.037232353628312, 5.558190607051198, 58.016684989755234], 'normal': [-0.31692600632868806, 0.5851991233066827, -0.7463912463270443], 'radius': 2.7002097570438646}, 'confidence': 0.48138837539139406, 'timestamp': 360861.86014, 'diameter_3d': 5.400419514087729, 'ellipse': {'center': [138.5260409447303, 178.86791888274945], 'axes': [39.232047521454355, 57.744893792707295], 'angle': -62.271302188444565}, 'location': [138.5260409447303, 178.86791888274945], 'diameter': 57.744893792707295, 'sphere': {'center': [1.765879722315946, -1.4641988726289945, 66.97337994567977], 'radius': 12.0}, 'projected_sphere': {'center': [176.3474716181845, 106.4453115287556], 'axes': [222.17782665394446, 222.17782665394446], 'angle': 90.0}, 'model_confidence': 0.9716610713714324, 'model_id': 32, 'model_birth_timestamp': 360848.025353, 'theta': 2.195921924345412, 'phi': -1.9723375242776102, 'norm_pos': [0.43289387795228224, 0.25471700465521063], 'topic': 'pupil.1', 'id': 1, 'method': '3d c++'}"
1581495765.286031,"{'circle_3d': {'center': [-2.0412685247384887, 5.557957673599995, 58.01821720761612], 'normal': [-0.31726235392120294, 0.5851797121857493, -0.7462635615053042], 'radius': 2.713026525195189}, 'confidence': 0.5050638981760721, 'timestamp': 360861.86854, 'diameter_3d': 5.426053050390378, 'ellipse': {'center': [138.48653354563228, 178.8589815067363], 'axes': [39.4085779956858, 58.01771633013455], 'angle': -62.243945721236734}, 'location': [138.48653354563228, 178.8589815067363], 'diameter': 58.01771633013455, 'sphere': {'center': [1.765879722315946, -1.4641988726289945, 66.97337994567977], 'radius': 12.0}, 'projected_sphere': {'center': [176.3474716181845, 106.4453115287556], 'axes': [222.17782665394446, 222.17782665394446], 'angle': 90.0}, 'model_confidence': 0.9716610713714324, 'model_id': 32, 'model_birth_timestamp': 360848.025353, 'theta': 2.195897986496611, 'phi': -1.972780854923088, 'norm_pos': [0.4327704173301009, 0.254754243721932], 'topic': 'pupil.1', 'id': 1, 'method': '3d c++'}"
1581495765.2947142,"{'circle_3d': {'center': [-2.0453269978633104, 5.557718922622238, 58.019756443834574], 'normal': [-0.31760056001493797, 0.5851598162709359, -0.7461352918204327], 'radius': 2.701253950680282}, 'confidence': 0.5073231993801014, 'timestamp': 360861.87694, 'diameter_3d': 5.402507901360564, 'ellipse': {'center': [138.44136054873482, 178.859661637416], 'axes': [39.22719466233755, 57.76418483091917], 'angle': -62.216411758954216}, 'location': [138.44136054873482, 178.859661637416], 'diameter': 57.76418483091917, 'sphere': {'center': [1.765879722315946, -1.4641988726289945, 66.97337994567977], 'radius': 12.0}, 'projected_sphere': {'center': [176.3474716181845, 106.4453115287556], 'axes': [222.17782665394446, 222.17782665394446], 'angle': 90.0}, 'model_confidence': 0.9716610713714324, 'model_id': 32, 'model_birth_timestamp': 360848.025353, 'theta': 2.195873451227763, 'phi': -1.973226561398555, 'norm_pos': [0.4326292517147963, 0.25475140984410005], 'topic': 'pupil.1', 'id': 1, 'method': '3d c++'}"
1581495765.3011498,"{'circle_3d': {'center': [-2.049407766185789, 5.557474353809273, 58.02130272968112], 'normal': [-0.3179406240418112, 0.5851394355365223, -0.7460064346665541], 'radius': 2.7082652632030726}, 'confidence': 0.5255274279031691, 'timestamp': 360861.88534, 'diameter_3d': 5.416530526406145, 'ellipse': {'center': [138.40010730559578, 178.85287842577196], 'axes': [39.31908811451576, 57.912716247049666], 'angle': -62.188741195889556}, 'location': [138.40010730559578, 178.85287842577196], 'diameter': 57.912716247049666, 'sphere': {'center': [1.765879722315946, -1.4641988726289945, 66.97337994567977], 'radius': 12.0}, 'projected_sphere': {'center': [176.3474716181845, 106.4453115287556], 'axes': [222.17782665394446, 222.17782665394446], 'angle': 90.0}, 'model_confidence': 0.9716610713714324, 'model_id': 32, 'model_birth_timestamp': 360848.025353, 'theta': 2.195848318538868, 'phi': -1.9736746437040111, 'norm_pos': [0.43250033532998683, 0.2547796732259502], 'topic': 'pupil.1', 'id': 1, 'method': '3d c++'}"
1581495765.309698,"{'circle_3d': {'center': [-1.966066139221158, 5.322248384771442, 57.80731679353652], 'normal': [-0.31099548846142533, 0.5655372714500364, -0.763838596011937], 'radius': 2.694049231803563}, 'confidence': 0.9964505508135892, 'timestamp': 360861.89374, 'diameter_3d': 5.388098463607126, 'ellipse': {'center': [139.2144577115979, 176.5520980882837], 'axes': [40.55434021732501, 57.82008688545762], 'angle': -61.936941662141756}, 'location': [139.2144577115979, 176.5520980882837], 'diameter': 57.82008688545762, 'sphere': {'center': [1.765879722315946, -1.4641988726289945, 66.97337994567977], 'radius': 12.0}, 'projected_sphere': {'center': [176.3474716181845, 106.4453115287556], 'axes': [222.17782665394446, 222.17782665394446], 'angle': 90.0}, 'model_confidence': 0.9708110059929109, 'model_id': 32, 'model_birth_timestamp': 360848.025353, 'theta': 2.1718808920355177, 'phi': -1.9574496923445597, 'norm_pos': [0.43504518034874345, 0.2643662579654845], 'topic': 'pupil.1', 'id': 1, 'method': '3d c++'}"
1581495765.317601,"{'circle_3d': {'center': [-1.9720264299351482, 5.252995277261149, 57.75886094848599], 'normal': [-0.3114921793542578, 0.5597661791575119, -0.7678765830994816], 'radius': 2.6530051169664337}, 'confidence': 0.9993702232008155, 'timestamp': 360861.90214, 'diameter_3d': 5.306010233932867, 'ellipse': {'center': [139.12651067835478, 175.8732668124839], 'axes': [40.26146726871122, 56.985729137969564], 'angle': -61.65087281688131}, 'location': [139.12651067835478, 175.8732668124839], 'diameter': 56.985729137969564, 'sphere': {'center': [1.765879722315946, -1.4641988726289945, 66.97337994567977], 'radius': 12.0}, 'projected_sphere': {'center': [176.3474716181845, 106.4453115287556], 'axes': [222.17782665394446, 222.17782665394446], 'angle': 90.0}, 'model_confidence': 0.97074234268274, 'model_id': 32, 'model_birth_timestamp': 360848.025353, 'theta': 2.164899929289705, 'phi': -1.9561672876598557, 'norm_pos': [0.4347703458698587, 0.2671947216146504], 'topic': 'pupil.1', 'id': 1, 'method': '3d c++'}"
1581495765.325397,"{'circle_3d': {'center': [-1.9544850639973415, 5.232958777164516, 57.737202962177754], 'normal': [-0.3100303988594406, 0.5580964708161259, -0.7696814152918344], 'radius': 2.6481555719005487}, 'confidence': 0.9998176289250124, 'timestamp': 360861.91054, 'diameter_3d': 5.2963111438010975, 'ellipse': {'center': [139.30561966329233, 175.68062011986908], 'axes': [40.33188147480455, 56.902681612007044], 'angle': -61.698999283309526}, 'location': [139.30561966329233, 175.68062011986908], 'diameter': 56.902681612007044, 'sphere': {'center': [1.765879722315946, -1.4641988726289945, 66.97337994567977], 'radius': 12.0}, 'projected_sphere': {'center': [176.3474716181845, 106.4453115287556], 'axes': [222.17782665394446, 222.17782665394446], 'angle': 90.0}, 'model_confidence': 0.9708251103474508, 'model_id': 32, 'model_birth_timestamp': 360848.025353, 'theta': 2.1628863247078205, 'phi': -1.9537172099641382, 'norm_pos': [0.4353300614477885, 0.2679974161672122], 'topic': 'pupil.1', 'id': 1, 'method': '3d c++'}"
1581495765.332841,"{'circle_3d': {'center': [-1.9397417307155502, 5.2322630952967275, 57.730773886837], 'normal': [-0.3088017877526247, 0.5580384973271435, -0.770217171570231], 'radius': 2.6928814558869085}, 'confidence': 0.9999845027454698, 'timestamp': 360861.91894, 'diameter_3d': 5.385762911773817, 'ellipse': {'center': [139.47081434887627, 175.66137014353185], 'axes': [41.057021260692984, 57.87102223943593], 'angle': -61.797609036997585}, 'location': [139.47081434887627, 175.66137014353185], 'diameter': 57.87102223943593, 'sphere': {'center': [1.765879722315946, -1.4641988726289945, 66.97337994567977], 'radius': 12.0}, 'projected_sphere': {'center': [176.3474716181845, 106.4453115287556], 'axes': [222.17782665394446, 222.17782665394446], 'angle': 90.0}, 'model_confidence': 0.9708558989314886, 'model_id': 32, 'model_birth_timestamp': 360848.025353, 'theta': 2.162816459922677, 'phi': -1.9521026240882324, 'norm_pos': [0.43584629484023835, 0.2680776244019506], 'topic': 'pupil.1', 'id': 1, 'method': '3d c++'}"
1581495765.3414521,"{'circle_3d': {'center': [-1.9955906284324552, 5.238923653463894, 57.75820283394573], 'normal': [-0.31345586256236674, 0.5585935438410741, -0.7679314259778361], 'radius': 2.7151288430362404}, 'confidence': 0.9999442546125593, 'timestamp': 360861.92734, 'diameter_3d': 5.430257686072481, 'ellipse': {'center': [138.88917501759872, 175.69952236546425], 'axes': [41.21240985239358, 58.32189488175877], 'angle': -61.43984838224253}, 'location': [138.88917501759872, 175.69952236546425], 'diameter': 58.32189488175877, 'sphere': {'center': [1.765879722315946, -1.4641988726289945, 66.97337994567977], 'radius': 12.0}, 'projected_sphere': {'center': [176.3474716181845, 106.4453115287556], 'axes': [222.17782665394446, 222.17782665394446], 'angle': 90.0}, 'model_confidence': 0.9709037517570129, 'model_id': 32, 'model_birth_timestamp': 360848.025353, 'theta': 2.1634854902535015, 'phi': -1.9583362779558422, 'norm_pos': [0.434028671929996, 0.2679186568105656], 'topic': 'pupil.1', 'id': 1, 'method': '3d c++'}"
1581495765.3493278,"{'circle_3d': {'center': [-1.9910098271452783, 5.233826029030983, 57.75262925336128], 'normal': [-0.3130741291217687, 0.5581687418049981, -0.7683958910265407], 'radius': 2.685352695739466}, 'confidence': 0.999657587885985, 'timestamp': 360861.93574, 'diameter_3d': 5.370705391478932, 'ellipse': {'center': [138.92943705892816, 175.66181172657272], 'axes': [40.797229886066766, 57.687254501540096], 'angle': -61.45264632334117}, 'location': [138.92943705892816, 175.66181172657272], 'diameter': 57.687254501540096, 'sphere': {'center': [1.765879722315946, -1.4641988726289945, 66.97337994567977], 'radius': 12.0}, 'projected_sphere': {'center': [176.3474716181845, 106.4453115287556], 'axes': [222.17782665394446, 222.17782665394446], 'angle': 90.0}, 'model_confidence': 0.9710083536096259, 'model_id': 32, 'model_birth_timestamp': 360848.025353, 'theta': 2.1629734242378924, 'phi': -1.9576987775358228, 'norm_pos': [0.4341544908091505, 0.2680757844726137], 'topic': 'pupil.1', 'id': 1, 'method': '3d c++'}"
1581495765.360917,"{'circle_3d': {'center': [-1.949605309944207, 5.2377860407649806, 57.73874031028033], 'normal': [-0.3096237526883461, 0.5584987427828313, -0.7695533029499534], 'radius': 2.667668442647281}, 'confidence': 0.9998705250840489, 'timestamp': 360861.94414, 'diameter_3d': 5.335336885294562, 'ellipse': {'center': [139.36247662463734, 175.72315153792226], 'axes': [40.618769657566425, 57.320837473233745], 'angle': -61.74972182764248}, 'location': [139.36247662463734, 175.72315153792226], 'diameter': 57.320837473233745, 'sphere': {'center': [1.765879722315946, -1.4641988726289945, 66.97337994567977], 'radius': 12.0}, 'projected_sphere': {'center': [176.3474716181845, 106.4453115287556], 'axes': [222.17782665394446, 222.17782665394446], 'angle': 90.0}, 'model_confidence': 0.9712234878483383, 'model_id': 32, 'model_birth_timestamp': 360848.025353, 'theta': 2.1633711996053093, 'phi': -1.9533201914893359, 'norm_pos': [0.43550773945199167, 0.26782020192532385], 'topic': 'pupil.1', 'id': 1, 'method': '3d c++'}"
1581495765.369602,"{'circle_3d': {'center': [-1.951050147172271, 5.260803585065276, 57.75607153761875], 'normal': [-0.30974415579068476, 0.5604168714745226, -0.7681090340050848], 'radius': 2.662030019435316}, 'confidence': 0.9995898873977507, 'timestamp': 360861.95254, 'diameter_3d': 5.324060038870632, 'ellipse': {'center': [139.35124084023607, 175.9554581968257], 'axes': [40.41579411826415, 57.182564460845924], 'angle': -61.82194281224034}, 'location': [139.35124084023607, 175.9554581968257], 'diameter': 57.182564460845924, 'sphere': {'center': [1.765879722315946, -1.4641988726289945, 66.97337994567977], 'radius': 12.0}, 'projected_sphere': {'center': [176.3474716181845, 106.4453115287556], 'axes': [222.17782665394446, 222.17782665394446], 'angle': 90.0}, 'model_confidence': 0.9711893848616038, 'model_id': 32, 'model_birth_timestamp': 360848.025353, 'theta': 2.1656853810226133, 'phi': -1.9541059739375617, 'norm_pos': [0.43547262762573774, 0.2668522575132263], 'topic': 'pupil.1', 'id': 1, 'method': '3d c++'}"
1581495765.3773172,"{'circle_3d': {'center': [-1.9719332783473267, 5.261555764492307, 57.76506964827374], 'normal': [-0.3114844167219394, 0.5604795530934418, -0.7673591914505026], 'radius': 2.7189220903544724}, 'confidence': 0.9995053664014406, 'timestamp': 360861.96094, 'diameter_3d': 5.437844180708945, 'ellipse': {'center': [139.14430043213432, 175.93314896469835], 'axes': [41.220795919233005, 58.39666069598909], 'angle': -61.68216089960166}, 'location': [139.14430043213432, 175.93314896469835], 'diameter': 58.39666069598909, 'sphere': {'center': [1.765879722315946, -1.4641988726289945, 66.97337994567977], 'radius': 12.0}, 'projected_sphere': {'center': [176.3474716181845, 106.4453115287556], 'axes': [222.17782665394446, 222.17782665394446], 'angle': 90.0}, 'model_confidence': 0.971158999815469, 'model_id': 32, 'model_birth_timestamp': 360848.025353, 'theta': 2.1657610661418794, 'phi': -1.9563934442594786, 'norm_pos': [0.43482593885041976, 0.26694521264709026], 'topic': 'pupil.1', 'id': 1, 'method': '3d c++'}"
1581495765.38542,"{'circle_3d': {'center': [-2.0959944847139473, 5.230670488371533, 57.793801968004885], 'normal': [-0.32182285058582444, 0.5579057800833773, -0.7649648314729065], 'radius': 2.686961751458047}, 'confidence': 0.9989668525916606, 'timestamp': 360861.96934, 'diameter_3d': 5.373923502916094, 'ellipse': {'center': [137.8246405767519, 175.59145686464603], 'axes': [40.54983232473016, 57.68072211715911], 'angle': -60.730528186212126}, 'location': [137.8246405767519, 175.59145686464603], 'diameter': 57.68072211715911, 'sphere': {'center': [1.765879722315946, -1.4641988726289945, 66.97337994567977], 'radius': 12.0}, 'projected_sphere': {'center': [176.3474716181845, 106.4453115287556], 'axes': [222.17782665394446, 222.17782665394446], 'angle': 90.0}, 'model_confidence': 0.9710808098436052, 'model_id': 32, 'model_birth_timestamp': 360848.025353, 'theta': 2.1626565325916856, 'phi': -1.9690215887637543, 'norm_pos': [0.4307020018023497, 0.2683689297306415], 'topic': 'pupil.1', 'id': 1, 'method': '3d c++'}"
1581495765.393945,"{'circle_3d': {'center': [-2.3067052205529146, 5.154552443554918, 57.82973828069576], 'normal': [-0.33938207857240504, 0.5515626096819927, -0.7619701387486676], 'radius': 2.7303662386526213}, 'confidence': 0.9997359078017435, 'timestamp': 360861.97774, 'diameter_3d': 5.460732477305243, 'ellipse': {'center': [135.60411394928286, 174.73293473614208], 'axes': [40.97450564419562, 58.57650253464393], 'angle': -59.04336601052506}, 'location': [135.60411394928286, 174.73293473614208], 'diameter': 58.57650253464393, 'sphere': {'center': [1.765879722315946, -1.4641988726289945, 66.97337994567977], 'radius': 12.0}, 'projected_sphere': {'center': [176.3474716181845, 106.4453115287556], 'axes': [222.17782665394446, 222.17782665394446], 'angle': 90.0}, 'model_confidence': 0.9712075120032693, 'model_id': 32, 'model_birth_timestamp': 360848.025353, 'theta': 2.1550327397763325, 'phi': -1.9898189453038384, 'norm_pos': [0.42376285609150893, 0.27194610526607466], 'topic': 'pupil.1', 'id': 1, 'method': '3d c++'}"
1581495765.4014988,"{'circle_3d': {'center': [-2.402128984254948, 5.1012007798208066, 57.83427545861096], 'normal': [-0.3473340588809078, 0.5471166377041501, -0.7615920405890675], 'radius': 2.6873772152815993}, 'confidence': 0.9999818756976183, 'timestamp': 360861.98614, 'diameter_3d': 5.374754430563199, 'ellipse': {'center': [134.57955595159356, 174.1776593051138], 'axes': [40.304388474931656, 57.64858225348503], 'angle': -58.21109571812383}, 'location': [134.57955595159356, 174.1776593051138], 'diameter': 57.64858225348503, 'sphere': {'center': [1.765879722315946, -1.4641988726289945, 66.97337994567977], 'radius': 12.0}, 'projected_sphere': {'center': [176.3474716181845, 106.4453115287556], 'axes': [222.17782665394446, 222.17782665394446], 'angle': 90.0}, 'model_confidence': 0.9712580878406651, 'model_id': 32, 'model_birth_timestamp': 360848.025353, 'theta': 2.14971202601057, 'phi': -1.9986809099282457, 'norm_pos': [0.4205611123487299, 0.2742597528953592], 'topic': 'pupil.1', 'id': 1, 'method': '3d c++'}"
1581495765.409318,"{'circle_3d': {'center': [-2.4993176737763463, 5.056014850139627, 57.846775747962674], 'normal': [-0.3554331163410243, 0.5433511435640518, -0.7605503498097579], 'radius': 2.7185149520734124}, 'confidence': 0.9999596932236984, 'timestamp': 360861.99454, 'diameter_3d': 5.437029904146825, 'ellipse': {'center': [133.55792406204486, 173.67433246062666], 'axes': [40.69347688684388, 58.30434716367721], 'angle': -57.40144169933574}, 'location': [133.55792406204486, 173.67433246062666], 'diameter': 58.30434716367721, 'sphere': {'center': [1.765879722315946, -1.4641988726289945, 66.97337994567977], 'radius': 12.0}, 'projected_sphere': {'center': [176.3474716181845, 106.4453115287556], 'axes': [222.17782665394446, 222.17782665394446], 'angle': 90.0}, 'model_confidence': 0.971398486560282, 'model_id': 32, 'model_birth_timestamp': 360848.025353, 'theta': 2.1452201098046944, 'phi': -2.0079735828781926, 'norm_pos': [0.4173685126938902, 0.2763569480807223], 'topic': 'pupil.1', 'id': 1, 'method': '3d c++'}"
1581495765.4175181,"{'circle_3d': {'center': [-2.5065979566332217, 5.051740775121716, 57.847128525203146], 'normal': [-0.3560398065790973, 0.5429949706458925, -0.7605209517063849], 'radius': 2.666964527344919}, 'confidence': 0.9997373783206537, 'timestamp': 360862.00294, 'diameter_3d': 5.333929054689838, 'ellipse': {'center': [133.46758446579832, 173.64793794268067], 'axes': [39.91854925112288, 57.197368160368924], 'angle': -57.337276408795844}, 'location': [133.46758446579832, 173.64793794268067], 'diameter': 57.197368160368924, 'sphere': {'center': [1.765879722315946, -1.4641988726289945, 66.97337994567977], 'radius': 12.0}, 'projected_sphere': {'center': [176.3474716181845, 106.4453115287556], 'axes': [222.17782665394446, 222.17782665394446], 'angle': 90.0}, 'model_confidence': 0.9715136495311971, 'model_id': 32, 'model_birth_timestamp': 360848.025353, 'theta': 2.1447959029022767, 'phi': -2.008642933732659, 'norm_pos': [0.41708620145561975, 0.27646692523883054], 'topic': 'pupil.1', 'id': 1, 'method': '3d c++'}"
1581495765.425463,"{'circle_3d': {'center': [-2.5040634262334915, 5.096994223170379, 57.878418116854405], 'normal': [-0.3558285957124531, 0.5467660913166145, -0.7579134857354467], 'radius': 2.704442812006151}, 'confidence': 0.9999735093544532, 'timestamp': 360862.01134, 'diameter_3d': 5.408885624012302, 'ellipse': {'center': [133.5166576655755, 174.08885734264976], 'axes': [40.26723526013027, 57.97082318905069], 'angle': -57.53536879615753}, 'location': [133.5166576655755, 174.08885734264976], 'diameter': 57.97082318905069, 'sphere': {'center': [1.765879722315946, -1.4641988726289945, 66.97337994567977], 'radius': 12.0}, 'projected_sphere': {'center': [176.3474716181845, 106.4453115287556], 'axes': [222.17782665394446, 222.17782665394446], 'angle': 90.0}, 'model_confidence': 0.9716429141217509, 'model_id': 32, 'model_birth_timestamp': 360848.025353, 'theta': 2.149293298620048, 'phi': -2.00973485951614, 'norm_pos': [0.41723955520492345, 0.27462976107229264], 'topic': 'pupil.1', 'id': 1, 'method': '3d c++'}"
1581495765.433984,"{'circle_3d': {'center': [-2.5075862087552245, 5.098128063179422, 57.88089106069688], 'normal': [-0.3561221609225975, 0.5468605779840346, -0.7577074070819072], 'radius': 2.7003710512738808}, 'confidence': 0.9997494974985188, 'timestamp': 360862.01974, 'diameter_3d': 5.4007421025477615, 'ellipse': {'center': [133.47916392389493, 174.10035293433424], 'axes': [40.18994057852064, 57.881000238912115], 'angle': -57.51728908822362}, 'location': [133.47916392389493, 174.10035293433424], 'diameter': 57.881000238912115, 'sphere': {'center': [1.765879722315946, -1.4641988726289945, 66.97337994567977], 'radius': 12.0}, 'projected_sphere': {'center': [176.3474716181845, 106.4453115287556], 'axes': [222.17782665394446, 222.17782665394446], 'angle': 90.0}, 'model_confidence': 0.9717575584009541, 'model_id': 32, 'model_birth_timestamp': 360848.025353, 'theta': 2.1494061515962835, 'phi': -2.010156867726493, 'norm_pos': [0.41712238726217166, 0.2745818627736073], 'topic': 'pupil.1', 'id': 1, 'method': '3d c++'}"
1581495765.4455419,"{'circle_3d': {'center': [-2.4858104319675567, 5.102649468439557, 57.87394954057341], 'normal': [-0.35430751285695855, 0.5472373617557126, -0.758285867092196], 'radius': 2.6952461994762755}, 'confidence': 0.9998294711761, 'timestamp': 360862.02814, 'diameter_3d': 5.390492398952551, 'ellipse': {'center': [133.70670516633385, 174.15628812286755], 'axes': [40.159083389613805, 57.77798724821932], 'angle': -57.67521589828349}, 'location': [133.70670516633385, 174.15628812286755], 'diameter': 57.77798724821932, 'sphere': {'center': [1.765879722315946, -1.4641988726289945, 66.97337994567977], 'radius': 12.0}, 'projected_sphere': {'center': [176.3474716181845, 106.4453115287556], 'axes': [222.17782665394446, 222.17782665394446], 'angle': 90.0}, 'model_confidence': 0.9719736057035022, 'model_id': 32, 'model_birth_timestamp': 360848.025353, 'theta': 2.1498562573257898, 'phi': -2.007900707082343, 'norm_pos': [0.4178334536447933, 0.2743487994880519], 'topic': 'pupil.1', 'id': 1, 'method': '3d c++'}"
1581495765.454417,"{'circle_3d': {'center': [-2.5196308978689466, 5.123552423009084, 57.90497702172996], 'normal': [-0.3571258850154077, 0.5489792746365065, -0.7557002436624836], 'radius': 2.7079835703513604}, 'confidence': 0.9999238530289368, 'timestamp': 360862.03654, 'diameter_3d': 5.415967140702721, 'ellipse': {'center': [133.36277888000055, 174.3473216186432], 'axes': [40.140302067310074, 58.02035775307201], 'angle': -57.54151074062743}, 'location': [133.36277888000055, 174.3473216186432], 'diameter': 58.02035775307201, 'sphere': {'center': [1.765879722315946, -1.4641988726289945, 66.97337994567977], 'radius': 12.0}, 'projected_sphere': {'center': [176.3474716181845, 106.4453115287556], 'axes': [222.17782665394446, 222.17782665394446], 'angle': 90.0}, 'model_confidence': 0.9722476547160297, 'model_id': 32, 'model_birth_timestamp': 360848.025353, 'theta': 2.1519388712348424, 'phi': -2.012265133363919, 'norm_pos': [0.4167586840000017, 0.2735528265889866], 'topic': 'pupil.1', 'id': 1, 'method': '3d c++'}"
1581495765.4627662,"{'circle_3d': {'center': [-2.506853528960745, 5.122012956293437, 57.89783234192622], 'normal': [-0.3560611042730576, 0.548850985743536, -0.756295633646129], 'radius': 2.692354625618871}, 'confidence': 0.9998158553698194, 'timestamp': 360862.04494, 'diameter_3d': 5.384709251237742, 'ellipse': {'center': [133.49181197211087, 174.34295096499673], 'axes': [39.95565258736442, 57.69228124274167], 'angle': -57.61714447447015}, 'location': [133.49181197211087, 174.34295096499673], 'diameter': 57.69228124274167, 'sphere': {'center': [1.765879722315946, -1.4641988726289945, 66.97337994567977], 'radius': 12.0}, 'projected_sphere': {'center': [176.3474716181845, 106.4453115287556], 'axes': [222.17782665394446, 222.17782665394446], 'angle': 90.0}, 'model_confidence': 0.9725308798529397, 'model_id': 32, 'model_birth_timestamp': 360848.025353, 'theta': 2.151785393239748, 'phi': -2.010809149396731, 'norm_pos': [0.41716191241284645, 0.273571037645847], 'topic': 'pupil.1', 'id': 1, 'method': '3d c++'}"
1581495765.4705331,"{'circle_3d': {'center': [-2.5184104315669487, 5.138540681952737, 57.91530684751458], 'normal': [-0.3570241794902412, 0.5502282962151442, -0.7548394248470992], 'radius': 2.6623106087663215}, 'confidence': 0.9989395366368837, 'timestamp': 360862.05334, 'diameter_3d': 5.324621217532643, 'ellipse': {'center': [133.3685629258494, 174.51496316786475], 'axes': [39.39289227862717, 57.030807241563615], 'angle': -57.608780196769466}, 'location': [133.3685629258494, 174.51496316786475], 'diameter': 57.030807241563615, 'sphere': {'center': [1.765879722315946, -1.4641988726289945, 66.97337994567977], 'radius': 12.0}, 'projected_sphere': {'center': [176.3474716181845, 106.4453115287556], 'axes': [222.17782665394446, 222.17782665394446], 'angle': 90.0}, 'model_confidence': 0.9724896494375357, 'model_id': 32, 'model_birth_timestamp': 360848.025353, 'theta': 2.153433944013751, 'phi': -2.012595481908365, 'norm_pos': [0.4167767591432794, 0.2728543201338969], 'topic': 'pupil.1', 'id': 1, 'method': '3d c++'}"
1581495765.4782348,"{'circle_3d': {'center': [-2.5193344798974966, 5.142195658974864, 57.91840945793422], 'normal': [-0.35710118351778686, 0.5505328776336549, -0.7545808739787956], 'radius': 2.663597943280593}, 'confidence': 0.9986345395068719, 'timestamp': 360862.06174, 'diameter_3d': 5.327195886561186, 'ellipse': {'center': [133.36032399867645, 174.55067917336004], 'axes': [39.39128890985623, 57.05537633615839], 'angle': -57.617359149237515}, 'location': [133.36032399867645, 174.55067917336004], 'diameter': 57.05537633615839, 'sphere': {'center': [1.765879722315946, -1.4641988726289945, 66.97337994567977], 'radius': 12.0}, 'projected_sphere': {'center': [176.3474716181845, 106.4453115287556], 'axes': [222.17782665394446, 222.17782665394446], 'angle': 90.0}, 'model_confidence': 0.9721268992788579, 'model_id': 32, 'model_birth_timestamp': 360848.025353, 'theta': 2.1537987498036384, 'phi': -2.0128112883250933, 'norm_pos': [0.4167510124958639, 0.2727055034443332], 'topic': 'pupil.1', 'id': 1, 'method': '3d c++'}"
1581495765.48846,"{'circle_3d': {'center': [-2.551140150181724, 5.15921621507414, 57.94599317007041], 'normal': [-0.35975165604147247, 0.5519512573085945, -0.7522822313007795], 'radius': 2.703569984570496}, 'confidence': 0.9995911487527968, 'timestamp': 360862.07014, 'diameter_3d': 5.407139969140992, 'ellipse': {'center': [133.04356453736045, 174.69291869937103], 'axes': [39.79868089448341, 57.884968981701924], 'angle': -57.48227400696515}, 'location': [133.04356453736045, 174.69291869937103], 'diameter': 57.884968981701924, 'sphere': {'center': [1.765879722315946, -1.4641988726289945, 66.97337994567977], 'radius': 12.0}, 'projected_sphere': {'center': [176.3474716181845, 106.4453115287556], 'axes': [222.17782665394446, 222.17782665394446], 'angle': 90.0}, 'model_confidence': 0.9720786216200539, 'model_id': 32, 'model_birth_timestamp': 360848.025353, 'theta': 2.155498741358738, 'phi': -2.0168634719476595, 'norm_pos': [0.4157611391792514, 0.2721128387526207], 'topic': 'pupil.1', 'id': 1, 'method': '3d c++'}"
1581495765.49359,"{'circle_3d': {'center': [-2.5367789232703073, 5.159928807561029, 57.93966193723484], 'normal': [-0.35855488713218775, 0.5520106400158352, -0.7528098340370775], 'radius': 2.680354557725855}, 'confidence': 0.9995466152897493, 'timestamp': 360862.07854, 'diameter_3d': 5.36070911545171, 'ellipse': {'center': [133.18775670366975, 174.71464752662095], 'axes': [39.497841486104484, 57.39371057472591], 'angle': -57.57634171583728}, 'location': [133.18775670366975, 174.71464752662095], 'diameter': 57.39371057472591, 'sphere': {'center': [1.765879722315946, -1.4641988726289945, 66.97337994567977], 'radius': 12.0}, 'projected_sphere': {'center': [176.3474716181845, 106.4453115287556], 'axes': [222.17782665394446, 222.17782665394446], 'angle': 90.0}, 'model_confidence': 0.9719859440465162, 'model_id': 32, 'model_birth_timestamp': 360848.025353, 'theta': 2.15556995588004, 'phi': -2.0152956771978476, 'norm_pos': [0.41621173969896796, 0.27202230197241273], 'topic': 'pupil.1', 'id': 1, 'method': '3d c++'}"
1581495765.501508,"{'circle_3d': {'center': [-2.541684422685508, 5.204409580453935, 57.97479381028223], 'normal': [-0.35896367875012114, 0.5557173710902441, -0.7498821779497947], 'radius': 2.723472221124208}, 'confidence': 0.999937190897151, 'timestamp': 360862.08694, 'diameter_3d': 5.446944442248416, 'ellipse': {'center': [133.1608347081927, 175.1406185425343], 'axes': [39.895108781951464, 58.28281709493154], 'angle': -57.72014035325107}, 'location': [133.1608347081927, 175.1406185425343], 'diameter': 58.28281709493154, 'sphere': {'center': [1.765879722315946, -1.4641988726289945, 66.97337994567977], 'radius': 12.0}, 'projected_sphere': {'center': [176.3474716181845, 106.4453115287556], 'axes': [222.17782665394446, 222.17782665394446], 'angle': 90.0}, 'model_confidence': 0.9721741739047163, 'model_id': 32, 'model_birth_timestamp': 360848.025353, 'theta': 2.160021921260178, 'phi': -2.017253861585563, 'norm_pos': [0.4161276084631022, 0.27024742273944047], 'topic': 'pupil.1', 'id': 1, 'method': '3d c++'}"
1581495765.512047,"{'circle_3d': {'center': [-2.5726890544980936, 5.200561684641197, 57.98684626004158], 'normal': [-0.3615473980678366, 0.5553967131058493, -0.7488778071365155], 'radius': 2.6990571949147446}, 'confidence': 0.9994104048201049, 'timestamp': 360862.09534, 'diameter_3d': 5.398114389829489, 'ellipse': {'center': [132.83044233170543, 175.09855772008467], 'axes': [39.45757625054904, 57.747834470749304], 'angle': -57.50893906022942}, 'location': [132.83044233170543, 175.09855772008467], 'diameter': 57.747834470749304, 'sphere': {'center': [1.765879722315946, -1.4641988726289945, 66.97337994567977], 'radius': 12.0}, 'projected_sphere': {'center': [176.3474716181845, 106.4453115287556], 'axes': [222.17782665394446, 222.17782665394446], 'angle': 90.0}, 'model_confidence': 0.9725792876310924, 'model_id': 32, 'model_birth_timestamp': 360848.025353, 'theta': 2.15963627326379, 'phi': -2.0205777943564587, 'norm_pos': [0.41509513228657946, 0.2704226761663139], 'topic': 'pupil.1', 'id': 1, 'method': '3d c++'}"
1581495765.5173209,"{'circle_3d': {'center': [-2.5632584465774926, 5.2177609555822055, 57.995074116137], 'normal': [-0.3607615140744532, 0.5568299856842667, -0.7481921524618976], 'radius': 2.6940372664956205}, 'confidence': 0.9995413027586207, 'timestamp': 360862.10374, 'diameter_3d': 5.388074532991241, 'ellipse': {'center': [132.93273101581815, 175.27592871678425], 'axes': [39.32797888477757, 57.632252166712846], 'angle': -57.63588991797539}, 'location': [132.93273101581815, 175.27592871678425], 'diameter': 57.632252166712846, 'sphere': {'center': [1.765879722315946, -1.4641988726289945, 66.97337994567977], 'radius': 12.0}, 'projected_sphere': {'center': [176.3474716181845, 106.4453115287556], 'axes': [222.17782665394446, 222.17782665394446], 'angle': 90.0}, 'model_confidence': 0.9727221714422196, 'model_id': 32, 'model_birth_timestamp': 360848.025353, 'theta': 2.1613608092516468, 'phi': -2.020084647982292, 'norm_pos': [0.4154147844244317, 0.26968363034673226], 'topic': 'pupil.1', 'id': 1, 'method': '3d c++'}"
1581495765.530632,"{'circle_3d': {'center': [-2.570880137133443, 5.228617876805815, 58.006846731557744], 'normal': [-0.36139665495411577, 0.5577347291195675, -0.7472111011768351], 'radius': 2.695500993157181}, 'confidence': 0.9998920929030416, 'timestamp': 360862.11214, 'diameter_3d': 5.391001986314362, 'ellipse': {'center': [132.85706073185492, 175.3804083314784], 'axes': [39.27063392050202, 57.651970093190194], 'angle': -57.63024468903091}, 'location': [132.85706073185492, 175.3804083314784], 'diameter': 57.651970093190194, 'sphere': {'center': [1.765879722315946, -1.4641988726289945, 66.97337994567977], 'radius': 12.0}, 'projected_sphere': {'center': [176.3474716181845, 106.4453115287556], 'axes': [222.17782665394446, 222.17782665394446], 'angle': 90.0}, 'model_confidence': 0.9728017368337838, 'model_id': 32, 'model_birth_timestamp': 360848.025353, 'theta': 2.16245043760305, 'phi': -2.0212872732972005, 'norm_pos': [0.4151783147870466, 0.2692482986188399], 'topic': 'pupil.1', 'id': 1, 'method': '3d c++'}"
1581495765.537924,"{'circle_3d': {'center': [-2.557638839604076, 5.259678371299567, 58.02370609389541], 'normal': [-0.36029321349333515, 0.5603231036607135, -0.7458061543153631], 'radius': 2.687897266978796}, 'confidence': 0.9995979245895324, 'timestamp': 360862.12054, 'diameter_3d': 5.375794533957592, 'ellipse': {'center': [133.00269317732938, 175.6982242472873], 'axes': [39.04558738740076, 57.472668067904564], 'angle': -57.834411334625635}, 'location': [133.00269317732938, 175.6982242472873], 'diameter': 57.472668067904564, 'sphere': {'center': [1.765879722315946, -1.4641988726289945, 66.97337994567977], 'radius': 12.0}, 'projected_sphere': {'center': [176.3474716181845, 106.4453115287556], 'axes': [222.17782665394446, 222.17782665394446], 'angle': 90.0}, 'model_confidence': 0.9727206375857222, 'model_id': 32, 'model_birth_timestamp': 360848.025353, 'theta': 2.1655721680143647, 'phi': -2.020826519495059, 'norm_pos': [0.4156334161791543, 0.2679240656363029], 'topic': 'pupil.1', 'id': 1, 'method': '3d c++'}"
1581495765.545641,"{'circle_3d': {'center': [-2.574448558570218, 5.2658346381612695, 58.03647895273038], 'normal': [-0.36169402340718027, 0.5608361258991886, -0.7447417494124494], 'radius': 2.6591194569444347}, 'confidence': 0.998970949342768, 'timestamp': 360862.12894, 'diameter_3d': 5.3182389138888695, 'ellipse': {'center': [132.82252134451625, 175.76307609908943], 'axes': [38.54320909680057, 56.844303906391275], 'angle': -57.75248020068557}, 'location': [132.82252134451625, 175.76307609908943], 'diameter': 56.844303906391275, 'sphere': {'center': [1.765879722315946, -1.4641988726289945, 66.97337994567977], 'radius': 12.0}, 'projected_sphere': {'center': [176.3474716181845, 106.4453115287556], 'axes': [222.17782665394446, 222.17782665394446], 'angle': 90.0}, 'model_confidence': 0.9727293236751478, 'model_id': 32, 'model_birth_timestamp': 360848.025353, 'theta': 2.1661916848924365, 'phi': -2.022909247575137, 'norm_pos': [0.41507037920161327, 0.26765384958712735], 'topic': 'pupil.1', 'id': 1, 'method': '3d c++'}"
1581495765.553527,"{'circle_3d': {'center': [-2.573670895392013, 5.307325117789517, 58.067496312735926], 'normal': [-0.36162921814232984, 0.5642936658682093, -0.742156969411987], 'radius': 2.7276633254572378}, 'confidence': 0.9999665392162599, 'timestamp': 360862.13734, 'diameter_3d': 5.4553266509144756, 'ellipse': {'center': [132.86059338166703, 176.15024698199883], 'axes': [39.327847062346216, 58.280128695285065], 'angle': -57.917323951741885}, 'location': [132.86059338166703, 176.15024698199883], 'diameter': 58.280128695285065, 'sphere': {'center': [1.765879722315946, -1.4641988726289945, 66.97337994567977], 'radius': 12.0}, 'projected_sphere': {'center': [176.3474716181845, 106.4453115287556], 'axes': [222.17782665394446, 222.17782665394446], 'angle': 90.0}, 'model_confidence': 0.9727553149431967, 'model_id': 32, 'model_birth_timestamp': 360848.025353, 'theta': 2.1703737627863537, 'phi': -2.0242064196402354, 'norm_pos': [0.4151893543177095, 0.26604063757500485], 'topic': 'pupil.1', 'id': 1, 'method': '3d c++'}"
1581495765.562349,"{'circle_3d': {'center': [-2.581815717032228, 5.300004320734477, 58.06590558278865], 'normal': [-0.3623079532790145, 0.5636835994469559, -0.7422895302409264], 'radius': 2.721174107780911}, 'confidence': 0.9997993259910681, 'timestamp': 360862.14574, 'diameter_3d': 5.442348215561822, 'ellipse': {'center': [132.77195112025, 176.0764793144409], 'axes': [39.24545291379691, 58.14289378560135], 'angle': -57.83819112645032}, 'location': [132.77195112025, 176.0764793144409], 'diameter': 58.14289378560135, 'sphere': {'center': [1.765879722315946, -1.4641988726289945, 66.97337994567977], 'radius': 12.0}, 'projected_sphere': {'center': [176.3474716181845, 106.4453115287556], 'axes': [222.17782665394446, 222.17782665394446], 'angle': 90.0}, 'model_confidence': 0.9727624570245674, 'model_id': 32, 'model_birth_timestamp': 360848.025353, 'theta': 2.1696349890577364, 'phi': -2.024874815377716, 'norm_pos': [0.4149123472507813, 0.2663480028564963], 'topic': 'pupil.1', 'id': 1, 'method': '3d c++'}"
1581495765.569275,"{'circle_3d': {'center': [-2.5837503280963077, 5.327381104308628, 58.0877083423956], 'normal': [-0.36246917086768776, 0.5659649980781353, -0.7404726336070141], 'radius': 2.7285438385016363}, 'confidence': 0.9997568984252807, 'timestamp': 360862.15414, 'diameter_3d': 5.457087677003273, 'ellipse': {'center': [132.76232507682766, 176.34473356332248], 'axes': [39.20410606962938, 58.278820827554426], 'angle': -57.931065808667746}, 'location': [132.76232507682766, 176.34473356332248], 'diameter': 58.278820827554426, 'sphere': {'center': [1.765879722315946, -1.4641988726289945, 66.97337994567977], 'radius': 12.0}, 'projected_sphere': {'center': [176.3474716181845, 106.4453115287556], 'axes': [222.17782665394446, 222.17782665394446], 'angle': 90.0}, 'model_confidence': 0.9727581812855823, 'model_id': 32, 'model_birth_timestamp': 360848.025353, 'theta': 2.172399615132568, 'phi': -2.0260172229225977, 'norm_pos': [0.4148822658650865, 0.26523027681948963], 'topic': 'pupil.1', 'id': 1, 'method': '3d c++'}"
1581495765.577868,"{'circle_3d': {'center': [-2.563787589496833, 5.360704461729814, 58.10350534421679], 'normal': [-0.36080560931773153, 0.5687419445299007, -0.7391562167885811], 'radius': 2.7183656893205077}, 'confidence': 0.9999627759462036, 'timestamp': 360862.16254, 'diameter_3d': 5.436731378641015, 'ellipse': {'center': [132.9779036751351, 176.68779123238147], 'axes': [38.94944101044753, 58.04562578215697], 'angle': -58.182565422741504}, 'location': [132.9779036751351, 176.68779123238147], 'diameter': 58.04562578215697, 'sphere': {'center': [1.765879722315946, -1.4641988726289945, 66.97337994567977], 'radius': 12.0}, 'projected_sphere': {'center': [176.3474716181845, 106.4453115287556], 'axes': [222.17782665394446, 222.17782665394446], 'angle': 90.0}, 'model_confidence': 0.9728888031277472, 'model_id': 32, 'model_birth_timestamp': 360848.025353, 'theta': 2.1757718507981862, 'phi': -2.0249043273974014, 'norm_pos': [0.4155559489847972, 0.2638008698650772], 'topic': 'pupil.1', 'id': 1, 'method': '3d c++'}"
1581495765.585642,"{'circle_3d': {'center': [-2.5731748868321525, 5.350107303186636, 58.099945636401785], 'normal': [-0.3615878840956748, 0.5678588479846359, -0.7394528591064985], 'radius': 2.6866849185534694}, 'confidence': 0.9996849064953782, 'timestamp': 360862.17094, 'diameter_3d': 5.373369837106939, 'ellipse': {'center': [132.86915710967872, 176.5905596559991], 'axes': [38.51904670328088, 57.371936566871796], 'angle': -58.08370117426539}, 'location': [132.86915710967872, 176.5905596559991], 'diameter': 57.371936566871796, 'sphere': {'center': [1.765879722315946, -1.4641988726289945, 66.97337994567977], 'radius': 12.0}, 'projected_sphere': {'center': [176.3474716181845, 106.4453115287556], 'axes': [222.17782665394446, 222.17782665394446], 'angle': 90.0}, 'model_confidence': 0.9729104525324828, 'model_id': 32, 'model_birth_timestamp': 360848.025353, 'theta': 2.174698596131969, 'phi': -2.025600293770142, 'norm_pos': [0.415216115967746, 0.26420600143333706], 'topic': 'pupil.1', 'id': 1, 'method': '3d c++'}"
1581495765.594348,"{'circle_3d': {'center': [-2.576314825519497, 5.389842567018438, 58.1321434681081], 'normal': [-0.3618495456529536, 0.5711701199706194, -0.7367697064643057], 'radius': 2.6705256177131678}, 'confidence': 0.999501677306497, 'timestamp': 360862.17934, 'diameter_3d': 5.3410512354263355, 'ellipse': {'center': [132.84531528389155, 176.98895526167252], 'axes': [38.07373201110641, 56.99520641292947], 'angle': -58.21438738639343}, 'location': [132.84531528389155, 176.98895526167252], 'diameter': 56.99520641292947, 'sphere': {'center': [1.765879722315946, -1.4641988726289945, 66.97337994567977], 'radius': 12.0}, 'projected_sphere': {'center': [176.3474716181845, 106.4453115287556], 'axes': [222.17782665394446, 222.17782665394446], 'angle': 90.0}, 'model_confidence': 0.9729708070698395, 'model_id': 32, 'model_birth_timestamp': 360848.025353, 'theta': 2.178727005855799, 'phi': -2.0273226146470886, 'norm_pos': [0.4151416102621611, 0.26254601974303116], 'topic': 'pupil.1', 'id': 1, 'method': '3d c++'}"
1581495765.602147,"{'circle_3d': {'center': [-2.584694464479952, 5.4318886360137375, 58.169035488633185], 'normal': [-0.36254784889965813, 0.574673959053561, -0.7336953714205486], 'radius': 2.675767102279436}, 'confidence': 0.9996091958369695, 'timestamp': 360862.18774, 'diameter_3d': 5.351534204558872, 'ellipse': {'center': [132.7731662874655, 177.39920969007935], 'axes': [37.904682105443186, 57.07123839177864], 'angle': -58.31997555875223}, 'location': [132.7731662874655, 177.39920969007935], 'diameter': 57.07123839177864, 'sphere': {'center': [1.765879722315946, -1.4641988726289945, 66.97337994567977], 'radius': 12.0}, 'projected_sphere': {'center': [176.3474716181845, 106.4453115287556], 'axes': [222.17782665394446, 222.17782665394446], 'angle': 90.0}, 'model_confidence': 0.9728893346564127, 'model_id': 32, 'model_birth_timestamp': 360848.025353, 'theta': 2.183002022295543, 'phi': -2.0297445374913545, 'norm_pos': [0.4149161446483297, 0.2608366262913361], 'topic': 'pupil.1', 'id': 1, 'method': '3d c++'}"
1581495765.613218,"{'circle_3d': {'center': [-2.5780419740318035, 5.439983748866208, 58.17209557207594], 'normal': [-0.36199347469564574, 0.5753485517912669, -0.7334403644669858], 'radius': 2.666076697149609}, 'confidence': 0.9997547450453051, 'timestamp': 360862.19614, 'diameter_3d': 5.332153394299218, 'ellipse': {'center': [132.8425495775449, 177.4857634416977], 'axes': [37.74648560010921, 56.86140565581524], 'angle': -58.39141804309163}, 'location': [132.8425495775449, 177.4857634416977], 'diameter': 56.86140565581524, 'sphere': {'center': [1.765879722315946, -1.4641988726289945, 66.97337994567977], 'radius': 12.0}, 'projected_sphere': {'center': [176.3474716181845, 106.4453115287556], 'axes': [222.17782665394446, 222.17782665394446], 'angle': 90.0}, 'model_confidence': 0.9731239543441017, 'model_id': 32, 'model_birth_timestamp': 360848.025353, 'theta': 2.1838265611907173, 'phi': -2.0292750013413614, 'norm_pos': [0.4151329674298278, 0.26047598565959285], 'topic': 'pupil.1', 'id': 1, 'method': '3d c++'}"
1581495765.62185,"{'circle_3d': {'center': [-2.538539406295868, 5.4369339855745356, 58.15032258223345], 'normal': [-0.35870159405098445, 0.5750944048502942, -0.7352547802871932], 'radius': 2.6816129406863776}, 'confidence': 0.9996973754521348, 'timestamp': 360862.20454, 'diameter_3d': 5.363225881372755, 'ellipse': {'center': [133.25564640511598, 177.46733655739644], 'axes': [38.10858874116563, 57.214443542727075], 'angle': -58.62584244352623}, 'location': [133.25564640511598, 177.46733655739644], 'diameter': 57.214443542727075, 'sphere': {'center': [1.765879722315946, -1.4641988726289945, 66.97337994567977], 'radius': 12.0}, 'projected_sphere': {'center': [176.3474716181845, 106.4453115287556], 'axes': [222.17782665394446, 222.17782665394446], 'angle': 90.0}, 'model_confidence': 0.9731601246621979, 'model_id': 32, 'model_birth_timestamp': 360848.025353, 'theta': 2.183515867235325, 'phi': -2.0246850703771364, 'norm_pos': [0.4164238950159874, 0.2605527643441815], 'topic': 'pupil.1', 'id': 1, 'method': '3d c++'}"
1581495765.630133,"{'circle_3d': {'center': [-2.5432127803191307, 5.4193354443120185, 58.138863710410874], 'normal': [-0.3590910418862564, 0.5736278597450845, -0.7362096862724075], 'radius': 2.6659932748193387}, 'confidence': 0.999692938782111, 'timestamp': 360862.21294, 'diameter_3d': 5.331986549638677, 'ellipse': {'center': [133.19770762889868, 177.29707509842132], 'axes': [37.96222281758197, 56.8919645586347], 'angle': -58.531240997601216}, 'location': [133.19770762889868, 177.29707509842132], 'diameter': 56.8919645586347, 'sphere': {'center': [1.765879722315946, -1.4641988726289945, 66.97337994567977], 'radius': 12.0}, 'projected_sphere': {'center': [176.3474716181845, 106.4453115287556], 'axes': [222.17782665394446, 222.17782665394446], 'angle': 90.0}, 'model_confidence': 0.9730926727974043, 'model_id': 32, 'model_birth_timestamp': 360848.025353, 'theta': 2.1817243427454382, 'phi': -2.0246012288203867, 'norm_pos': [0.4162428363403084, 0.2612621870899112], 'topic': 'pupil.1', 'id': 1, 'method': '3d c++'}"
1581495765.6379461,"{'circle_3d': {'center': [-2.5345132227543585, 5.458141722863285, 58.16498501822623], 'normal': [-0.3583660787558587, 0.5768617162910233, -0.7340329106211279], 'radius': 2.6200667627307017}, 'confidence': 0.9993709022007446, 'timestamp': 360862.22134, 'diameter_3d': 5.240133525461403, 'ellipse': {'center': [133.28971101885193, 177.70145569546784], 'axes': [37.136888365916924, 55.88609907999733], 'angle': -58.72935813913691}, 'location': [133.28971101885193, 177.70145569546784], 'diameter': 55.88609907999733, 'sphere': {'center': [1.765879722315946, -1.4641988726289945, 66.97337994567977], 'radius': 12.0}, 'projected_sphere': {'center': [176.3474716181845, 106.4453115287556], 'axes': [222.17782665394446, 222.17782665394446], 'angle': 90.0}, 'model_confidence': 0.9729625872853531, 'model_id': 32, 'model_birth_timestamp': 360848.025353, 'theta': 2.1856778093003904, 'phi': -2.024971786470466, 'norm_pos': [0.4165303469339123, 0.2595772679355507], 'topic': 'pupil.1', 'id': 1, 'method': '3d c++'}"
1581495765.645461,"{'circle_3d': {'center': [-2.4845822481427273, 5.454925717416072, 58.13826319800075], 'normal': [-0.35420516420488946, 0.5765937158370888, -0.7362597289732514], 'radius': 2.657537664666792}, 'confidence': 0.9997960232093245, 'timestamp': 360862.22974, 'diameter_3d': 5.315075329333584, 'ellipse': {'center': [133.81662384447782, 177.67783171081066], 'axes': [37.84133078629186, 56.71211674587655], 'angle': -59.029804859559384}, 'location': [133.81662384447782, 177.67783171081066], 'diameter': 56.71211674587655, 'sphere': {'center': [1.765879722315946, -1.4641988726289945, 66.97337994567977], 'radius': 12.0}, 'projected_sphere': {'center': [176.3474716181845, 106.4453115287556], 'axes': [222.17782665394446, 222.17782665394446], 'angle': 90.0}, 'model_confidence': 0.9729484908300057, 'model_id': 32, 'model_birth_timestamp': 360848.025353, 'theta': 2.185349753842327, 'phi': -2.0191995782823047, 'norm_pos': [0.4181769495139932, 0.25967570120495553], 'topic': 'pupil.1', 'id': 1, 'method': '3d c++'}"
1581495765.654448,"{'circle_3d': {'center': [-2.4807995970106616, 5.464958190494164, 58.14430880804733], 'normal': [-0.3538899432772173, 0.5774297552602632, -0.7357559281360365], 'radius': 2.67114137520825}, 'confidence': 0.9999847769549436, 'timestamp': 360862.23814, 'diameter_3d': 5.3422827504165, 'ellipse': {'center': [133.86232473690922, 177.77354442913756], 'axes': [37.99510634744322, 56.99683637677457], 'angle': -59.090317705571785}, 'location': [133.86232473690922, 177.77354442913756], 'diameter': 56.99683637677457, 'sphere': {'center': [1.765879722315946, -1.4641988726289945, 66.97337994567977], 'radius': 12.0}, 'projected_sphere': {'center': [176.3474716181845, 106.4453115287556], 'axes': [222.17782665394446, 222.17782665394446], 'angle': 90.0}, 'model_confidence': 0.9731012054063015, 'model_id': 32, 'model_birth_timestamp': 360848.025353, 'theta': 2.186373388973673, 'phi': -2.0191191719483825, 'norm_pos': [0.4183197648028413, 0.2592768982119268], 'topic': 'pupil.1', 'id': 1, 'method': '3d c++'}"
1581495765.661463,"{'circle_3d': {'center': [-2.460920852705323, 5.475933636124805, 58.143390270717596], 'normal': [-0.3522333812517724, 0.5783443757294833, -0.7358324729135144], 'radius': 2.666537358470631}, 'confidence': 0.9998330548447023, 'timestamp': 360862.24654, 'diameter_3d': 5.333074716941262, 'ellipse': {'center': [134.07145699284033, 177.8923714062766], 'axes': [37.93410563488633, 56.899456322788055], 'angle': -59.25521117738151}, 'location': [134.07145699284033, 177.8923714062766], 'diameter': 56.899456322788055, 'sphere': {'center': [1.765879722315946, -1.4641988726289945, 66.97337994567977], 'radius': 12.0}, 'projected_sphere': {'center': [176.3474716181845, 106.4453115287556], 'axes': [222.17782665394446, 222.17782665394446], 'angle': 90.0}, 'model_confidence': 0.9731768334301005, 'model_id': 32, 'model_birth_timestamp': 360848.025353, 'theta': 2.18749408720222, 'phi': -2.017248559020194, 'norm_pos': [0.41897330310262604, 0.2587817858071808], 'topic': 'pupil.1', 'id': 1, 'method': '3d c++'}"
1581495765.670221,"{'circle_3d': {'center': [-2.4880589193518388, 5.414568116380028, 58.108473248830364], 'normal': [-0.3544948868056487, 0.5732305824174185, -0.7387422247374501], 'radius': 2.6394669196349243}, 'confidence': 0.9996169663226502, 'timestamp': 360862.25494, 'diameter_3d': 5.278933839269849, 'ellipse': {'center': [133.7635690721305, 177.28379833586322], 'axes': [37.77888550673834, 56.354746573116344], 'angle': -58.85911799395051}, 'location': [133.7635690721305, 177.28379833586322], 'diameter': 56.354746573116344, 'sphere': {'center': [1.765879722315946, -1.4641988726289945, 66.97337994567977], 'radius': 12.0}, 'projected_sphere': {'center': [176.3474716181845, 106.4453115287556], 'axes': [222.17782665394446, 222.17782665394446], 'angle': 90.0}, 'model_confidence': 0.973162389335458, 'model_id': 32, 'model_birth_timestamp': 360848.025353, 'theta': 2.181239417678194, 'phi': -2.0182047593252466, 'norm_pos': [0.41801115335040784, 0.2613175069339032], 'topic': 'pupil.1', 'id': 1, 'method': '3d c++'}"
1581495765.677343,"{'circle_3d': {'center': [-2.504542560821175, 5.354636451557839, 58.070179490489075], 'normal': [-0.35586852359476007, 0.5682362770155694, -0.7419333712658911], 'radius': 2.60548367690942}, 'confidence': 0.9994961730128372, 'timestamp': 360862.26334, 'diameter_3d': 5.21096735381884, 'ellipse': {'center': [133.5652830169655, 176.69514318643243], 'axes': [37.540804471350405, 55.6648424421835], 'angle': -58.53145159698723}, 'location': [133.5652830169655, 176.69514318643243], 'diameter': 55.6648424421835, 'sphere': {'center': [1.765879722315946, -1.4641988726289945, 66.97337994567977], 'radius': 12.0}, 'projected_sphere': {'center': [176.3474716181845, 106.4453115287556], 'axes': [222.17782665394446, 222.17782665394446], 'angle': 90.0}, 'model_confidence': 0.9730383830236722, 'model_id': 32, 'model_birth_timestamp': 360848.025353, 'theta': 2.1751572000184343, 'phi': -2.018032002273927, 'norm_pos': [0.4173915094280172, 0.2637702367231982], 'topic': 'pupil.1', 'id': 1, 'method': '3d c++'}"
1581495765.686375,"{'circle_3d': {'center': [-2.536360576299151, 5.34569935237047, 58.07866159274012], 'normal': [-0.35852002488459134, 0.5674915187499554, -0.7412265294116375], 'radius': 2.6373411083053866}, 'confidence': 0.9996166115902733, 'timestamp': 360862.27174, 'diameter_3d': 5.274682216610773, 'ellipse': {'center': [133.23878392545492, 176.58108239045416], 'axes': [37.94724456324466, 56.33782779413806], 'angle': -58.29753632664041}, 'location': [133.23878392545492, 176.58108239045416], 'diameter': 56.33782779413806, 'sphere': {'center': [1.765879722315946, -1.4641988726289945, 66.97337994567977], 'radius': 12.0}, 'projected_sphere': {'center': [176.3474716181845, 106.4453115287556], 'axes': [222.17782665394446, 222.17782665394446], 'angle': 90.0}, 'model_confidence': 0.9729962846549811, 'model_id': 32, 'model_birth_timestamp': 360848.025353, 'theta': 2.1742524035168707, 'phi': -2.0213068136721604, 'norm_pos': [0.4163711997670466, 0.2642454900397744], 'topic': 'pupil.1', 'id': 1, 'method': '3d c++'}"
1581495765.699012,"{'circle_3d': {'center': [-2.526925797515828, 5.327186028042457, 58.05996803441741], 'normal': [-0.3577337933193145, 0.565948741722621, -0.7427843259385298], 'radius': 2.6383533062792583}, 'confidence': 0.9996049514009454, 'timestamp': 360862.28014, 'diameter_3d': 5.276706612558517, 'ellipse': {'center': [133.3314421775723, 176.400972619858], 'axes': [38.08392776478885, 56.37749438381977], 'angle': -58.28666157564204}, 'location': [133.3314421775723, 176.400972619858], 'diameter': 56.37749438381977, 'sphere': {'center': [1.765879722315946, -1.4641988726289945, 66.97337994567977], 'radius': 12.0}, 'projected_sphere': {'center': [176.3474716181845, 106.4453115287556], 'axes': [222.17782665394446, 222.17782665394446], 'angle': 90.0}, 'model_confidence': 0.9729509123863278, 'model_id': 32, 'model_birth_timestamp': 360848.025353, 'theta': 2.172379896951658, 'phi': -2.0196255646157306, 'norm_pos': [0.4166607568049135, 0.2649959474172583], 'topic': 'pupil.1', 'id': 1, 'method': '3d c++'}"
1581495765.705346,"{'circle_3d': {'center': [-2.5232208997939676, 5.341548306283945, 58.069143808304766], 'normal': [-0.3574250518424928, 0.567145598242745, -0.7420196781145836], 'radius': 2.622291641387819}, 'confidence': 0.9996880892383053, 'timestamp': 360862.28854, 'diameter_3d': 5.244583282775638, 'ellipse': {'center': [133.37067341581434, 176.55107198606197], 'axes': [37.791492970890225, 56.02519707477645], 'angle': -58.364420406788014}, 'location': [133.37067341581434, 176.55107198606197], 'diameter': 56.02519707477645, 'sphere': {'center': [1.765879722315946, -1.4641988726289945, 66.97337994567977], 'radius': 12.0}, 'projected_sphere': {'center': [176.3474716181845, 106.4453115287556], 'axes': [222.17782665394446, 222.17782665394446], 'angle': 90.0}, 'model_confidence': 0.9728830230765428, 'model_id': 32, 'model_birth_timestamp': 360848.025353, 'theta': 2.1738323413727483, 'phi': -2.01969067580834, 'norm_pos': [0.4167833544244198, 0.2643705333914085], 'topic': 'pupil.1', 'id': 1, 'method': '3d c++'}"
1581495765.721285,"{'circle_3d': {'center': [-2.4924445373150537, 5.361292562509567, 58.06948522658699], 'normal': [-0.35486035496924995, 0.5687909529282135, -0.7419912265910646], 'radius': 2.608259107626622}, 'confidence': 0.9998099533106469, 'timestamp': 360862.29694, 'diameter_3d': 5.216518215253244, 'ellipse': {'center': [133.6940024200093, 176.76536735816381], 'axes': [37.58452488059641, 55.72489054578558], 'angle': -58.63277869732256}, 'location': [133.6940024200093, 176.76536735816381], 'diameter': 55.72489054578558, 'sphere': {'center': [1.765879722315946, -1.4641988726289945, 66.97337994567977], 'radius': 12.0}, 'projected_sphere': {'center': [176.3474716181845, 106.4453115287556], 'axes': [222.17782665394446, 222.17782665394446], 'angle': 90.0}, 'model_confidence': 0.9730340907316504, 'model_id': 32, 'model_birth_timestamp': 360848.025353, 'theta': 2.175831435544087, 'phi': -2.0168963758686185, 'norm_pos': [0.41779375756252907, 0.26347763600765073], 'topic': 'pupil.1', 'id': 1, 'method': '3d c++'}"
1581495765.723434,"{'circle_3d': {'center': [-2.4546110387212767, 5.38341128104062, 58.06845473996578], 'normal': [-0.35170756341976855, 0.5706341794724679, -0.7420771004761655], 'radius': 2.6021645011660377}, 'confidence': 0.9990187605738047, 'timestamp': 360862.30534, 'diameter_3d': 5.204329002332075, 'ellipse': {'center': [134.0935575431589, 177.0031892349287], 'axes': [37.50054813325015, 55.59566030884315], 'angle': -58.95457679922798}, 'location': [134.0935575431589, 177.0031892349287], 'diameter': 55.59566030884315, 'sphere': {'center': [1.765879722315946, -1.4641988726289945, 66.97337994567977], 'radius': 12.0}, 'projected_sphere': {'center': [176.3474716181845, 106.4453115287556], 'axes': [222.17782665394446, 222.17782665394446], 'angle': 90.0}, 'model_confidence': 0.9730080804731589, 'model_id': 32, 'model_birth_timestamp': 360848.025353, 'theta': 2.1780742303377676, 'phi': -2.0133877427578426, 'norm_pos': [0.4190423673223716, 0.26248671152113046], 'topic': 'pupil.1', 'id': 1, 'method': '3d c++'}"
1581495765.729385,"{'circle_3d': {'center': [-2.4548139324410876, 5.370772772601585, 58.05884643676369], 'normal': [-0.3517244712297528, 0.5695809704358816, -0.7428777924096736], 'radius': 2.611163679121261}, 'confidence': 0.999510441603499, 'timestamp': 360862.31374, 'diameter_3d': 5.222327358242522, 'ellipse': {'center': [134.0896713347753, 176.87443651722535], 'axes': [37.692961151606674, 55.797259738940994], 'angle': -58.90625325066427}, 'location': [134.0896713347753, 176.87443651722535], 'diameter': 55.797259738940994, 'sphere': {'center': [1.765879722315946, -1.4641988726289945, 66.97337994567977], 'radius': 12.0}, 'projected_sphere': {'center': [176.3474716181845, 106.4453115287556], 'axes': [222.17782665394446, 222.17782665394446], 'angle': 90.0}, 'model_confidence': 0.9728801192475767, 'model_id': 32, 'model_birth_timestamp': 360848.025353, 'theta': 2.176792283401819, 'phi': -2.0129891179249984, 'norm_pos': [0.41903022292117276, 0.26302318117822776], 'topic': 'pupil.1', 'id': 1, 'method': '3d c++'}"
1581495765.737525,"{'circle_3d': {'center': [-2.4364947701086175, 5.36239136328612, 58.04378228529619], 'normal': [-0.3501978743687136, 0.5688825196595929, -0.7441331383652978], 'radius': 2.5956133511790966}, 'confidence': 0.9998023538085467, 'timestamp': 360862.32214, 'diameter_3d': 5.191226702358193, 'ellipse': {'center': [134.274490068901, 176.80472152865798], 'axes': [37.56422055029873, 55.47900521823017], 'angle': -58.991303444821234}, 'location': [134.274490068901, 176.80472152865798], 'diameter': 55.47900521823017, 'sphere': {'center': [1.765879722315946, -1.4641988726289945, 66.97337994567977], 'radius': 12.0}, 'projected_sphere': {'center': [176.3474716181845, 106.4453115287556], 'axes': [222.17782665394446, 222.17782665394446], 'angle': 90.0}, 'model_confidence': 0.9729064412427824, 'model_id': 32, 'model_birth_timestamp': 360848.025353, 'theta': 2.17594276958229, 'phi': -2.0106582443450716, 'norm_pos': [0.41960778146531563, 0.26331366029725845], 'topic': 'pupil.1', 'id': 1, 'method': '3d c++'}"
1581495765.744907,"{'circle_3d': {'center': [-2.3853880879283906, 5.385708444569364, 58.03773529554839], 'normal': [-0.345938984187028, 0.5708256097665299, -0.7446370541776152], 'radius': 2.605884512749703}, 'confidence': 0.9997046319359219, 'timestamp': 360862.33054, 'diameter_3d': 5.211769025499406, 'ellipse': {'center': [134.81696192392144, 177.0538904191663], 'axes': [37.74875266397562, 55.704659122507], 'angle': -59.4034808557615}, 'location': [134.81696192392144, 177.0538904191663], 'diameter': 55.704659122507, 'sphere': {'center': [1.765879722315946, -1.4641988726289945, 66.97337994567977], 'radius': 12.0}, 'projected_sphere': {'center': [176.3474716181845, 106.4453115287556], 'axes': [222.17782665394446, 222.17782665394446], 'angle': 90.0}, 'model_confidence': 0.9728364051627691, 'model_id': 32, 'model_birth_timestamp': 360848.025353, 'theta': 2.1783073584203074, 'phi': -2.0057036446509238, 'norm_pos': [0.4213030060122545, 0.26227545658680707], 'topic': 'pupil.1', 'id': 1, 'method': '3d c++'}"
1581495765.754467,"{'circle_3d': {'center': [-2.36661282653548, 5.388393432027765, 58.03109365861389], 'normal': [-0.34437437907095214, 0.5710493587213966, -0.7451905239221565], 'radius': 2.581588070697707}, 'confidence': 0.9994454381930687, 'timestamp': 360862.33894, 'diameter_3d': 5.163176141395414, 'ellipse': {'center': [135.0081637275678, 177.09731621618585], 'axes': [37.43759298692318, 55.19115075933667], 'angle': -59.533463436027326}, 'location': [135.0081637275678, 177.09731621618585], 'diameter': 55.19115075933667, 'sphere': {'center': [1.765879722315946, -1.4641988726289945, 66.97337994567977], 'radius': 12.0}, 'projected_sphere': {'center': [176.3474716181845, 106.4453115287556], 'axes': [222.17782665394446, 222.17782665394446], 'angle': 90.0}, 'model_confidence': 0.9728786639727982, 'model_id': 32, 'model_birth_timestamp': 360848.025353, 'theta': 2.17857989279027, 'phi': -2.0036910786107813, 'norm_pos': [0.42190051164864933, 0.26209451576589227], 'topic': 'pupil.1', 'id': 1, 'method': '3d c++'}"
1581495765.7618282,"{'circle_3d': {'center': [-2.3420374111995645, 5.418256167222424, 58.04271202840765], 'normal': [-0.3423264277929592, 0.5735379199876182, -0.7442223264393432], 'radius': 2.59191217028827}, 'confidence': 0.9994882169124901, 'timestamp': 360862.34734, 'diameter_3d': 5.18382434057654, 'ellipse': {'center': [135.27583311354005, 177.40001592512823], 'axes': [37.51067146616392, 55.4011413342743], 'angle': -59.80003737496868}, 'location': [135.27583311354005, 177.40001592512823], 'diameter': 55.4011413342743, 'sphere': {'center': [1.765879722315946, -1.4641988726289945, 66.97337994567977], 'radius': 12.0}, 'projected_sphere': {'center': [176.3474716181845, 106.4453115287556], 'axes': [222.17782665394446, 222.17782665394446], 'angle': 90.0}, 'model_confidence': 0.972857455310816, 'model_id': 32, 'model_birth_timestamp': 360848.025353, 'theta': 2.181614545969176, 'phi': -2.001917497921571, 'norm_pos': [0.4227369784798126, 0.2608332669786324], 'topic': 'pupil.1', 'id': 1, 'method': '3d c++'}"
1581495765.769532,"{'circle_3d': {'center': [-2.3353429509538612, 5.383658246386913, 58.013088350993755], 'normal': [-0.34176855610581724, 0.5706547599179923, -0.7466909662238344], 'radius': 2.5963323141231056}, 'confidence': 0.9999294792448575, 'timestamp': 360862.35574, 'diameter_3d': 5.192664628246211, 'ellipse': {'center': [135.33667251492747, 177.05788668619238], 'axes': [37.76621885830646, 55.523831732371576], 'angle': -59.716874124258695}, 'location': [135.33667251492747, 177.05788668619238], 'diameter': 55.523831732371576, 'sphere': {'center': [1.765879722315946, -1.4641988726289945, 66.97337994567977], 'radius': 12.0}, 'projected_sphere': {'center': [176.3474716181845, 106.4453115287556], 'axes': [222.17782665394446, 222.17782665394446], 'angle': 90.0}, 'model_confidence': 0.9728742365220255, 'model_id': 32, 'model_birth_timestamp': 360848.025353, 'theta': 2.1780992918513657, 'phi': -2.000044064298304, 'norm_pos': [0.42292710160914837, 0.26225880547419844], 'topic': 'pupil.1', 'id': 1, 'method': '3d c++'}"
1581495765.7834492,"{'circle_3d': {'center': [-2.2656418878049234, 5.4038880514964855, 57.99695440375134], 'normal': [-0.3359601341767391, 0.5723405770104567, -0.7480354618273689], 'radius': 2.5788338836989544}, 'confidence': 0.9994436701858508, 'timestamp': 360862.36414, 'diameter_3d': 5.157667767397909, 'ellipse': {'center': [136.0670183549786, 177.29381241021287], 'axes': [37.61010906272128, 55.164735004744266], 'angle': -60.24057641840635}, 'location': [136.0670183549786, 177.29381241021287], 'diameter': 55.164735004744266, 'sphere': {'center': [1.765879722315946, -1.4641988726289945, 66.97337994567977], 'radius': 12.0}, 'projected_sphere': {'center': [176.3474716181845, 106.4453115287556], 'axes': [222.17782665394446, 222.17782665394446], 'angle': 90.0}, 'model_confidence': 0.9728925207023953, 'model_id': 32, 'model_birth_timestamp': 360848.025353, 'theta': 2.180153654806585, 'phi': -1.992920926026282, 'norm_pos': [0.4252094323593081, 0.261275781624113], 'topic': 'pupil.1', 'id': 1, 'method': '3d c++'}"
1581495765.790952,"{'circle_3d': {'center': [-2.252137349098475, 5.388812524933986, 57.97939453326697], 'normal': [-0.3348347559512017, 0.5710842831302484, -0.749498784367733], 'radius': 2.6052121311874217}, 'confidence': 0.9999471192333246, 'timestamp': 360862.372539, 'diameter_3d': 5.210424262374843, 'ellipse': {'center': [136.20996847781012, 177.13978050095363], 'axes': [38.108932200607484, 55.74628373163086], 'angle': -60.273853820683655}, 'location': [136.20996847781012, 177.13978050095363], 'diameter': 55.74628373163086, 'sphere': {'center': [1.765879722315946, -1.4641988726289945, 66.97337994567977], 'radius': 12.0}, 'projected_sphere': {'center': [176.3474716181845, 106.4453115287556], 'axes': [222.17782665394446, 222.17782665394446], 'angle': 90.0}, 'model_confidence': 0.9729536990450538, 'model_id': 32, 'model_birth_timestamp': 360848.025353, 'theta': 2.178622436652608, 'phi': -1.9909400103634838, 'norm_pos': [0.4256561514931566, 0.2619175812460265], 'topic': 'pupil.1', 'id': 1, 'method': '3d c++'}"
1581495765.797454,"{'circle_3d': {'center': [-2.2222562078348806, 5.430019998231089, 57.99760599780671], 'normal': [-0.3323446608459022, 0.5745182392383402, -0.747981162322755], 'radius': 2.6026759250630795}, 'confidence': 0.9999185288687965, 'timestamp': 360862.380939, 'diameter_3d': 5.205351850126159, 'ellipse': {'center': [136.53342698424362, 177.56195746767537], 'axes': [37.95093133215129, 55.67472431838686], 'angle': -60.61608226881109}, 'location': [136.53342698424362, 177.56195746767537], 'diameter': 55.67472431838686, 'sphere': {'center': [1.765879722315946, -1.4641988726289945, 66.97337994567977], 'radius': 12.0}, 'projected_sphere': {'center': [176.3474716181845, 106.4453115287556], 'axes': [222.17782665394446, 222.17782665394446], 'angle': 90.0}, 'model_confidence': 0.9730483004048773, 'model_id': 32, 'model_birth_timestamp': 360848.025353, 'theta': 2.1828117574461166, 'phi': -1.9889185995158554, 'norm_pos': [0.4266669593257613, 0.26015851055135264], 'topic': 'pupil.1', 'id': 1, 'method': '3d c++'}"
1581495765.805652,"{'circle_3d': {'center': [-2.1956362778119374, 5.419401812440444, 57.97769027844233], 'normal': [-0.3301263333439903, 0.5736333904224532, -0.7496408056031195], 'radius': 2.6104067176610988}, 'confidence': 0.9998397596018682, 'timestamp': 360862.389339, 'diameter_3d': 5.2208134353221975, 'ellipse': {'center': [136.81082456897377, 177.4643834145175], 'axes': [38.19190619167645, 55.859355303435464], 'angle': -60.751858121617694}, 'location': [136.81082456897377, 177.4643834145175], 'diameter': 55.859355303435464, 'sphere': {'center': [1.765879722315946, -1.4641988726289945, 66.97337994567977], 'radius': 12.0}, 'projected_sphere': {'center': [176.3474716181845, 106.4453115287556], 'axes': [222.17782665394446, 222.17782665394446], 'angle': 90.0}, 'model_confidence': 0.9731358610162388, 'model_id': 32, 'model_birth_timestamp': 360848.025353, 'theta': 2.1817310947686064, 'phi': -1.9856209799197462, 'norm_pos': [0.427533826778043, 0.26056506910617705], 'topic': 'pupil.1', 'id': 1, 'method': '3d c++'}"
1581495765.814014,"{'circle_3d': {'center': [-2.1822928831231394, 5.439087866178406, 57.98691427337754], 'normal': [-0.3290143837865904, 0.5752738949006168, -0.7488721393585185], 'radius': 2.579424983369035}, 'confidence': 0.9998128961806807, 'timestamp': 360862.397739, 'diameter_3d': 5.15884996673807, 'ellipse': {'center': [136.9490185535607, 177.67669963842658], 'axes': [37.677270246895375, 55.18714402603375], 'angle': -60.908839637510475}, 'location': [136.9490185535607, 177.67669963842658], 'diameter': 55.18714402603375, 'sphere': {'center': [1.765879722315946, -1.4641988726289945, 66.97337994567977], 'radius': 12.0}, 'projected_sphere': {'center': [176.3474716181845, 106.4453115287556], 'axes': [222.17782665394446, 222.17782665394446], 'angle': 90.0}, 'model_confidence': 0.9732263038108369, 'model_id': 32, 'model_birth_timestamp': 360848.025353, 'theta': 2.183735286299702, 'phi': -1.9847556001968285, 'norm_pos': [0.4279656829798772, 0.2596804181732225], 'topic': 'pupil.1', 'id': 1, 'method': '3d c++'}"
1581495765.8219562,"{'circle_3d': {'center': [-2.179046366154192, 5.4263561451501685, 57.975724156338515], 'normal': [-0.3287438407058448, 0.5742129181482636, -0.7498046491117708], 'radius': 2.5778004866531763}, 'confidence': 0.9996946449008979, 'timestamp': 360862.406139, 'diameter_3d': 5.155600973306353, 'ellipse': {'center': [136.97920426501034, 177.55223809076787], 'axes': [37.725458207144605, 55.16292622798739], 'angle': -60.8850145851464}, 'location': [136.97920426501034, 177.55223809076787], 'diameter': 55.16292622798739, 'sphere': {'center': [1.765879722315946, -1.4641988726289945, 66.97337994567977], 'radius': 12.0}, 'projected_sphere': {'center': [176.3474716181845, 106.4453115287556], 'axes': [222.17782665394446, 222.17782665394446], 'angle': 90.0}, 'model_confidence': 0.9732004359885638, 'model_id': 32, 'model_birth_timestamp': 360848.025353, 'theta': 2.182438777358755, 'phi': -1.9839949094697096, 'norm_pos': [0.4280600133281573, 0.26019900795513384], 'topic': 'pupil.1', 'id': 1, 'method': '3d c++'}"
1581495765.829406,"{'circle_3d': {'center': [-2.16389220204219, 5.437559725026585, 57.97767981271547], 'normal': [-0.3274809936965113, 0.5751465498046316, -0.7496416777470246], 'radius': 2.5802064959267037}, 'confidence': 0.999935059189596, 'timestamp': 360862.414539, 'diameter_3d': 5.160412991853407, 'ellipse': {'center': [137.14145479452012, 177.66861321094092], 'axes': [37.746942681899455, 55.21266178772667], 'angle': -61.023847382968995}, 'location': [137.14145479452012, 177.66861321094092], 'diameter': 55.21266178772667, 'sphere': {'center': [1.765879722315946, -1.4641988726289945, 66.97337994567977], 'radius': 12.0}, 'projected_sphere': {'center': [176.3474716181845, 106.4453115287556], 'axes': [222.17782665394446, 222.17782665394446], 'angle': 90.0}, 'model_confidence': 0.9731883450701861, 'model_id': 32, 'model_birth_timestamp': 360848.025353, 'theta': 2.183579608768101, 'phi': -1.9826610944133427, 'norm_pos': [0.42856704623287534, 0.2597141116210795], 'topic': 'pupil.1', 'id': 1, 'method': '3d c++'}"
1581495765.837112,"{'circle_3d': {'center': [-2.1377918191229552, 5.441890541835933, 57.96964308280025], 'normal': [-0.3253059617865751, 0.5755074512054107, -0.7503114052399597], 'radius': 2.562589254062397}, 'confidence': 0.9995449505350303, 'timestamp': 360862.422939, 'diameter_3d': 5.125178508124794, 'ellipse': {'center': [137.41220594292676, 177.72853014184412], 'axes': [37.53836114838249, 54.84298281961147], 'angle': -61.210311746016394}, 'location': [137.41220594292676, 177.72853014184412], 'diameter': 54.84298281961147, 'sphere': {'center': [1.765879722315946, -1.4641988726289945, 66.97337994567977], 'radius': 12.0}, 'projected_sphere': {'center': [176.3474716181845, 106.4453115287556], 'axes': [222.17782665394446, 222.17782665394446], 'angle': 90.0}, 'model_confidence': 0.9730588021188535, 'model_id': 32, 'model_birth_timestamp': 360848.025353, 'theta': 2.1840208498017404, 'phi': -1.979896037116079, 'norm_pos': [0.4294131435716461, 0.2594644577423162], 'topic': 'pupil.1', 'id': 1, 'method': '3d c++'}"
1581495765.84512,"{'circle_3d': {'center': [-2.1212303767527416, 5.44796813496337, 57.96714197764506], 'normal': [-0.3239258415890573, 0.5760139172993637, -0.7505198306695585], 'radius': 2.574413969365869}, 'confidence': 0.9997725287644794, 'timestamp': 360862.431339, 'diameter_3d': 5.148827938731738, 'ellipse': {'center': [137.58992020069866, 177.79102775622738], 'axes': [37.726732858166045, 55.098680304019965], 'angle': -61.34050945911216}, 'location': [137.58992020069866, 177.79102775622738], 'diameter': 55.098680304019965, 'sphere': {'center': [1.765879722315946, -1.4641988726289945, 66.97337994567977], 'radius': 12.0}, 'projected_sphere': {'center': [176.3474716181845, 106.4453115287556], 'axes': [222.17782665394446, 222.17782665394446], 'angle': 90.0}, 'model_confidence': 0.9731233798576988, 'model_id': 32, 'model_birth_timestamp': 360848.025353, 'theta': 2.1846402906007616, 'phi': -1.9782455909311367, 'norm_pos': [0.4299685006271833, 0.2592040510157193], 'topic': 'pupil.1', 'id': 1, 'method': '3d c++'}"
1581495765.852936,"{'circle_3d': {'center': [-2.0665842495269198, 5.462935197027706, 57.955229720410294], 'normal': [-0.3193719976535721, 0.5772611724713917, -0.751512518772456], 'radius': 2.5624729776829014}, 'confidence': 0.9993709189725296, 'timestamp': 360862.439739, 'diameter_3d': 5.124945955365803, 'ellipse': {'center': [138.1641923813494, 177.96550894577487], 'axes': [37.62373088199464, 54.85426304139247], 'angle': -61.75313114235513}, 'location': [138.1641923813494, 177.96550894577487], 'diameter': 54.85426304139247, 'sphere': {'center': [1.765879722315946, -1.4641988726289945, 66.97337994567977], 'radius': 12.0}, 'projected_sphere': {'center': [176.3474716181845, 106.4453115287556], 'axes': [222.17782665394446, 222.17782665394446], 'angle': 90.0}, 'model_confidence': 0.9730688282663547, 'model_id': 32, 'model_birth_timestamp': 360848.025353, 'theta': 2.1861669189259074, 'phi': -1.9726435051707552, 'norm_pos': [0.4317631011917169, 0.25847704605927135], 'topic': 'pupil.1', 'id': 1, 'method': '3d c++'}"
1581495765.867511,"{'circle_3d': {'center': [-2.072900795060222, 5.459940537616425, 57.95561649974156], 'normal': [-0.319898376448014, 0.5770116175204516, -0.7514802871615175], 'radius': 2.570657388469898}, 'confidence': 0.9998426117089657, 'timestamp': 360862.448139, 'diameter_3d': 5.141314776939796, 'ellipse': {'center': [138.09891723401216, 177.93026705582736], 'axes': [37.742104271621805, 55.02922871641024], 'angle': -61.701000489811534}, 'location': [138.09891723401216, 177.93026705582736], 'diameter': 55.02922871641024, 'sphere': {'center': [1.765879722315946, -1.4641988726289945, 66.97337994567977], 'radius': 12.0}, 'projected_sphere': {'center': [176.3474716181845, 106.4453115287556], 'axes': [222.17782665394446, 222.17782665394446], 'angle': 90.0}, 'model_confidence': 0.9731011321452709, 'model_id': 32, 'model_birth_timestamp': 360848.025353, 'theta': 2.185861334361441, 'phi': -1.9732520910247886, 'norm_pos': [0.431559116356288, 0.25862388726738605], 'topic': 'pupil.1', 'id': 1, 'method': '3d c++'}"
1581495765.8759968,"{'circle_3d': {'center': [-2.04163600039137, 5.450513809531908, 57.93515154933462], 'normal': [-0.3172929768922763, 0.5762260568467419, -0.7531856996954289], 'radius': 2.5209360600572133}, 'confidence': 0.9986960206964391, 'timestamp': 360862.456539, 'diameter_3d': 5.0418721201144265, 'ellipse': {'center': [138.41404057677462, 177.86726118630006], 'axes': [37.13792285174593, 53.982990324790144], 'angle': -61.875708597027355}, 'location': [138.41404057677462, 177.86726118630006], 'diameter': 53.982990324790144, 'sphere': {'center': [1.765879722315946, -1.4641988726289945, 66.97337994567977], 'radius': 12.0}, 'projected_sphere': {'center': [176.3474716181845, 106.4453115287556], 'axes': [222.17782665394446, 222.17782665394446], 'angle': 90.0}, 'model_confidence': 0.9728177928811199, 'model_id': 32, 'model_birth_timestamp': 360848.025353, 'theta': 2.1848998313376, 'phi': -1.969501631191295, 'norm_pos': [0.4325438768024207, 0.2588864117237498], 'topic': 'pupil.1', 'id': 1, 'method': '3d c++'}"
1581495765.881658,"{'circle_3d': {'center': [-2.033281352770426, 5.502944952509294, 57.971975497184744], 'normal': [-0.31659675625719763, 0.580595318761524, -0.7501170373745851], 'radius': 2.5838078800768893}, 'confidence': 0.9993718247494854, 'timestamp': 360862.464939, 'diameter_3d': 5.167615760153779, 'ellipse': {'center': [138.52825339543116, 178.36733916921304], 'axes': [37.82646044702288, 55.29563905345166], 'angle': -62.110682588216925}, 'location': [138.52825339543116, 178.36733916921304], 'diameter': 55.29563905345166, 'sphere': {'center': [1.765879722315946, -1.4641988726289945, 66.97337994567977], 'radius': 12.0}, 'projected_sphere': {'center': [176.3474716181845, 106.4453115287556], 'axes': [222.17782665394446, 222.17782665394446], 'angle': 90.0}, 'model_confidence': 0.9726389194104623, 'model_id': 32, 'model_birth_timestamp': 360848.025353, 'theta': 2.1902560041246213, 'phi': -1.9701768045302805, 'norm_pos': [0.4329007918607224, 0.2568027534616123], 'topic': 'pupil.1', 'id': 1, 'method': '3d c++'}"
1581495765.8890638,"{'circle_3d': {'center': [-2.0259471526103017, 5.505044467874329, 57.97050839203439], 'normal': [-0.31598557291052065, 0.580770278375277, -0.7502392961371147], 'radius': 2.5356541029962876}, 'confidence': 0.9994760011294108, 'timestamp': 360862.473339, 'diameter_3d': 5.071308205992575, 'ellipse': {'center': [138.59561048789314, 178.40896823230221], 'axes': [37.12905452315276, 54.26562424737012], 'angle': -62.166362332181116}, 'location': [138.59561048789314, 178.40896823230221], 'diameter': 54.26562424737012, 'sphere': {'center': [1.765879722315946, -1.4641988726289945, 66.97337994567977], 'radius': 12.0}, 'projected_sphere': {'center': [176.3474716181845, 106.4453115287556], 'axes': [222.17782665394446, 222.17782665394446], 'angle': 90.0}, 'model_confidence': 0.972541145754946, 'model_id': 32, 'model_birth_timestamp': 360848.025353, 'theta': 2.1904709079323283, 'phi': -1.9694267136870716, 'norm_pos': [0.43311128277466604, 0.2566292990320741], 'topic': 'pupil.1', 'id': 1, 'method': '3d c++'}"
1581495765.905796,"{'circle_3d': {'center': [-1.9670259968257702, 5.531924154506033, 57.966733650793415], 'normal': [-0.311075476595143, 0.5830102522612522, -0.7505538579071962], 'radius': 2.5862119390425913}, 'confidence': 0.9995464886984904, 'timestamp': 360862.481739, 'diameter_3d': 5.172423878085183, 'ellipse': {'center': [139.23119518880603, 178.67926946184568], 'axes': [37.890375369460685, 55.352330092565694], 'angle': -62.6483411596357}, 'location': [139.23119518880603, 178.67926946184568], 'diameter': 55.352330092565694, 'sphere': {'center': [1.765879722315946, -1.4641988726289945, 66.97337994567977], 'radius': 12.0}, 'projected_sphere': {'center': [176.3474716181845, 106.4453115287556], 'axes': [222.17782665394446, 222.17782665394446], 'angle': 90.0}, 'model_confidence': 0.9725341273927657, 'model_id': 32, 'model_birth_timestamp': 360848.025353, 'theta': 2.1932251999727574, 'phi': -1.9637067891905478, 'norm_pos': [0.4350974849650188, 0.2555030439089764], 'topic': 'pupil.1', 'id': 1, 'method': '3d c++'}"
1581495765.907179,"{'circle_3d': {'center': [-1.9637250220497513, 5.517555688052186, 57.95422523444366], 'normal': [-0.3108003953638081, 0.581812880056765, -0.751596225936342], 'radius': 2.542391403523283}, 'confidence': 0.999084743506111, 'timestamp': 360862.490139, 'diameter_3d': 5.084782807046566, 'ellipse': {'center': [139.25322710102753, 178.55461982144533], 'axes': [37.32673668045106, 54.42531103177236], 'angle': -62.62227957049854}, 'location': [139.25322710102753, 178.55461982144533], 'diameter': 54.42531103177236, 'sphere': {'center': [1.765879722315946, -1.4641988726289945, 66.97337994567977], 'radius': 12.0}, 'projected_sphere': {'center': [176.3474716181845, 106.4453115287556], 'axes': [222.17782665394446, 222.17782665394446], 'angle': 90.0}, 'model_confidence': 0.9723663031897756, 'model_id': 32, 'model_birth_timestamp': 360848.025353, 'theta': 2.191752225172081, 'phi': -1.9629036389976962, 'norm_pos': [0.43516633469071103, 0.25602241741064447], 'topic': 'pupil.1', 'id': 1, 'method': '3d c++'}"
1581495765.913128,"{'circle_3d': {'center': [-1.972436973106322, 5.547208913132238, 57.98087478046057], 'normal': [-0.311526391285189, 0.5842839821467694, -0.7493754304349329], 'radius': 2.5736022923024584}, 'confidence': 0.9998509570888817, 'timestamp': 360862.498539, 'diameter_3d': 5.147204584604917, 'ellipse': {'center': [139.1755526458402, 178.83328539242353], 'axes': [37.614585014026126, 55.06887097432036], 'angle': -62.66327004010891}, 'location': [139.1755526458402, 178.83328539242353], 'diameter': 55.06887097432036, 'sphere': {'center': [1.765879722315946, -1.4641988726289945, 66.97337994567977], 'radius': 12.0}, 'projected_sphere': {'center': [176.3474716181845, 106.4453115287556], 'axes': [222.17782665394446, 222.17782665394446], 'angle': 90.0}, 'model_confidence': 0.972483082422404, 'model_id': 32, 'model_birth_timestamp': 360848.025353, 'theta': 2.1947938189218292, 'phi': -1.9647760395171932, 'norm_pos': [0.43492360201825064, 0.25486131086490194], 'topic': 'pupil.1', 'id': 1, 'method': '3d c++'}"
1581495765.922443,"{'circle_3d': {'center': [-1.921937449819877, 5.53028377419353, 57.94690682445469], 'normal': [-0.30731809767798524, 0.582873553901877, -0.7522060934354228], 'radius': 2.5689991558144665}, 'confidence': 0.9994063068500751, 'timestamp': 360862.506939, 'diameter_3d': 5.137998311628933, 'ellipse': {'center': [139.7007025813376, 178.6867921808532], 'axes': [37.76183992472094, 55.00242886330247], 'angle': -62.94399840068271}, 'location': [139.7007025813376, 178.6867921808532], 'diameter': 55.00242886330247, 'sphere': {'center': [1.765879722315946, -1.4641988726289945, 66.97337994567977], 'radius': 12.0}, 'projected_sphere': {'center': [176.3474716181845, 106.4453115287556], 'axes': [222.17782665394446, 222.17782665394446], 'angle': 90.0}, 'model_confidence': 0.9723928008282146, 'model_id': 32, 'model_birth_timestamp': 360848.025353, 'theta': 2.1930569587031066, 'phi': -1.9586564911014401, 'norm_pos': [0.43656469556668, 0.2554716992464451], 'topic': 'pupil.1', 'id': 1, 'method': '3d c++'}"
1581495765.92919,"{'circle_3d': {'center': [-1.935592326103183, 5.486226579958462, 57.918508842080534], 'normal': [-0.3084560040349274, 0.5792021210489547, -0.7545725919666025], 'radius': 2.5591486455009442}, 'confidence': 0.9995943821340443, 'timestamp': 360862.515339, 'diameter_3d': 5.1182972910018885, 'ellipse': {'center': [139.54461226541707, 178.24832675940914], 'axes': [37.80039159000521, 54.81794615146291], 'angle': -62.70554315248733}, 'location': [139.54461226541707, 178.24832675940914], 'diameter': 54.81794615146291, 'sphere': {'center': [1.765879722315946, -1.4641988726289945, 66.97337994567977], 'radius': 12.0}, 'projected_sphere': {'center': [176.3474716181845, 106.4453115287556], 'axes': [222.17782665394446, 222.17782665394446], 'angle': 90.0}, 'model_confidence': 0.9724577407271395, 'model_id': 32, 'model_birth_timestamp': 360848.025353, 'theta': 2.1885459050969835, 'phi': -1.9588507461687164, 'norm_pos': [0.43607691332942833, 0.25729863850246193], 'topic': 'pupil.1', 'id': 1, 'method': '3d c++'}"
1581495765.938226,"{'circle_3d': {'center': [-1.9360700254623568, 5.46950804231694, 57.905895372626716], 'normal': [-0.30849581231485856, 0.5778089095788279, -0.7556237144210877], 'radius': 2.5657273948215136}, 'confidence': 0.9997565352896538, 'timestamp': 360862.523739, 'diameter_3d': 5.131454789643027, 'ellipse': {'center': [139.53695041501877, 178.07964874287552], 'axes': [37.97912798145599, 54.970855612946345], 'angle': -62.6461119746288}, 'location': [139.53695041501877, 178.07964874287552], 'diameter': 54.970855612946345, 'sphere': {'center': [1.765879722315946, -1.4641988726289945, 66.97337994567977], 'radius': 12.0}, 'projected_sphere': {'center': [176.3474716181845, 106.4453115287556], 'axes': [222.17782665394446, 222.17782665394446], 'angle': 90.0}, 'model_confidence': 0.9725509900897933, 'model_id': 32, 'model_birth_timestamp': 360848.025353, 'theta': 2.186837864559137, 'phi': -1.958408579680078, 'norm_pos': [0.43605297004693366, 0.258001463571352], 'topic': 'pupil.1', 'id': 1, 'method': '3d c++'}"
1581495765.949816,"{'circle_3d': {'center': [-1.928679046204351, 5.432543360512019, 57.87474367008556], 'normal': [-0.3078798973766914, 0.5747285194284179, -0.7582196896328509], 'radius': 2.535743320865308}, 'confidence': 0.9994439492522358, 'timestamp': 360862.532139, 'diameter_3d': 5.071486641730616, 'ellipse': {'center': [139.59966117211582, 177.72614799200352], 'axes': [37.732814259441284, 54.356943157410235], 'angle': -62.570803050060725}, 'location': [139.59966117211582, 177.72614799200352], 'diameter': 54.356943157410235, 'sphere': {'center': [1.765879722315946, -1.4641988726289945, 66.97337994567977], 'radius': 12.0}, 'projected_sphere': {'center': [176.3474716181845, 106.4453115287556], 'axes': [222.17782665394446, 222.17782665394446], 'angle': 90.0}, 'model_confidence': 0.9725085121551902, 'model_id': 32, 'model_birth_timestamp': 360848.025353, 'theta': 2.1830686924102616, 'phi': -1.956512742126079, 'norm_pos': [0.43624894116286195, 0.25947438336665196], 'topic': 'pupil.1', 'id': 1, 'method': '3d c++'}"
1581495765.9574678,"{'circle_3d': {'center': [-1.9248727947213669, 5.4435958504618105, 57.881585957603406], 'normal': [-0.3075627097531094, 0.5756495602575671, -0.7576494990063638], 'radius': 2.5276587741740273}, 'confidence': 0.9987057258634228, 'timestamp': 360862.540539, 'diameter_3d': 5.055317548348055, 'ellipse': {'center': [139.64065813128462, 177.84052059642158], 'axes': [37.56844914977929, 54.177159862772136], 'angle': -62.63395853259451}, 'location': [139.64065813128462, 177.84052059642158], 'diameter': 54.177159862772136, 'sphere': {'center': [1.765879722315946, -1.4641988726289945, 66.97337994567977], 'radius': 12.0}, 'projected_sphere': {'center': [176.3474716181845, 106.4453115287556], 'axes': [222.17782665394446, 222.17782665394446], 'angle': 90.0}, 'model_confidence': 0.9722318471535485, 'model_id': 32, 'model_birth_timestamp': 360848.025353, 'theta': 2.184194631099207, 'phi': -1.9564156832059638, 'norm_pos': [0.43637705666026444, 0.25899783084824335], 'topic': 'pupil.1', 'id': 1, 'method': '3d c++'}"
1581495765.9663649,"{'circle_3d': {'center': [-1.8637907325711305, 5.472154640027691, 57.87873908765931], 'normal': [-0.30247253790725637, 0.5780294593880572, -0.7578867381683715], 'radius': 2.576123004320505}, 'confidence': 0.9999638466368034, 'timestamp': 360862.548939, 'diameter_3d': 5.15224600864101, 'ellipse': {'center': [140.299932606634, 178.12893769707435], 'axes': [38.30347846321517, 55.219712362713324], 'angle': -63.14291673692817}, 'location': [140.299932606634, 178.12893769707435], 'diameter': 55.219712362713324, 'sphere': {'center': [1.765879722315946, -1.4641988726289945, 66.97337994567977], 'radius': 12.0}, 'projected_sphere': {'center': [176.3474716181845, 106.4453115287556], 'axes': [222.17782665394446, 222.17782665394446], 'angle': 90.0}, 'model_confidence': 0.9722765693188418, 'model_id': 32, 'model_birth_timestamp': 360848.025353, 'theta': 2.1871081150584843, 'phi': -1.95052653364597, 'norm_pos': [0.43843728939573123, 0.25779609292885686], 'topic': 'pupil.1', 'id': 1, 'method': '3d c++'}"
1581495765.973708,"{'circle_3d': {'center': [-1.8821133309921672, 5.476004693199897, 57.8890130911394], 'normal': [-0.3039994211090094, 0.5783502971524076, -0.7570305712116975], 'radius': 2.5579579398188397}, 'confidence': 0.9998525983728506, 'timestamp': 360862.557339, 'diameter_3d': 5.115915879637679, 'ellipse': {'center': [140.1042949132983, 178.1672970914275], 'axes': [37.968242290874784, 54.820298605303435], 'angle': -63.03165594227625}, 'location': [140.1042949132983, 178.1672970914275], 'diameter': 54.820298605303435, 'sphere': {'center': [1.765879722315946, -1.4641988726289945, 66.97337994567977], 'radius': 12.0}, 'projected_sphere': {'center': [176.3474716181845, 106.4453115287556], 'axes': [222.17782665394446, 222.17782665394446], 'angle': 90.0}, 'model_confidence': 0.9722661495654927, 'model_id': 32, 'model_birth_timestamp': 360848.025353, 'theta': 2.18750134571032, 'phi': -1.9526538886413445, 'norm_pos': [0.4378259216040572, 0.257636262119052], 'topic': 'pupil.1', 'id': 1, 'method': '3d c++'}"
1581495765.981368,"{'circle_3d': {'center': [-1.830855417266142, 5.518960675117044, 57.90150147061085], 'normal': [-0.2997279282985073, 0.5819299623121699, -0.7559898729224098], 'radius': 2.589481167104023}, 'confidence': 0.9999503336012187, 'timestamp': 360862.565739, 'diameter_3d': 5.178962334208046, 'ellipse': {'center': [140.6599027376789, 178.60082986282183], 'axes': [38.35131358571885, 55.484773896614556], 'angle': -63.52040605810527}, 'location': [140.6599027376789, 178.60082986282183], 'diameter': 55.484773896614556, 'sphere': {'center': [1.765879722315946, -1.4641988726289945, 66.97337994567977], 'radius': 12.0}, 'projected_sphere': {'center': [176.3474716181845, 106.4453115287556], 'axes': [222.17782665394446, 222.17782665394446], 'angle': 90.0}, 'model_confidence': 0.9723479091590326, 'model_id': 32, 'model_birth_timestamp': 360848.025353, 'theta': 2.19189618806483, 'phi': -1.948256613760545, 'norm_pos': [0.43956219605524655, 0.25582987557157577], 'topic': 'pupil.1', 'id': 1, 'method': '3d c++'}"
1581495765.98932,"{'circle_3d': {'center': [-1.8574718990519397, 5.515018442324264, 57.90906261349267], 'normal': [-0.3019459684473238, 0.5816014429127715, -0.7553597776822578], 'radius': 2.5869756291346424}, 'confidence': 0.9999610314460985, 'timestamp': 360862.574139, 'diameter_3d': 5.173951258269285, 'ellipse': {'center': [140.378475752885, 178.55282454379423], 'axes': [38.26715039884653, 55.423767275824254], 'angle': -63.32735853500082}, 'location': [140.378475752885, 178.55282454379423], 'diameter': 55.423767275824254, 'sphere': {'center': [1.765879722315946, -1.4641988726289945, 66.97337994567977], 'radius': 12.0}, 'projected_sphere': {'center': [176.3474716181845, 106.4453115287556], 'axes': [222.17782665394446, 222.17782665394446], 'angle': 90.0}, 'model_confidence': 0.9723811758251655, 'model_id': 32, 'model_birth_timestamp': 360848.025353, 'theta': 2.1914922822288943, 'phi': -1.9510767776434539, 'norm_pos': [0.43868273672776564, 0.2560298977341907], 'topic': 'pupil.1', 'id': 1, 'method': '3d c++'}"
1581495766.000763,"{'circle_3d': {'center': [-1.8584757061496113, 5.5397204772969335, 57.92853824071415], 'normal': [-0.30202961903879644, 0.5836599458271606, -0.7537368087471351], 'radius': 2.564279166542193}, 'confidence': 0.9992708473911519, 'timestamp': 360862.582539, 'diameter_3d': 5.128558333084386, 'ellipse': {'center': [140.3689856049301, 178.8060576763712], 'axes': [37.80541542730518, 54.9187811693101], 'angle': -63.40148035755717}, 'location': [140.3689856049301, 178.8060576763712], 'diameter': 54.9187811693101, 'sphere': {'center': [1.765879722315946, -1.4641988726289945, 66.97337994567977], 'radius': 12.0}, 'projected_sphere': {'center': [176.3474716181845, 106.4453115287556], 'axes': [222.17782665394446, 222.17782665394446], 'angle': 90.0}, 'model_confidence': 0.9722073322025682, 'model_id': 32, 'model_birth_timestamp': 360848.025353, 'theta': 2.1940250871168465, 'phi': -1.9519143285085367, 'norm_pos': [0.43865308001540654, 0.2549747596817866], 'topic': 'pupil.1', 'id': 1, 'method': '3d c++'}"
1581495766.005606,"{'circle_3d': {'center': [-1.8202396759723596, 5.572221876938054, 57.93852905060227], 'normal': [-0.29884328319069214, 0.586368395797254, -0.7529042412564579], 'radius': 2.5621568598607416}, 'confidence': 0.9998262220309486, 'timestamp': 360862.590939, 'diameter_3d': 5.124313719721483, 'ellipse': {'center': [140.7781443959523, 179.14314640592], 'axes': [37.70663512287798, 54.864042976171184], 'angle': -63.76482273074652}, 'location': [140.7781443959523, 179.14314640592], 'diameter': 54.864042976171184, 'sphere': {'center': [1.765879722315946, -1.4641988726289945, 66.97337994567977], 'radius': 12.0}, 'projected_sphere': {'center': [176.3474716181845, 106.4453115287556], 'axes': [222.17782665394446, 222.17782665394446], 'angle': 90.0}, 'model_confidence': 0.9721929180340427, 'model_id': 32, 'model_birth_timestamp': 360848.025353, 'theta': 2.197364638473315, 'phi': -1.9486453249200288, 'norm_pos': [0.4399317012373509, 0.25357022330866674], 'topic': 'pupil.1', 'id': 1, 'method': '3d c++'}"
1581495766.013145,"{'circle_3d': {'center': [-1.8184269578704744, 5.605602441379922, 57.96390410061482], 'normal': [-0.29869222334886836, 0.5891501095007431, -0.7507896537554125], 'radius': 2.5530053279842}, 'confidence': 0.9996467837184364, 'timestamp': 360862.599339, 'diameter_3d': 5.1060106559684, 'ellipse': {'center': [140.80301474293816, 179.47760037744263], 'axes': [37.409056904627434, 54.644181741060144], 'angle': -63.883950582062965}, 'location': [140.80301474293816, 179.47760037744263], 'diameter': 54.644181741060144, 'sphere': {'center': [1.765879722315946, -1.4641988726289945, 66.97337994567977], 'radius': 12.0}, 'projected_sphere': {'center': [176.3474716181845, 106.4453115287556], 'axes': [222.17782665394446, 222.17782665394446], 'angle': 90.0}, 'model_confidence': 0.9721444135511015, 'model_id': 32, 'model_birth_timestamp': 360848.025353, 'theta': 2.200802949801341, 'phi': -1.9494370269116879, 'norm_pos': [0.44000942107168173, 0.25217666509398906], 'topic': 'pupil.1', 'id': 1, 'method': '3d c++'}"
1581495766.0210931,"{'circle_3d': {'center': [-1.858238062548122, 5.609808676102549, 57.98315261363076], 'normal': [-0.302009815405339, 0.589500629060962, -0.7491856110040843], 'radius': 2.5686670399715665}, 'confidence': 0.9988435946004381, 'timestamp': 360862.607739, 'diameter_3d': 5.137334079943133, 'ellipse': {'center': [140.38872412420315, 179.4981968406849], 'axes': [37.518373290585714, 54.961442439625884], 'angle': -63.63003672290202}, 'location': [140.38872412420315, 179.4981968406849], 'diameter': 54.961442439625884, 'sphere': {'center': [1.765879722315946, -1.4641988726289945, 66.97337994567977], 'radius': 12.0}, 'projected_sphere': {'center': [176.3474716181845, 106.4453115287556], 'axes': [222.17782665394446, 222.17782665394446], 'angle': 90.0}, 'model_confidence': 0.971857382958885, 'model_id': 32, 'model_birth_timestamp': 360848.025353, 'theta': 2.2012368171036094, 'phi': -1.9539872941156344, 'norm_pos': [0.4387147628881348, 0.2520908464971463], 'topic': 'pupil.1', 'id': 1, 'method': '3d c++'}"
1581495766.033292,"{'circle_3d': {'center': [-1.8407090457256305, 5.592171319202518, 57.962266963696464], 'normal': [-0.3005490640034647, 0.5880308493192927, -0.7509260818319422], 'radius': 2.5673289818773073}, 'confidence': 0.9997959098603749, 'timestamp': 360862.616139, 'diameter_3d': 5.134657963754615, 'ellipse': {'center': [140.5685419059034, 179.33095405194442], 'axes': [37.631688182733015, 54.95248402167868], 'angle': -63.691038283195255}, 'location': [140.5685419059034, 179.33095405194442], 'diameter': 54.95248402167868, 'sphere': {'center': [1.765879722315946, -1.4641988726289945, 66.97337994567977], 'radius': 12.0}, 'projected_sphere': {'center': [176.3474716181845, 106.4453115287556], 'axes': [222.17782665394446, 222.17782665394446], 'angle': 90.0}, 'model_confidence': 0.9720006443452722, 'model_id': 32, 'model_birth_timestamp': 360848.025353, 'theta': 2.199418465623317, 'phi': -1.9515077571683406, 'norm_pos': [0.4392766934559481, 0.2527876914502316], 'topic': 'pupil.1', 'id': 1, 'method': '3d c++'}"
1581495766.041568,"{'circle_3d': {'center': [-1.8253227435048205, 5.588709913261695, 57.953416392128744], 'normal': [-0.29926687215173053, 0.5877423988242242, -0.751663629462585], 'radius': 2.5718288349315674}, 'confidence': 0.9998423730640069, 'timestamp': 360862.624539, 'diameter_3d': 5.143657669863135, 'ellipse': {'center': [140.73040029046382, 179.3007827002068], 'axes': [37.75356046238915, 55.0572781736285], 'angle': -63.783499179653965}, 'location': [140.73040029046382, 179.3007827002068], 'diameter': 55.0572781736285, 'sphere': {'center': [1.765879722315946, -1.4641988726289945, 66.97337994567977], 'radius': 12.0}, 'projected_sphere': {'center': [176.3474716181845, 106.4453115287556], 'axes': [222.17782665394446, 222.17782665394446], 'angle': 90.0}, 'model_confidence': 0.9721197480444532, 'model_id': 32, 'model_birth_timestamp': 360848.025353, 'theta': 2.1990618887322304, 'phi': -1.949697670654904, 'norm_pos': [0.43978250090769944, 0.252913405415805], 'topic': 'pupil.1', 'id': 1, 'method': '3d c++'}"
1581495766.0508218,"{'circle_3d': {'center': [-1.8680544967067971, 5.583572898540524, 57.96652504769669], 'normal': [-0.30282785158522857, 0.5873143142641265, -0.7505712414985892], 'radius': 2.577677770532859}, 'confidence': 0.9998116701388245, 'timestamp': 360862.632939, 'diameter_3d': 5.155355541065718, 'ellipse': {'center': [140.28124880226048, 179.23162796726507], 'axes': [37.758396394223745, 55.17006715212522], 'angle': -63.4796636794426}, 'location': [140.28124880226048, 179.23162796726507], 'diameter': 55.17006715212522, 'sphere': {'center': [1.765879722315946, -1.4641988726289945, 66.97337994567977], 'radius': 12.0}, 'projected_sphere': {'center': [176.3474716181845, 106.4453115287556], 'axes': [222.17782665394446, 222.17782665394446], 'angle': 90.0}, 'model_confidence': 0.9722887457553897, 'model_id': 32, 'model_birth_timestamp': 360848.025353, 'theta': 2.1985328691075643, 'phi': -1.9542846244970278, 'norm_pos': [0.438378902507064, 0.25320155013639556], 'topic': 'pupil.1', 'id': 1, 'method': '3d c++'}"
1581495766.0570261,"{'circle_3d': {'center': [-1.8751890807257243, 5.553378159128002, 57.94585367460897], 'normal': [-0.3034224002534725, 0.5847980859797497, -0.7522938559225663], 'radius': 2.5625114018199584}, 'confidence': 0.99946954549022, 'timestamp': 360862.641339, 'diameter_3d': 5.125022803639917, 'ellipse': {'center': [140.1961006886024, 178.9357729960534], 'axes': [37.669281184827504, 54.864563477346145], 'angle': -63.33357728896383}, 'location': [140.1961006886024, 178.9357729960534], 'diameter': 54.864563477346145, 'sphere': {'center': [1.765879722315946, -1.4641988726289945, 66.97337994567977], 'radius': 12.0}, 'projected_sphere': {'center': [176.3474716181845, 106.4453115287556], 'axes': [222.17782665394446, 222.17782665394446], 'angle': 90.0}, 'model_confidence': 0.9722202423845916, 'model_id': 32, 'model_birth_timestamp': 360848.025353, 'theta': 2.195427447923916, 'phi': -1.9541697722717635, 'norm_pos': [0.4381128146518825, 0.2544342791831108], 'topic': 'pupil.1', 'id': 1, 'method': '3d c++'}"
1581495766.066081,"{'circle_3d': {'center': [-1.8297320667910124, 5.525547851751281, 57.90613027496648], 'normal': [-0.2996343157589132, 0.5824788936983563, -0.7556041392261075], 'radius': 2.5672383740934266}, 'confidence': 0.9999897420736309, 'timestamp': 360862.649739, 'diameter_3d': 5.134476748186853, 'ellipse': {'center': [140.66869128576133, 178.67508309480104], 'axes': [37.99134433746115, 55.003417482608135], 'angle': -63.54948876893083}, 'location': [140.66869128576133, 178.67508309480104], 'diameter': 55.003417482608135, 'sphere': {'center': [1.765879722315946, -1.4641988726289945, 66.97337994567977], 'radius': 12.0}, 'projected_sphere': {'center': [176.3474716181845, 106.4453115287556], 'axes': [222.17782665394446, 222.17782665394446], 'angle': 90.0}, 'model_confidence': 0.9722591818216997, 'model_id': 32, 'model_birth_timestamp': 360848.025353, 'theta': 2.19257134521262, 'phi': -1.9483244540963045, 'norm_pos': [0.43958966026800417, 0.25552048710499564], 'topic': 'pupil.1', 'id': 1, 'method': '3d c++'}"
1581495766.0755782,"{'circle_3d': {'center': [-1.8539688413406419, 5.524815845264399, 57.915214035890806], 'normal': [-0.3016540469713823, 0.5824178931577828, -0.7548471591490801], 'radius': 2.600498430978818}, 'confidence': 0.999906939263912, 'timestamp': 360862.658139, 'diameter_3d': 5.200996861957636, 'ellipse': {'center': [140.42035090388896, 178.64614598090193], 'axes': [38.427016793260606, 55.7078774332617], 'angle': -63.38318038628655}, 'location': [140.42035090388896, 178.64614598090193], 'diameter': 55.7078774332617, 'sphere': {'center': [1.765879722315946, -1.4641988726289945, 66.97337994567977], 'radius': 12.0}, 'projected_sphere': {'center': [176.3474716181845, 106.4453115287556], 'axes': [222.17782665394446, 222.17782665394446], 'angle': 90.0}, 'model_confidence': 0.9722790978470952, 'model_id': 32, 'model_birth_timestamp': 360848.025353, 'theta': 2.192496301583829, 'phi': -1.9509773882903545, 'norm_pos': [0.438813596574653, 0.25564105841290863], 'topic': 'pupil.1', 'id': 1, 'method': '3d c++'}"
1581495766.081687,"{'circle_3d': {'center': [-1.8703036744271866, 5.520163277000261, 57.91816842589317], 'normal': [-0.3030152830619277, 0.5820301791357713, -0.754600959982216], 'radius': 2.55642698274732}, 'confidence': 0.9992183045823998, 'timestamp': 360862.666539, 'diameter_3d': 5.11285396549464, 'ellipse': {'center': [140.2384656750121, 178.61067253186314], 'axes': [37.75703086733093, 54.76015033902551], 'angle': -63.257608860141104}, 'location': [140.2384656750121, 178.61067253186314], 'diameter': 54.76015033902551, 'sphere': {'center': [1.765879722315946, -1.4641988726289945, 66.97337994567977], 'radius': 12.0}, 'projected_sphere': {'center': [176.3474716181845, 106.4453115287556], 'axes': [222.17782665394446, 222.17782665394446], 'angle': 90.0}, 'model_confidence': 0.9720706367284948, 'model_id': 32, 'model_birth_timestamp': 360848.025353, 'theta': 2.1920194252120697, 'phi': -1.9526442075331043, 'norm_pos': [0.4382452052344128, 0.25578886445057025], 'topic': 'pupil.1', 'id': 1, 'method': '3d c++'}"
1581495766.090816,"{'circle_3d': {'center': [-1.8332638560747065, 5.524874905148542, 57.90701279941265], 'normal': [-0.2999286315325544, 0.5824228148147947, -0.7555305955222599], 'radius': 2.5745702860586075}, 'confidence': 0.9994407933389856, 'timestamp': 360862.674939, 'diameter_3d': 5.149140572117215, 'ellipse': {'center': [140.6328634861722, 178.66431451513125], 'axes': [38.09460770154481, 55.15979127312974], 'angle': -63.52338142658358}, 'location': [140.6328634861722, 178.66431451513125], 'diameter': 55.15979127312974, 'sphere': {'center': [1.765879722315946, -1.4641988726289945, 66.97337994567977], 'radius': 12.0}, 'projected_sphere': {'center': [176.3474716181845, 106.4453115287556], 'axes': [222.17782665394446, 222.17782665394446], 'angle': 90.0}, 'model_confidence': 0.9719433002506439, 'model_id': 32, 'model_birth_timestamp': 360848.025353, 'theta': 2.192502356118263, 'phi': -1.9486943702061077, 'norm_pos': [0.43947769839428813, 0.2555653561869531], 'topic': 'pupil.1', 'id': 1, 'method': '3d c++'}"
1581495766.0972779,"{'circle_3d': {'center': [-1.8630177925714977, 5.48787520682936, 57.89044160942717], 'normal': [-0.3024081262406203, 0.5793395066215296, -0.7569115280210494], 'radius': 2.59422901258046}, 'confidence': 0.9999188302137215, 'timestamp': 360862.683339, 'diameter_3d': 5.18845802516092, 'ellipse': {'center': [140.31540235100096, 178.27852325878865], 'axes': [38.49663291717069, 55.597005849958975], 'angle': -63.20032670361595}, 'location': [140.31540235100096, 178.27852325878865], 'diameter': 55.597005849958975, 'sphere': {'center': [1.765879722315946, -1.4641988726289945, 66.97337994567977], 'radius': 12.0}, 'projected_sphere': {'center': [176.3474716181845, 106.4453115287556], 'axes': [222.17782665394446, 222.17782665394446], 'angle': 90.0}, 'model_confidence': 0.972162620729855, 'model_id': 32, 'model_birth_timestamp': 360848.025353, 'theta': 2.1887144484014867, 'phi': -1.9508966266888148, 'norm_pos': [0.438485632346878, 0.25717281975504724], 'topic': 'pupil.1', 'id': 1, 'method': '3d c++'}"
1581495766.1053288,"{'circle_3d': {'center': [-1.8863529337324036, 5.461872372033458, 57.87993539809749], 'normal': [-0.30435272133736246, 0.5771726037218711, -0.7577870456318568], 'radius': 2.606318408048365}, 'confidence': 0.999987487267047, 'timestamp': 360862.691739, 'diameter_3d': 5.21263681609673, 'ellipse': {'center': [140.0664448432878, 178.0068740692998], 'axes': [38.7472269987396, 55.86628523429403], 'angle': -62.95582750163055}, 'location': [140.0664448432878, 178.0068740692998], 'diameter': 55.86628523429403, 'sphere': {'center': [1.765879722315946, -1.4641988726289945, 66.97337994567977], 'radius': 12.0}, 'projected_sphere': {'center': [176.3474716181845, 106.4453115287556], 'axes': [222.17782665394446, 222.17782665394446], 'angle': 90.0}, 'model_confidence': 0.9723083043875369, 'model_id': 32, 'model_birth_timestamp': 360848.025353, 'theta': 2.1860584573304154, 'phi': -1.9527101657258477, 'norm_pos': [0.43770764013527436, 0.25830469137791745], 'topic': 'pupil.1', 'id': 1, 'method': '3d c++'}"
1581495766.1171641,"{'circle_3d': {'center': [-1.9048859152883886, 5.460791017083378, 57.88657662101357], 'normal': [-0.3058971364670279, 0.5770824908093644, -0.7572336103888498], 'radius': 2.603441007030005}, 'confidence': 0.9995519045178418, 'timestamp': 360862.700139, 'diameter_3d': 5.20688201406001, 'ellipse': {'center': [139.87065204985277, 177.99036736327838], 'axes': [38.66235706835704, 55.79813945369091], 'angle': -62.82691616605882}, 'location': [139.87065204985277, 177.99036736327838], 'diameter': 55.79813945369091, 'sphere': {'center': [1.765879722315946, -1.4641988726289945, 66.97337994567977], 'radius': 12.0}, 'projected_sphere': {'center': [176.3474716181845, 106.4453115287556], 'axes': [222.17782665394446, 222.17782665394446], 'angle': 90.0}, 'model_confidence': 0.972303733339841, 'model_id': 32, 'model_birth_timestamp': 360848.025353, 'theta': 2.1859481132801544, 'phi': -1.9547175588037, 'norm_pos': [0.4370957876557899, 0.2583734693196734], 'topic': 'pupil.1', 'id': 1, 'method': '3d c++'}"
1581495766.1270652,"{'circle_3d': {'center': [-1.92726261107726, 5.4266276338392085, 57.86968785054308], 'normal': [-0.3077618611161005, 0.5742355422056836, -0.7586410079280572], 'radius': 2.579136284999133}, 'confidence': 0.9995904580236196, 'timestamp': 360862.708539, 'diameter_3d': 5.158272569998266, 'ellipse': {'center': [139.62218885627757, 177.65151699631326], 'axes': [38.41234403562844, 55.292701963491616], 'angle': -62.56030283973613}, 'location': [139.62218885627757, 177.65151699631326], 'diameter': 55.292701963491616, 'sphere': {'center': [1.765879722315946, -1.4641988726289945, 66.97337994567977], 'radius': 12.0}, 'projected_sphere': {'center': [176.3474716181845, 106.4453115287556], 'axes': [222.17782665394446, 222.17782665394446], 'angle': 90.0}, 'model_confidence': 0.9722296409973796, 'model_id': 32, 'model_birth_timestamp': 360848.025353, 'theta': 2.18246641154795, 'phi': -1.9561855442454579, 'norm_pos': [0.43631934017586743, 0.2597853458486947], 'topic': 'pupil.1', 'id': 1, 'method': '3d c++'}"
1581495766.133491,"{'circle_3d': {'center': [-1.9288451418948547, 5.450639428893626, 57.88855636777919], 'normal': [-0.30789373868423336, 0.5762365251268851, -0.7570686314917147], 'radius': 2.614801576115869}, 'confidence': 0.9999324778071391, 'timestamp': 360862.716939, 'diameter_3d': 5.229603152231738, 'ellipse': {'center': [139.61872947916964, 177.8761807233889], 'axes': [38.8202953742216, 56.03984848099719], 'angle': -62.63108649782556}, 'location': [139.61872947916964, 177.8761807233889], 'diameter': 56.03984848099719, 'sphere': {'center': [1.765879722315946, -1.4641988726289945, 66.97337994567977], 'radius': 12.0}, 'projected_sphere': {'center': [176.3474716181845, 106.4453115287556], 'axes': [222.17782665394446, 222.17782665394446], 'angle': 90.0}, 'model_confidence': 0.9723126485037814, 'model_id': 32, 'model_birth_timestamp': 360848.025353, 'theta': 2.1849126399157166, 'phi': -1.9570583046429175, 'norm_pos': [0.43630852962240513, 0.25884924698587963], 'topic': 'pupil.1', 'id': 1, 'method': '3d c++'}"
1581495766.141707,"{'circle_3d': {'center': [-1.9109512295087938, 5.470078447615085, 57.89611647050994], 'normal': [-0.30640257931872833, 0.5778564433536734, -0.7564386229308188], 'radius': 2.6034891412940846}, 'confidence': 0.9995961963621849, 'timestamp': 360862.725339, 'diameter_3d': 5.206978282588169, 'ellipse': {'center': [139.80905370527404, 178.08039335982582], 'axes': [38.60105251090163, 55.79003352151885], 'angle': -62.81716662370279}, 'location': [139.80905370527404, 178.08039335982582], 'diameter': 55.79003352151885, 'sphere': {'center': [1.765879722315946, -1.4641988726289945, 66.97337994567977], 'radius': 12.0}, 'projected_sphere': {'center': [176.3474716181845, 106.4453115287556], 'axes': [222.17782665394446, 222.17782665394446], 'angle': 90.0}, 'model_confidence': 0.9722363860879879, 'model_id': 32, 'model_birth_timestamp': 360848.025353, 'theta': 2.1868961056531586, 'phi': -1.9556566373164381, 'norm_pos': [0.4369032928289814, 0.2579983610007257], 'topic': 'pupil.1', 'id': 1, 'method': '3d c++'}"
1581495766.149527,"{'circle_3d': {'center': [-1.9020658255064202, 5.460753499121619, 57.885409319231], 'normal': [-0.3056621289851972, 0.5770793643125511, -0.7573308855373974], 'radius': 2.6257465854531192}, 'confidence': 0.9999299121928665, 'timestamp': 360862.733739, 'diameter_3d': 5.2514931709062385, 'ellipse': {'center': [139.90500460010102, 177.9824616964168], 'axes': [39.001669217269715, 56.277756635139774], 'angle': -62.845858363721376}, 'location': [139.90500460010102, 177.9824616964168], 'diameter': 56.277756635139774, 'sphere': {'center': [1.765879722315946, -1.4641988726289945, 66.97337994567977], 'radius': 12.0}, 'projected_sphere': {'center': [176.3474716181845, 106.4453115287556], 'axes': [222.17782665394446, 222.17782665394446], 'angle': 90.0}, 'model_confidence': 0.9723449476458201, 'model_id': 32, 'model_birth_timestamp': 360848.025353, 'theta': 2.1859442850118738, 'phi': -1.9544061364174974, 'norm_pos': [0.4372031393753157, 0.25840640959826333], 'topic': 'pupil.1', 'id': 1, 'method': '3d c++'}"
1581495766.156855,"{'circle_3d': {'center': [-1.93424177000848, 5.43623633409268, 57.879805571437544], 'normal': [-0.30834345769370214, 0.5750362672268062, -0.7577978645201854], 'radius': 2.618431171727556}, 'confidence': 0.9999021381799247, 'timestamp': 360862.742139, 'diameter_3d': 5.236862343455112, 'ellipse': {'center': [139.55936382864442, 177.7295401086588], 'axes': [38.9324159213944, 56.12609713614202], 'angle': -62.5458951369763}, 'location': [139.55936382864442, 177.7295401086588], 'diameter': 56.12609713614202, 'sphere': {'center': [1.765879722315946, -1.4641988726289945, 66.97337994567977], 'radius': 12.0}, 'projected_sphere': {'center': [176.3474716181845, 106.4453115287556], 'axes': [222.17782665394446, 222.17782665394446], 'angle': 90.0}, 'model_confidence': 0.9723644756204131, 'model_id': 32, 'model_birth_timestamp': 360848.025353, 'theta': 2.1834448036837926, 'phi': -1.9572317036640143, 'norm_pos': [0.4361230119645138, 0.259460249547255], 'topic': 'pupil.1', 'id': 1, 'method': '3d c++'}"
1581495766.165558,"{'circle_3d': {'center': [-1.9341556744589903, 5.440951168378938, 57.88335018919488], 'normal': [-0.308336283064578, 0.5754291700839944, -0.7575024797070739], 'radius': 2.620562108815599}, 'confidence': 0.9996156451954904, 'timestamp': 360862.750539, 'diameter_3d': 5.241124217631198, 'ellipse': {'center': [139.56183515368264, 177.77564975305677], 'axes': [38.94075445297593, 56.16840373522828], 'angle': -62.56248366109855}, 'location': [139.56183515368264, 177.77564975305677], 'diameter': 56.16840373522828, 'sphere': {'center': [1.765879722315946, -1.4641988726289945, 66.97337994567977], 'radius': 12.0}, 'projected_sphere': {'center': [176.3474716181845, 106.4453115287556], 'axes': [222.17782665394446, 222.17782665394446], 'angle': 90.0}, 'model_confidence': 0.9724237414746706, 'model_id': 32, 'model_birth_timestamp': 360848.025353, 'theta': 2.1839251310236505, 'phi': -1.957359699672388, 'norm_pos': [0.4361307348552582, 0.2592681260289301], 'topic': 'pupil.1', 'id': 1, 'method': '3d c++'}"
1581495766.1734662,"{'circle_3d': {'center': [-1.9001228061310738, 5.4371594510875125, 57.86669675424893], 'normal': [-0.3055002107039183, 0.5751131936430423, -0.7588902659525698], 'radius': 2.56141579931195}, 'confidence': 0.9993579268232777, 'timestamp': 360862.758939, 'diameter_3d': 5.1228315986239, 'ellipse': {'center': [139.90648988823637, 177.7730698109413], 'axes': [38.165113236565304, 54.91539668726525], 'angle': -62.77951261990963}, 'location': [139.90648988823637, 177.7730698109413], 'diameter': 54.91539668726525, 'sphere': {'center': [1.765879722315946, -1.4641988726289945, 66.97337994567977], 'radius': 12.0}, 'projected_sphere': {'center': [176.3474716181845, 106.4453115287556], 'axes': [222.17782665394446, 222.17782665394446], 'angle': 90.0}, 'model_confidence': 0.9723118260033692, 'model_id': 32, 'model_birth_timestamp': 360848.025353, 'theta': 2.1835388341608706, 'phi': -1.9535091758853094, 'norm_pos': [0.43720778090073864, 0.25927887578774456], 'topic': 'pupil.1', 'id': 1, 'method': '3d c++'}"
1581495766.181961,"{'circle_3d': {'center': [-1.9478114816985561, 5.437180699636677, 57.88605593688931], 'normal': [-0.3094742670012085, 0.5751149643554726, -0.7572770007325378], 'radius': 2.596374167180509}, 'confidence': 0.9998400063188263, 'timestamp': 360862.767339, 'diameter_3d': 5.192748334361018, 'ellipse': {'center': [139.41223463991125, 177.74230811286287], 'axes': [38.56412606394981, 55.64689048482326], 'angle': -62.45766108571384}, 'location': [139.41223463991125, 177.74230811286287], 'diameter': 55.64689048482326, 'sphere': {'center': [1.765879722315946, -1.4641988726289945, 66.97337994567977], 'radius': 12.0}, 'projected_sphere': {'center': [176.3474716181845, 106.4453115287556], 'axes': [222.17782665394446, 222.17782665394446], 'angle': 90.0}, 'model_confidence': 0.972455095150293, 'model_id': 32, 'model_birth_timestamp': 360848.025353, 'theta': 2.183540998652243, 'phi': -1.9587520210183098, 'norm_pos': [0.43566323324972267, 0.25940704952973803], 'topic': 'pupil.1', 'id': 1, 'method': '3d c++'}"
1581495766.1894,"{'circle_3d': {'center': [-1.91814237568105, 5.449028061896033, 57.88298531545455], 'normal': [-0.3070018414997497, 0.5761022445437524, -0.7575328858521017], 'radius': 2.5921004644075754}, 'confidence': 0.9988390135399307, 'timestamp': 360862.775739, 'diameter_3d': 5.184200928815151, 'ellipse': {'center': [139.72610115658404, 177.87282317398956], 'axes': [38.5181774161881, 55.55824491640001], 'angle': -62.69779964398847}, 'location': [139.72610115658404, 177.87282317398956], 'diameter': 55.55824491640001, 'sphere': {'center': [1.765879722315946, -1.4641988726289945, 66.97337994567977], 'radius': 12.0}, 'projected_sphere': {'center': [176.3474716181845, 106.4453115287556], 'axes': [222.17782665394446, 222.17782665394446], 'angle': 90.0}, 'model_confidence': 0.9721553264274596, 'model_id': 32, 'model_birth_timestamp': 360848.025353, 'theta': 2.184748348219409, 'phi': -1.9558335542156953, 'norm_pos': [0.4366440661143251, 0.2588632367750435], 'topic': 'pupil.1', 'id': 1, 'method': '3d c++'}"
1581495766.200992,"{'circle_3d': {'center': [-1.9232386707735103, 5.4357968337111195, 57.87500290720433], 'normal': [-0.3074265327574547, 0.5749996421950095, -0.7581980865396196], 'radius': 2.621459323855695}, 'confidence': 0.9995487908755415, 'timestamp': 360862.784139, 'diameter_3d': 5.24291864771139, 'ellipse': {'center': [139.6756086269089, 177.72808676265797], 'axes': [39.00833215216791, 56.195725326678904], 'angle': -62.61865518557783}, 'location': [139.6756086269089, 177.72808676265797], 'diameter': 56.195725326678904, 'sphere': {'center': [1.765879722315946, -1.4641988726289945, 66.97337994567977], 'radius': 12.0}, 'projected_sphere': {'center': [176.3474716181845, 106.4453115287556], 'axes': [222.17782665394446, 222.17782665394446], 'angle': 90.0}, 'model_confidence': 0.9721351747910445, 'model_id': 32, 'model_birth_timestamp': 360848.025353, 'theta': 2.1834000375111904, 'phi': -1.9560092572835734, 'norm_pos': [0.43648627695909037, 0.25946630515559177], 'topic': 'pupil.1', 'id': 1, 'method': '3d c++'}"
1581495766.209482,"{'circle_3d': {'center': [-1.9309363881862758, 5.468653226837433, 57.9031477318908], 'normal': [-0.30806800920851846, 0.5777376749555356, -0.7558526844824143], 'radius': 2.6729455993669466}, 'confidence': 0.9999019195806339, 'timestamp': 360862.792539, 'diameter_3d': 5.345891198733893, 'ellipse': {'center': [139.61345302940958, 178.03186428430294], 'axes': [39.58711047195919, 57.272784918044174], 'angle': -62.67785463647073}, 'location': [139.61345302940958, 178.03186428430294], 'diameter': 57.272784918044174, 'sphere': {'center': [1.765879722315946, -1.4641988726289945, 66.97337994567977], 'radius': 12.0}, 'projected_sphere': {'center': [176.3474716181845, 106.4453115287556], 'axes': [222.17782665394446, 222.17782665394446], 'angle': 90.0}, 'model_confidence': 0.9724194810300957, 'model_id': 32, 'model_birth_timestamp': 360848.025353, 'theta': 2.1867505883284117, 'phi': -1.9578173045429161, 'norm_pos': [0.43629204071690497, 0.25820056548207104], 'topic': 'pupil.1', 'id': 1, 'method': '3d c++'}"
1581495766.217721,"{'circle_3d': {'center': [-1.928833371563644, 5.486554801677951, 57.91600071584605], 'normal': [-0.30789275782329917, 0.5792294728589121, -0.754781602486143], 'radius': 2.6142277691649967}, 'confidence': 0.9995964244768802, 'timestamp': 360862.800939, 'diameter_3d': 5.228455538329993, 'ellipse': {'center': [139.6272341236272, 178.23322424365975], 'axes': [38.6312862367256, 56.00121657184401], 'angle': -62.75208252786592}, 'location': [139.6272341236272, 178.23322424365975], 'diameter': 56.00121657184401, 'sphere': {'center': [1.765879722315946, -1.4641988726289945, 66.97337994567977], 'radius': 12.0}, 'projected_sphere': {'center': [176.3474716181845, 106.4453115287556], 'axes': [222.17782665394446, 222.17782665394446], 'angle': 90.0}, 'model_confidence': 0.9723266389686236, 'model_id': 32, 'model_birth_timestamp': 360848.025353, 'theta': 2.1885794584261093, 'phi': -1.95811414109126, 'norm_pos': [0.436335106636335, 0.25736156565141777], 'topic': 'pupil.1', 'id': 1, 'method': '3d c++'}"
1581495766.2249632,"{'circle_3d': {'center': [-1.913165024242543, 5.531980155548258, 57.94464200737891], 'normal': [-0.3065870622132074, 0.583014919014771, -0.7523948281917381], 'radius': 2.6210788335025734}, 'confidence': 0.9999030399421245, 'timestamp': 360862.809339, 'diameter_3d': 5.242157667005147, 'ellipse': {'center': [139.8040912060544, 178.6870775270618], 'axes': [38.54287754485365, 56.120646676322586], 'angle': -63.0084377234878}, 'location': [139.8040912060544, 178.6870775270618], 'diameter': 56.120646676322586, 'sphere': {'center': [1.765879722315946, -1.4641988726289945, 66.97337994567977], 'radius': 12.0}, 'projected_sphere': {'center': [176.3474716181845, 106.4453115287556], 'axes': [222.17782665394446, 222.17782665394446], 'angle': 90.0}, 'model_confidence': 0.9725355905717992, 'model_id': 32, 'model_birth_timestamp': 360848.025353, 'theta': 2.1932309439301028, 'phi': -1.957735689653312, 'norm_pos': [0.43688778501892, 0.2554705103039091], 'topic': 'pupil.1', 'id': 1, 'method': '3d c++'}"
1581495766.2337952,"{'circle_3d': {'center': [-1.9250037154736528, 5.529645802631791, 57.94766578518383], 'normal': [-0.3075736198157999, 0.5828203896050654, -0.7521428467079945], 'radius': 2.645899222403923}, 'confidence': 0.9999649719353376, 'timestamp': 360862.817739, 'diameter_3d': 5.291798444807846, 'ellipse': {'center': [139.68442660683004, 178.64986055852344], 'axes': [38.88943364330396, 56.649587715334825], 'angle': -62.921425455225304}, 'location': [139.68442660683004, 178.64986055852344], 'diameter': 56.649587715334825, 'sphere': {'center': [1.765879722315946, -1.4641988726289945, 66.97337994567977], 'radius': 12.0}, 'projected_sphere': {'center': [176.3474716181845, 106.4453115287556], 'axes': [222.17782665394446, 222.17782665394446], 'angle': 90.0}, 'model_confidence': 0.972630483472825, 'model_id': 32, 'model_birth_timestamp': 360848.025353, 'theta': 2.192991532320502, 'phi': -1.9589770205158201, 'norm_pos': [0.4365138331463439, 0.2556255810061523], 'topic': 'pupil.1', 'id': 1, 'method': '3d c++'}"
1581495766.24133,"{'circle_3d': {'center': [-1.965967646892145, 5.530936536111955, 57.96552804712408], 'normal': [-0.3109872807673409, 0.5829279507284125, -0.7506543248796402], 'radius': 2.6568703628709973}, 'confidence': 0.9997135347828567, 'timestamp': 360862.826139, 'diameter_3d': 5.313740725741995, 'ellipse': {'center': [139.25703441849714, 178.64278041845995], 'axes': [38.93540064385684, 56.86716938606374], 'angle': -62.652160616945466}, 'location': [139.25703441849714, 178.64278041845995], 'diameter': 56.86716938606374, 'sphere': {'center': [1.765879722315946, -1.4641988726289945, 66.97337994567977], 'radius': 12.0}, 'projected_sphere': {'center': [176.3474716181845, 106.4453115287556], 'axes': [222.17782665394446, 222.17782665394446], 'angle': 90.0}, 'model_confidence': 0.9725730567265667, 'model_id': 32, 'model_birth_timestamp': 360848.025353, 'theta': 2.1931239050707654, 'phi': -1.9635591727853186, 'norm_pos': [0.4351782325578036, 0.25565508158975025], 'topic': 'pupil.1', 'id': 1, 'method': '3d c++'}"
1581495766.2492359,"{'circle_3d': {'center': [-1.9269659467105285, 5.572859559019215, 57.982123109490445], 'normal': [-0.3077371390855395, 0.5864215359706841, -0.749271403015777], 'radius': 2.576150765829629}, 'confidence': 0.9988929788707686, 'timestamp': 360862.834539, 'diameter_3d': 5.152301531659258, 'ellipse': {'center': [139.65964224941482, 179.10371765470916], 'axes': [37.64016229438439, 55.122433595062525], 'angle': -63.0507526536749}, 'location': [139.65964224941482, 179.10371765470916], 'diameter': 55.122433595062525, 'sphere': {'center': [1.765879722315946, -1.4641988726289945, 66.97337994567977], 'radius': 12.0}, 'projected_sphere': {'center': [176.3474716181845, 106.4453115287556], 'axes': [222.17782665394446, 222.17782665394446], 'angle': 90.0}, 'model_confidence': 0.972510717101549, 'model_id': 32, 'model_birth_timestamp': 360848.025353, 'theta': 2.197430241578776, 'phi': -1.9605056632602302, 'norm_pos': [0.4364363820294213, 0.25373450977204515], 'topic': 'pupil.1', 'id': 1, 'method': '3d c++'}"
1581495766.257445,"{'circle_3d': {'center': [-1.9314544649797332, 5.538874304854634, 57.95746701474127], 'normal': [-0.3081111822746399, 0.5835894314569691, -0.7513260775782079], 'radius': 2.627852547979438}, 'confidence': 0.9999664603250539, 'timestamp': 360862.842939, 'diameter_3d': 5.255705095958876, 'ellipse': {'center': [139.61507516917908, 178.74583417903892], 'axes': [38.55964275168098, 56.25339818737332], 'angle': -62.908825076702726}, 'location': [139.61507516917908, 178.74583417903892], 'diameter': 56.25339818737332, 'sphere': {'center': [1.765879722315946, -1.4641988726289945, 66.97337994567977], 'radius': 12.0}, 'projected_sphere': {'center': [176.3474716181845, 106.4453115287556], 'axes': [222.17782665394446, 222.17782665394446], 'angle': 90.0}, 'model_confidence': 0.97255579303126, 'model_id': 32, 'model_birth_timestamp': 360848.025353, 'theta': 2.1939382492763984, 'phi': -1.9599704567729936, 'norm_pos': [0.43629710990368464, 0.25522569092067116], 'topic': 'pupil.1', 'id': 1, 'method': '3d c++'}"
1581495766.26492,"{'circle_3d': {'center': [-1.9283147181931792, 5.527904701465063, 57.9476713837522], 'normal': [-0.30784953670909376, 0.5826752978411714, -0.7521423801606304], 'radius': 2.5987158959341308}, 'confidence': 0.9985417991765642, 'timestamp': 360862.851339, 'diameter_3d': 5.1974317918682615, 'ellipse': {'center': [139.6393025200014, 178.64951443541585], 'axes': [38.194944474699874, 55.638468205762386], 'angle': -62.893441812768565}, 'location': [139.6393025200014, 178.64951443541585], 'diameter': 55.638468205762386, 'sphere': {'center': [1.765879722315946, -1.4641988726289945, 66.97337994567977], 'radius': 12.0}, 'projected_sphere': {'center': [176.3474716181845, 106.4453115287556], 'axes': [222.17782665394446, 222.17782665394446], 'angle': 90.0}, 'model_confidence': 0.9722397802726768, 'model_id': 32, 'model_birth_timestamp': 360848.025353, 'theta': 2.192812991468937, 'phi': -1.9592914827587486, 'norm_pos': [0.43637282037500436, 0.25562702318576724], 'topic': 'pupil.1', 'id': 1, 'method': '3d c++'}"
1581495766.273342,"{'circle_3d': {'center': [-1.9489094690687272, 5.532156018226337, 57.95942634557863], 'normal': [-0.30956576594872276, 0.5830295742379443, -0.7511628000084283], 'radius': 2.622371758821049}, 'confidence': 0.9997483978682444, 'timestamp': 360862.859739, 'diameter_3d': 5.244743517642098, 'ellipse': {'center': [139.42902968577988, 178.67472918259116], 'axes': [38.4676340495963, 56.1340233317845], 'angle': -62.76993398775579}, 'location': [139.42902968577988, 178.67472918259116], 'diameter': 56.1340233317845, 'sphere': {'center': [1.765879722315946, -1.4641988726289945, 66.97337994567977], 'radius': 12.0}, 'projected_sphere': {'center': [176.3474716181845, 106.4453115287556], 'axes': [222.17782665394446, 222.17782665394446], 'angle': 90.0}, 'model_confidence': 0.972171303635172, 'model_id': 32, 'model_birth_timestamp': 360848.025353, 'theta': 2.1932489821004832, 'phi': -1.961703196595499, 'norm_pos': [0.4357157177680621, 0.2555219617392035], 'topic': 'pupil.1', 'id': 1, 'method': '3d c++'}"
1581495766.2851598,"{'circle_3d': {'center': [-1.964582069541209, 5.522763061623836, 57.95861329596576], 'normal': [-0.31087181598809627, 0.5822468278544025, -0.7512305541428337], 'radius': 2.633777053790968}, 'confidence': 0.9998199217813708, 'timestamp': 360862.868139, 'diameter_3d': 5.267554107581936, 'ellipse': {'center': [139.26464302213788, 178.57127351948913], 'axes': [38.64190019288853, 56.37910983391784], 'angle': -62.63406896252709}, 'location': [139.26464302213788, 178.57127351948913], 'diameter': 56.37910983391784, 'sphere': {'center': [1.765879722315946, -1.4641988726289945, 66.97337994567977], 'radius': 12.0}, 'projected_sphere': {'center': [176.3474716181845, 106.4453115287556], 'axes': [222.17782665394446, 222.17782665394446], 'angle': 90.0}, 'model_confidence': 0.9721234836627568, 'model_id': 32, 'model_birth_timestamp': 360848.025353, 'theta': 2.1922858764243194, 'phi': -1.9631566940449985, 'norm_pos': [0.43520200944418086, 0.25595302700212863], 'topic': 'pupil.1', 'id': 1, 'method': '3d c++'}"
1581495766.293677,"{'circle_3d': {'center': [-1.9674211552011591, 5.508785611402734, 57.948971270127515], 'normal': [-0.31110840645975874, 0.5810820403359774, -0.752034056296021], 'radius': 2.608766481002656}, 'confidence': 0.9996262403259768, 'timestamp': 360862.876539, 'diameter_3d': 5.217532962005312, 'ellipse': {'center': [139.22611742826592, 178.44123638122122], 'axes': [38.33761477270808, 55.8524571201738], 'angle': -62.568283865285814}, 'location': [139.22611742826592, 178.44123638122122], 'diameter': 55.8524571201738, 'sphere': {'center': [1.765879722315946, -1.4641988726289945, 66.97337994567977], 'radius': 12.0}, 'projected_sphere': {'center': [176.3474716181845, 106.4453115287556], 'axes': [222.17782665394446, 222.17782665394446], 'angle': 90.0}, 'model_confidence': 0.9720830419670423, 'model_id': 32, 'model_birth_timestamp': 360848.025353, 'theta': 2.1908539284702306, 'phi': -1.9630477989161943, 'norm_pos': [0.43508161696333103, 0.2564948484115782], 'topic': 'pupil.1', 'id': 1, 'method': '3d c++'}"
1581495766.301149,"{'circle_3d': {'center': [-1.9697103777110854, 5.511821105007643, 57.9522651655545], 'normal': [-0.3112991750022526, 0.5813349981363864, -0.7517595650104391], 'radius': 2.6251012639949693}, 'confidence': 0.9996165678569225, 'timestamp': 360862.884939, 'diameter_3d': 5.250202527989939, 'ellipse': {'center': [139.2062927604402, 178.46419835943038], 'axes': [38.55659142491508, 56.19931267298754], 'angle': -62.563213843727155}, 'location': [139.2062927604402, 178.46419835943038], 'diameter': 56.19931267298754, 'sphere': {'center': [1.765879722315946, -1.4641988726289945, 66.97337994567977], 'radius': 12.0}, 'projected_sphere': {'center': [176.3474716181845, 106.4453115287556], 'axes': [222.17782665394446, 222.17782665394446], 'angle': 90.0}, 'model_confidence': 0.9721604235348846, 'model_id': 32, 'model_birth_timestamp': 360848.025353, 'theta': 2.19116478113064, 'phi': -1.9633934077327266, 'norm_pos': [0.4350196648763756, 0.2563991735023734], 'topic': 'pupil.1', 'id': 1, 'method': '3d c++'}"
1581495766.3096042,"{'circle_3d': {'center': [-1.9415631837903458, 5.500619273675234, 57.93202079526032], 'normal': [-0.30895357550885766, 0.5804015121920191, -0.7534465958682872], 'radius': 2.691014572055404}, 'confidence': 0.9998059278889126, 'timestamp': 360862.893339, 'diameter_3d': 5.382029144110808, 'ellipse': {'center': [139.51330421858145, 178.3381240932998], 'axes': [39.660842266473786, 57.631781318857655], 'angle': -62.713875791090196}, 'location': [139.51330421858145, 178.3381240932998], 'diameter': 57.631781318857655, 'sphere': {'center': [1.765879722315946, -1.4641988726289945, 66.97337994567977], 'radius': 12.0}, 'projected_sphere': {'center': [176.3474716181845, 106.4453115287556], 'axes': [222.17782665394446, 222.17782665394446], 'angle': 90.0}, 'model_confidence': 0.9721395751193129, 'model_id': 32, 'model_birth_timestamp': 360848.025353, 'theta': 2.190017988941537, 'phi': -1.9599395417102714, 'norm_pos': [0.43597907568306704, 0.25692448294458414], 'topic': 'pupil.1', 'id': 1, 'method': '3d c++'}"
1581495766.31774,"{'circle_3d': {'center': [-1.9822324859198572, 5.505836376318776, 57.95283320488299], 'normal': [-0.31234268401965026, 0.5808362707456475, -0.7517122283997313], 'radius': 2.6357046624990823}, 'confidence': 0.9996199814879043, 'timestamp': 360862.901739, 'diameter_3d': 5.271409324998165, 'ellipse': {'center': [139.07565405991528, 178.3959887376024], 'axes': [38.70988267105282, 56.42592522625694], 'angle': -62.459630849396376}, 'location': [139.07565405991528, 178.3959887376024], 'diameter': 56.42592522625694, 'sphere': {'center': [1.765879722315946, -1.4641988726289945, 66.97337994567977], 'radius': 12.0}, 'projected_sphere': {'center': [176.3474716181845, 106.4453115287556], 'axes': [222.17782665394446, 222.17782665394446], 'angle': 90.0}, 'model_confidence': 0.972062808984242, 'model_id': 32, 'model_birth_timestamp': 360848.025353, 'theta': 2.19055197526319, 'phi': -1.9646000458630142, 'norm_pos': [0.43461141893723526, 0.25668338025998994], 'topic': 'pupil.1', 'id': 1, 'method': '3d c++'}"
1581495766.325282,"{'circle_3d': {'center': [-1.9856873782670792, 5.514714724551627, 57.96113775558575], 'normal': [-0.3126305917152521, 0.5815761330983852, -0.7510201825078343], 'radius': 2.6457811034074585}, 'confidence': 0.999845013735551, 'timestamp': 360862.910139, 'diameter_3d': 5.291562206814917, 'ellipse': {'center': [139.04374286623874, 178.478781918279], 'axes': [38.803334648307406, 56.63378149576724], 'angle': -62.46650952722747}, 'location': [139.04374286623874, 178.478781918279], 'diameter': 56.63378149576724, 'sphere': {'center': [1.765879722315946, -1.4641988726289945, 66.97337994567977], 'radius': 12.0}, 'projected_sphere': {'center': [176.3474716181845, 106.4453115287556], 'axes': [222.17782665394446, 222.17782665394446], 'angle': 90.0}, 'model_confidence': 0.972143458043051, 'model_id': 32, 'model_birth_timestamp': 360848.025353, 'theta': 2.191461169327352, 'phi': -1.9652532923779618, 'norm_pos': [0.43451169645699605, 0.2563384086738375], 'topic': 'pupil.1', 'id': 1, 'method': '3d c++'}"
1581495766.3336241,"{'circle_3d': {'center': [-2.0163274983148742, 5.487425142893219, 57.952857117870785], 'normal': [-0.3151839350525683, 0.5793020012935178, -0.7517102356507483], 'radius': 2.631253781059142}, 'confidence': 0.9995556892177597, 'timestamp': 360862.918539, 'diameter_3d': 5.262507562118284, 'ellipse': {'center': [138.7123527268611, 178.2020092581209], 'axes': [38.647012936411066, 56.330408309277416], 'angle': -62.170424068935695}, 'location': [138.7123527268611, 178.2020092581209], 'diameter': 56.330408309277416, 'sphere': {'center': [1.765879722315946, -1.4641988726289945, 66.97337994567977], 'radius': 12.0}, 'projected_sphere': {'center': [176.3474716181845, 106.4453115287556], 'axes': [222.17782665394446, 222.17782665394446], 'angle': 90.0}, 'model_confidence': 0.9720286483039464, 'model_id': 32, 'model_birth_timestamp': 360848.025353, 'theta': 2.188668435220981, 'phi': -1.9678198941364997, 'norm_pos': [0.43347610227144096, 0.2574916280911629], 'topic': 'pupil.1', 'id': 1, 'method': '3d c++'}"
1581495766.341645,"{'circle_3d': {'center': [-2.0065139908069103, 5.505769733121561, 57.96290918616654], 'normal': [-0.314366142760238, 0.5808307171458796, -0.7508725632927685], 'radius': 2.6343671059400067}, 'confidence': 0.9996097941902696, 'timestamp': 360862.926939, 'diameter_3d': 5.268734211880013, 'ellipse': {'center': [138.8205546149021, 178.3865010772774], 'axes': [38.62563619028768, 56.38745686972796], 'angle': -62.297858071442}, 'location': [138.8205546149021, 178.3865010772774], 'diameter': 56.38745686972796, 'sphere': {'center': [1.765879722315946, -1.4641988726289945, 66.97337994567977], 'radius': 12.0}, 'projected_sphere': {'center': [176.3474716181845, 106.4453115287556], 'axes': [222.17782665394446, 222.17782665394446], 'angle': 90.0}, 'model_confidence': 0.9719963647868979, 'model_id': 32, 'model_birth_timestamp': 360848.025353, 'theta': 2.1905451528467155, 'phi': -1.967291317741902, 'norm_pos': [0.4338142331715691, 0.2567229121780109], 'topic': 'pupil.1', 'id': 1, 'method': '3d c++'}"
1581495766.349151,"{'circle_3d': {'center': [-2.0166670596802607, 5.483404183323392, 57.94990214502379], 'normal': [-0.3152122318330172, 0.5789669213293656, -0.751956483387998], 'radius': 2.6436080935570385}, 'confidence': 0.9996533875570348, 'timestamp': 360862.935339, 'diameter_3d': 5.287216187114077, 'ellipse': {'center': [138.71046195030218, 178.1572391928948], 'axes': [38.848416562413426, 56.59799093375362], 'angle': -62.15449065013909}, 'location': [138.71046195030218, 178.1572391928948], 'diameter': 56.59799093375362, 'sphere': {'center': [1.765879722315946, -1.4641988726289945, 66.97337994567977], 'radius': 12.0}, 'projected_sphere': {'center': [176.3474716181845, 106.4453115287556], 'axes': [222.17782665394446, 222.17782665394446], 'angle': 90.0}, 'model_confidence': 0.9720763130070087, 'model_id': 32, 'model_birth_timestamp': 360848.025353, 'theta': 2.188257411175705, 'phi': -1.9677351182134313, 'norm_pos': [0.4334701935946943, 0.257678170029605], 'topic': 'pupil.1', 'id': 1, 'method': '3d c++'}"
1581495766.35724,"{'circle_3d': {'center': [-2.0124733992512773, 5.493868838912825, 57.956210688626726], 'normal': [-0.31486276013060194, 0.5798389759618183, -0.7514307714210864], 'radius': 2.651493749059062}, 'confidence': 0.9996391138689236, 'timestamp': 360862.943739, 'diameter_3d': 5.302987498118124, 'ellipse': {'center': [138.75877559638528, 178.25960508310067], 'axes': [38.92221909031709, 56.760860669395186], 'angle': -62.21795501791399}, 'location': [138.75877559638528, 178.25960508310067], 'diameter': 56.760860669395186, 'sphere': {'center': [1.765879722315946, -1.4641988726289945, 66.97337994567977], 'radius': 12.0}, 'projected_sphere': {'center': [176.3474716181845, 106.4453115287556], 'axes': [222.17782665394446, 222.17782665394446], 'angle': 90.0}, 'model_confidence': 0.972222554678559, 'model_id': 32, 'model_birth_timestamp': 360848.025353, 'theta': 2.1893273628470866, 'phi': -1.967588982638101, 'norm_pos': [0.433621173738704, 0.25725164548708057], 'topic': 'pupil.1', 'id': 1, 'method': '3d c++'}"
1581495766.369146,"{'circle_3d': {'center': [-1.9780640278581456, 5.484286262613784, 57.934495085209285], 'normal': [-0.31199531251450763, 0.5790404279368982, -0.7532404050392069], 'radius': 2.6545454695417257}, 'confidence': 0.9996276349067421, 'timestamp': 360862.952139, 'diameter_3d': 5.309090939083451, 'ellipse': {'center': [139.11820302398715, 178.17652790706796], 'axes': [39.10890000870154, 56.8474900171617], 'angle': -62.41472022162342}, 'location': [139.11820302398715, 178.17652790706796], 'diameter': 56.8474900171617, 'sphere': {'center': [1.765879722315946, -1.4641988726289945, 66.97337994567977], 'radius': 12.0}, 'projected_sphere': {'center': [176.3474716181845, 106.4453115287556], 'axes': [222.17782665394446, 222.17782665394446], 'angle': 90.0}, 'model_confidence': 0.972442668279927, 'model_id': 32, 'model_birth_timestamp': 360848.025353, 'theta': 2.188347567387921, 'phi': -1.9634873867418232, 'norm_pos': [0.43474438444995983, 0.2575978003872168], 'topic': 'pupil.1', 'id': 1, 'method': '3d c++'}"
1581495766.3776581,"{'circle_3d': {'center': [-1.9894980286813115, 5.4854404101786685, 57.94012738715073], 'normal': [-0.3129481459164381, 0.5791366069006386, -0.7527710465440862], 'radius': 2.6518222604810124}, 'confidence': 0.9994919520443576, 'timestamp': 360862.960539, 'diameter_3d': 5.303644520962025, 'ellipse': {'center': [138.99786611422905, 178.18468100349597], 'axes': [39.03215567878341, 56.78360483031543], 'angle': -62.34231625994749}, 'location': [138.99786611422905, 178.18468100349597], 'diameter': 56.78360483031543, 'sphere': {'center': [1.765879722315946, -1.4641988726289945, 66.97337994567977], 'radius': 12.0}, 'projected_sphere': {'center': [176.3474716181845, 106.4453115287556], 'axes': [222.17782665394446, 222.17782665394446], 'angle': 90.0}, 'model_confidence': 0.9725100185363655, 'model_id': 32, 'model_birth_timestamp': 360848.025353, 'theta': 2.188465540074491, 'phi': -1.9647875328049085, 'norm_pos': [0.4343683316069658, 0.2575638291521002], 'topic': 'pupil.1', 'id': 1, 'method': '3d c++'}"
1581495766.385869,"{'circle_3d': {'center': [-1.9969917000128967, 5.509792700276835, 57.96204041151175], 'normal': [-0.31357261852740353, 0.5811659644088191, -0.7509449611806678], 'radius': 2.6713313360047817}, 'confidence': 0.999834359377275, 'timestamp': 360862.968939, 'diameter_3d': 5.342662672009563, 'ellipse': {'center': [138.9294531648822, 178.41572931314968], 'axes': [39.173641322929065, 57.18027294934928], 'angle': -62.374764052256005}, 'location': [138.9294531648822, 178.41572931314968], 'diameter': 57.18027294934928, 'sphere': {'center': [1.765879722315946, -1.4641988726289945, 66.97337994567977], 'radius': 12.0}, 'projected_sphere': {'center': [176.3474716181845, 106.4453115287556], 'axes': [222.17782665394446, 222.17782665394446], 'angle': 90.0}, 'model_confidence': 0.9725736287323428, 'model_id': 32, 'model_birth_timestamp': 360848.025353, 'theta': 2.1909570527311795, 'phi': -1.9663575059313279, 'norm_pos': [0.43415454114025687, 0.2566011278618763], 'topic': 'pupil.1', 'id': 1, 'method': '3d c++'}"
1581495766.392971,"{'circle_3d': {'center': [-1.9639057659656485, 5.4696729109482565, 57.91743591425404], 'normal': [-0.31081545735679955, 0.5778226486314376, -0.7546620026188106], 'radius': 2.613864936021307}, 'confidence': 0.999095687351056, 'timestamp': 360862.977339, 'diameter_3d': 5.227729872042614, 'ellipse': {'center': [139.25461396765857, 178.0525050442098], 'axes': [38.61935228570774, 55.991934616219105], 'angle': -62.459923255593424}, 'location': [139.25461396765857, 178.0525050442098], 'diameter': 55.991934616219105, 'sphere': {'center': [1.765879722315946, -1.4641988726289945, 66.97337994567977], 'radius': 12.0}, 'projected_sphere': {'center': [176.3474716181845, 106.4453115287556], 'axes': [222.17782665394446, 222.17782665394446], 'angle': 90.0}, 'model_confidence': 0.9723222867231929, 'model_id': 32, 'model_birth_timestamp': 360848.025353, 'theta': 2.1868546981838293, 'phi': -1.9614852605174316, 'norm_pos': [0.43517066864893306, 0.25811456231579255], 'topic': 'pupil.1', 'id': 1, 'method': '3d c++'}"
1581495766.4014819,"{'circle_3d': {'center': [-1.9756719657036281, 5.471793820218158, 57.92391607588898], 'normal': [-0.31179597400163117, 0.5779993910705961, -0.7541219891492318], 'radius': 2.6658274319324935}, 'confidence': 0.9998056115525608, 'timestamp': 360862.985739, 'diameter_3d': 5.331654863864987, 'ellipse': {'center': [139.14273558892944, 178.0490365828925], 'axes': [39.34604535028461, 57.09966040796129], 'angle': -62.38840281773555}, 'location': [139.14273558892944, 178.0490365828925], 'diameter': 57.09966040796129, 'sphere': {'center': [1.765879722315946, -1.4641988726289945, 66.97337994567977], 'radius': 12.0}, 'projected_sphere': {'center': [176.3474716181845, 106.4453115287556], 'axes': [222.17782665394446, 222.17782665394446], 'angle': 90.0}, 'model_confidence': 0.972273407598534, 'model_id': 32, 'model_birth_timestamp': 360848.025353, 'theta': 2.1870712678289395, 'phi': -1.9628482902371711, 'norm_pos': [0.4348210487154045, 0.2581290142379479], 'topic': 'pupil.1', 'id': 1, 'method': '3d c++'}"
1581495766.409319,"{'circle_3d': {'center': [-1.9794118203113606, 5.485058223152269, 57.935646984507585], 'normal': [-0.31210762855227553, 0.579104757981772, -0.7531444134310152], 'radius': 2.6588875544490023}, 'confidence': 0.999617760371925, 'timestamp': 360862.994139, 'diameter_3d': 5.3177751088980045, 'ellipse': {'center': [139.10518159808146, 178.18198889576246], 'axes': [39.1654098966581, 56.93943398018907], 'angle': -62.40833513295567}, 'location': [139.10518159808146, 178.18198889576246], 'diameter': 56.93943398018907, 'sphere': {'center': [1.765879722315946, -1.4641988726289945, 66.97337994567977], 'radius': 12.0}, 'projected_sphere': {'center': [176.3474716181845, 106.4453115287556], 'axes': [222.17782665394446, 222.17782665394446], 'angle': 90.0}, 'model_confidence': 0.972387903620131, 'model_id': 32, 'model_birth_timestamp': 360848.025353, 'theta': 2.1884264732383096, 'phi': -1.963659726490132, 'norm_pos': [0.43470369249400453, 0.25757504626765637], 'topic': 'pupil.1', 'id': 1, 'method': '3d c++'}"
1581495766.417665,"{'circle_3d': {'center': [-1.9451399084011427, 5.513831888723834, 57.94368338410882], 'normal': [-0.30925163589309074, 0.581502563446069, -0.752474713464245], 'radius': 2.6439182651563633}, 'confidence': 0.9994020704341653, 'timestamp': 360863.002539, 'diameter_3d': 5.287836530312727, 'ellipse': {'center': [139.46875936075486, 178.4862370029699], 'axes': [38.88835764350218, 56.61091981571795], 'angle': -62.73406688051493}, 'location': [139.46875936075486, 178.4862370029699], 'diameter': 56.61091981571795, 'sphere': {'center': [1.765879722315946, -1.4641988726289945, 66.97337994567977], 'radius': 12.0}, 'projected_sphere': {'center': [176.3474716181845, 106.4453115287556], 'axes': [222.17782665394446, 222.17782665394446], 'angle': 90.0}, 'model_confidence': 0.9722473390524566, 'model_id': 32, 'model_birth_timestamp': 360848.025353, 'theta': 2.1913707354004286, 'phi': -1.9607317588278392, 'norm_pos': [0.43583987300235894, 0.2563073458209588], 'topic': 'pupil.1', 'id': 1, 'method': '3d c++'}"
1581495766.4251,"{'circle_3d': {'center': [-1.9578095089087293, 5.509426926351543, 57.94549637725386], 'normal': [-0.3103074359353896, 0.5811354832483782, -0.7523236307021586], 'radius': 2.6451908958509485}, 'confidence': 0.9994970144861375, 'timestamp': 360863.010939, 'diameter_3d': 5.290381791701897, 'ellipse': {'center': [139.33493837164252, 178.43725201953316], 'axes': [38.896125944410436, 56.6363905984466], 'angle': -62.63464496169835}, 'location': [139.33493837164252, 178.43725201953316], 'diameter': 56.6363905984466, 'sphere': {'center': [1.765879722315946, -1.4641988726289945, 66.97337994567977], 'radius': 12.0}, 'projected_sphere': {'center': [176.3474716181845, 106.4453115287556], 'axes': [222.17782665394446, 222.17782665394446], 'angle': 90.0}, 'model_confidence': 0.9721925526979813, 'model_id': 32, 'model_birth_timestamp': 360848.025353, 'theta': 2.1909195971985946, 'phi': -1.962002301269267, 'norm_pos': [0.4354216824113829, 0.25651144991861186], 'topic': 'pupil.1', 'id': 1, 'method': '3d c++'}"
1581495766.433556,"{'circle_3d': {'center': [-1.9205994026126356, 5.513875233139231, 57.93367013640642], 'normal': [-0.30720659374404846, 0.5815061754806855, -0.7533091507727789], 'radius': 2.647692833796934}, 'confidence': 0.9997517269013594, 'timestamp': 360863.019339, 'diameter_3d': 5.295385667593868, 'ellipse': {'center': [139.727321608378, 178.49447969741232], 'axes': [39.00848181458701, 56.70161750318766], 'angle': -62.89859155286668}, 'location': [139.727321608378, 178.49447969741232], 'diameter': 56.70161750318766, 'sphere': {'center': [1.765879722315946, -1.4641988726289945, 66.97337994567977], 'radius': 12.0}, 'projected_sphere': {'center': [176.3474716181845, 106.4453115287556], 'axes': [222.17782665394446, 222.17782665394446], 'angle': 90.0}, 'model_confidence': 0.9722671098629232, 'model_id': 32, 'model_birth_timestamp': 360848.025353, 'theta': 2.1913751752805255, 'phi': -1.9580168104693878, 'norm_pos': [0.4366478800261812, 0.256273001260782], 'topic': 'pupil.1', 'id': 1, 'method': '3d c++'}"
1581495766.441204,"{'circle_3d': {'center': [-1.934964488392646, 5.514363859182264, 57.93991912901379], 'normal': [-0.308403684225716, 0.5815468943176049, -0.752788401388832], 'radius': 2.693278048272211}, 'confidence': 0.9997755860840953, 'timestamp': 360863.027739, 'diameter_3d': 5.386556096544422, 'ellipse': {'center': [139.58635735510794, 178.47603907285645], 'axes': [39.64030305550161, 57.67253333230006], 'angle': -62.80398563810376}, 'location': [139.58635735510794, 178.47603907285645], 'diameter': 57.67253333230006, 'sphere': {'center': [1.765879722315946, -1.4641988726289945, 66.97337994567977], 'radius': 12.0}, 'projected_sphere': {'center': [176.3474716181845, 106.4453115287556], 'axes': [222.17782665394446, 222.17782665394446], 'angle': 90.0}, 'model_confidence': 0.972346340757746, 'model_id': 32, 'model_birth_timestamp': 360848.025353, 'theta': 2.1914252274792907, 'phi': -1.9596210929980704, 'norm_pos': [0.4362073667347123, 0.25634983719643145], 'topic': 'pupil.1', 'id': 1, 'method': '3d c++'}"
1581495766.452731,"{'circle_3d': {'center': [-1.9071966997980787, 5.483480485076822, 57.904848579476166], 'normal': [-0.3060897018428354, 0.5789732798088181, -0.7557109471836333], 'radius': 2.6441109982550253}, 'confidence': 0.9992339146562067, 'timestamp': 360863.036139, 'diameter_3d': 5.2882219965100505, 'ellipse': {'center': [139.86025016380356, 178.19925047502198], 'axes': [39.146007618044436, 56.65283219605248], 'angle': -62.887381728348956}, 'location': [139.86025016380356, 178.19925047502198], 'diameter': 56.65283219605248, 'sphere': {'center': [1.765879722315946, -1.4641988726289945, 66.97337994567977], 'radius': 12.0}, 'projected_sphere': {'center': [176.3474716181845, 106.4453115287556], 'axes': [222.17782665394446, 222.17782665394446], 'angle': 90.0}, 'model_confidence': 0.9721449533469761, 'model_id': 32, 'model_birth_timestamp': 360848.025353, 'theta': 2.1882652096536797, 'phi': -1.9556360329473566, 'norm_pos': [0.43706328176188614, 0.25750312302074174], 'topic': 'pupil.1', 'id': 1, 'method': '3d c++'}"
1581495766.462377,"{'circle_3d': {'center': [-1.9034432338262046, 5.482949066670612, 57.9029221538694], 'normal': [-0.3057769130118459, 0.5789289949416339, -0.7558714826508642], 'radius': 2.655058347799322}, 'confidence': 0.9990542280207769, 'timestamp': 360863.044539, 'diameter_3d': 5.310116695598644, 'ellipse': {'center': [139.90191569770633, 178.19110304220698], 'axes': [39.32092526684634, 56.889491982389096], 'angle': -62.910911278790145}, 'location': [139.90191569770633, 178.19110304220698], 'diameter': 56.889491982389096, 'sphere': {'center': [1.765879722315946, -1.4641988726289945, 66.97337994567977], 'radius': 12.0}, 'projected_sphere': {'center': [176.3474716181845, 106.4453115287556], 'axes': [222.17782665394446, 222.17782665394446], 'angle': 90.0}, 'model_confidence': 0.972026549025129, 'model_id': 32, 'model_birth_timestamp': 360848.025353, 'theta': 2.1882108965335862, 'phi': -1.955206566168003, 'norm_pos': [0.4371934865553323, 0.2575370706574709], 'topic': 'pupil.1', 'id': 1, 'method': '3d c++'}"
1581495766.471274,"{'circle_3d': {'center': [-1.9087734548829702, 5.466300478905313, 57.892350116101824], 'normal': [-0.30622109809990966, 0.577541612627859, -0.7567524857981622], 'radius': 2.686644075796935}, 'confidence': 0.9995606769814239, 'timestamp': 360863.052939, 'diameter_3d': 5.37328815159387, 'ellipse': {'center': [139.84881061407398, 178.0113223773163], 'axes': [39.86148188819929, 57.57729494733678], 'angle': -62.81925743284714}, 'location': [139.84881061407398, 178.0113223773163], 'diameter': 57.57729494733678, 'sphere': {'center': [1.765879722315946, -1.4641988726289945, 66.97337994567977], 'radius': 12.0}, 'projected_sphere': {'center': [176.3474716181845, 106.4453115287556], 'axes': [222.17782665394446, 222.17782665394446], 'angle': 90.0}, 'model_confidence': 0.9720166976786904, 'model_id': 32, 'model_birth_timestamp': 360848.025353, 'theta': 2.186510401781909, 'phi': -1.9553062538708248, 'norm_pos': [0.4370275331689812, 0.25828615676118205], 'topic': 'pupil.1', 'id': 1, 'method': '3d c++'}"
1581495766.4784262,"{'circle_3d': {'center': [-1.8910467975789957, 5.474272769632604, 57.89128218703278], 'normal': [-0.3047438766579118, 0.5782059701884665, -0.7568414798872491], 'radius': 2.662590992864384}, 'confidence': 0.999642330126442, 'timestamp': 360863.061339, 'diameter_3d': 5.325181985728768, 'ellipse': {'center': [140.03184723041298, 178.10655792812327], 'axes': [39.50962685418895, 57.062455697257676], 'angle': -62.96559855521831}, 'location': [140.03184723041298, 178.10655792812327], 'diameter': 57.062455697257676, 'sphere': {'center': [1.765879722315946, -1.4641988726289945, 66.97337994567977], 'radius': 12.0}, 'projected_sphere': {'center': [176.3474716181845, 106.4453115287556], 'axes': [222.17782665394446, 222.17782665394446], 'angle': 90.0}, 'model_confidence': 0.9719623173462533, 'model_id': 32, 'model_birth_timestamp': 360848.025353, 'theta': 2.1873244396757827, 'phi': -1.9535869784665427, 'norm_pos': [0.43759952259504054, 0.2578893419661531], 'topic': 'pupil.1', 'id': 1, 'method': '3d c++'}"
1581495766.4853492,"{'circle_3d': {'center': [-1.876733412445956, 5.453662999908094, 57.869833567319425], 'normal': [-0.30355109456349183, 0.5764884893780907, -0.7586288648633619], 'radius': 2.6626552698398873}, 'confidence': 0.9995764667355894, 'timestamp': 360863.069739, 'diameter_3d': 5.325310539679775, 'ellipse': {'center': [140.17768763997356, 177.90690993744528], 'axes': [39.653221507367775, 57.08485189079551], 'angle': -62.993565338099714}, 'location': [140.17768763997356, 177.90690993744528], 'diameter': 57.08485189079551, 'sphere': {'center': [1.765879722315946, -1.4641988726289945, 66.97337994567977], 'radius': 12.0}, 'projected_sphere': {'center': [176.3474716181845, 106.4453115287556], 'axes': [222.17782665394446, 222.17782665394446], 'angle': 90.0}, 'model_confidence': 0.9719727557200741, 'model_id': 32, 'model_birth_timestamp': 360848.025353, 'theta': 2.18522096842883, 'phi': -1.951415820999018, 'norm_pos': [0.4380552738749174, 0.25872120859397796], 'topic': 'pupil.1', 'id': 1, 'method': '3d c++'}"
1581495766.492788,"{'circle_3d': {'center': [-1.854128719693693, 5.4750888056523195, 57.87712657421786], 'normal': [-0.3016673701674699, 0.5782739731901095, -0.7580211142884921], 'radius': 2.686755473771843}, 'confidence': 0.9995379328534741, 'timestamp': 360863.078139, 'diameter_3d': 5.373510947543686, 'ellipse': {'center': [140.42550360610596, 178.1186788861878], 'axes': [39.96147815992811, 57.594901288661205], 'angle': -63.218300363280136}, 'location': [140.42550360610596, 178.1186788861878], 'diameter': 57.594901288661205, 'sphere': {'center': [1.765879722315946, -1.4641988726289945, 66.97337994567977], 'radius': 12.0}, 'projected_sphere': {'center': [176.3474716181845, 106.4453115287556], 'axes': [222.17782665394446, 222.17782665394446], 'angle': 90.0}, 'model_confidence': 0.9718455803390369, 'model_id': 32, 'model_birth_timestamp': 360848.025353, 'theta': 2.1874077902996967, 'phi': -1.9495488688048346, 'norm_pos': [0.4388296987690811, 0.25783883797421747], 'topic': 'pupil.1', 'id': 1, 'method': '3d c++'}"
1581495766.503665,"{'circle_3d': {'center': [-1.8618763218819907, 5.46636187188776, 57.87356050514422], 'normal': [-0.3023130036831614, 0.5775467287097296, -0.7583182867112958], 'radius': 2.7196615545084746}, 'confidence': 0.9999511733931087, 'timestamp': 360863.086539, 'diameter_3d': 5.439323109016949, 'ellipse': {'center': [140.34914420162568, 178.01597883703357], 'axes': [40.47692908603267, 58.30448515019039], 'angle': -63.13677524849398}, 'location': [140.34914420162568, 178.01597883703357], 'diameter': 58.30448515019039, 'sphere': {'center': [1.765879722315946, -1.4641988726289945, 66.97337994567977], 'radius': 12.0}, 'projected_sphere': {'center': [176.3474716181845, 106.4453115287556], 'axes': [222.17782665394446, 222.17782665394446], 'angle': 90.0}, 'model_confidence': 0.9718917044058362, 'model_id': 32, 'model_birth_timestamp': 360848.025353, 'theta': 2.186516668729575, 'phi': -1.9501490865475337, 'norm_pos': [0.43859107563008026, 0.2582667548456935], 'topic': 'pupil.1', 'id': 1, 'method': '3d c++'}"
1581495766.511728,"{'circle_3d': {'center': [-1.8298261236259818, 5.477624392730014, 57.86942535319747], 'normal': [-0.29964215382849396, 0.5784852721132507, -0.7586628827068578], 'radius': 2.6579048205865545}, 'confidence': 0.9993904802898721, 'timestamp': 360863.094939, 'diameter_3d': 5.315809641173109, 'ellipse': {'center': [140.67567277048522, 178.16410967663194], 'axes': [39.581106668447724, 56.98349017860926], 'angle': -63.391784268309124}, 'location': [140.67567277048522, 178.16410967663194], 'diameter': 56.98349017860926, 'sphere': {'center': [1.765879722315946, -1.4641988726289945, 66.97337994567977], 'radius': 12.0}, 'projected_sphere': {'center': [176.3474716181845, 106.4453115287556], 'axes': [222.17782665394446, 222.17782665394446], 'angle': 90.0}, 'model_confidence': 0.97187734045453, 'model_id': 32, 'model_birth_timestamp': 360848.025353, 'theta': 2.1876668087840443, 'phi': -1.9469510941137729, 'norm_pos': [0.4396114774077663, 0.25764954301403364], 'topic': 'pupil.1', 'id': 1, 'method': '3d c++'}"
1581495766.517788,"{'circle_3d': {'center': [-1.8104987452197097, 5.5218706766172705, 57.89569580763876], 'normal': [-0.29803153896130463, 0.5821724624371888, -0.7564736781700843], 'radius': 2.681562478035542}, 'confidence': 0.9997771850576904, 'timestamp': 360863.103339, 'diameter_3d': 5.363124956071084, 'ellipse': {'center': [140.89386161971086, 178.60124924765708], 'axes': [39.754955126283235, 57.465371749925524], 'angle': -63.6680873508879}, 'location': [140.89386161971086, 178.60124924765708], 'diameter': 57.465371749925524, 'sphere': {'center': [1.765879722315946, -1.4641988726289945, 66.97337994567977], 'radius': 12.0}, 'projected_sphere': {'center': [176.3474716181845, 106.4453115287556], 'axes': [222.17782665394446, 222.17782665394446], 'angle': 90.0}, 'model_confidence': 0.972007708612832, 'model_id': 32, 'model_birth_timestamp': 360848.025353, 'theta': 2.1921944104003765, 'phi': -1.946097767871414, 'norm_pos': [0.44029331756159645, 0.2558281281347622], 'topic': 'pupil.1', 'id': 1, 'method': '3d c++'}"
1581495766.52514,"{'circle_3d': {'center': [-1.8042013721353507, 5.556768478693888, 57.92017397040783], 'normal': [-0.2975067578709414, 0.5850806126102402, -0.7544338312726617], 'radius': 2.687202527769293}, 'confidence': 0.9996088274799833, 'timestamp': 360863.111739, 'diameter_3d': 5.374405055538586, 'ellipse': {'center': [140.96901765385388, 178.94739589720263], 'axes': [39.67274796594772, 57.562250598539954], 'angle': -63.82369840922677}, 'location': [140.96901765385388, 178.94739589720263], 'diameter': 57.562250598539954, 'sphere': {'center': [1.765879722315946, -1.4641988726289945, 66.97337994567977], 'radius': 12.0}, 'projected_sphere': {'center': [176.3474716181845, 106.4453115287556], 'axes': [222.17782665394446, 222.17782665394446], 'angle': 90.0}, 'model_confidence': 0.9719744752978432, 'model_id': 32, 'model_birth_timestamp': 360848.025353, 'theta': 2.195775783065652, 'phi': -1.9464177002118546, 'norm_pos': [0.44052818016829337, 0.2543858504283224], 'topic': 'pupil.1', 'id': 1, 'method': '3d c++'}"
1581495766.537516,"{'circle_3d': {'center': [-1.7805202617454874, 5.572706819550575, 57.92324152505769], 'normal': [-0.29553333200511944, 0.5864088076816308, -0.7541782017185062], 'radius': 2.70039370863754}, 'confidence': 0.9994950630253839, 'timestamp': 360863.120139, 'diameter_3d': 5.40078741727508, 'ellipse': {'center': [141.22437830960635, 179.1086968301177], 'axes': [39.8449620304882, 57.842136660007306], 'angle': -64.0353338750879}, 'location': [141.22437830960635, 179.1086968301177], 'diameter': 57.842136660007306, 'sphere': {'center': [1.765879722315946, -1.4641988726289945, 66.97337994567977], 'radius': 12.0}, 'projected_sphere': {'center': [176.3474716181845, 106.4453115287556], 'axes': [222.17782665394446, 222.17782665394446], 'angle': 90.0}, 'model_confidence': 0.9719250421226788, 'model_id': 32, 'model_birth_timestamp': 360848.025353, 'theta': 2.197414527848197, 'phi': -1.9442670471385206, 'norm_pos': [0.44132618221751985, 0.2537137632078429], 'topic': 'pupil.1', 'id': 1, 'method': '3d c++'}"
1581495766.5454662,"{'circle_3d': {'center': [-1.8040971850792762, 5.559450349023263, 57.92221336386013], 'normal': [-0.2974980756162685, 0.5853041018043548, -0.7542638818183028], 'radius': 2.6551374491110353}, 'confidence': 0.9994838418030905, 'timestamp': 360863.128539, 'diameter_3d': 5.310274898222071, 'ellipse': {'center': [140.96401715503762, 178.98669997243945], 'axes': [39.184872576603155, 56.872777088739916], 'angle': -63.83300138317626}, 'location': [140.96401715503762, 178.98669997243945], 'diameter': 56.872777088739916, 'sphere': {'center': [1.765879722315946, -1.4641988726289945, 66.97337994567977], 'radius': 12.0}, 'projected_sphere': {'center': [176.3474716181845, 106.4453115287556], 'axes': [222.17782665394446, 222.17782665394446], 'angle': 90.0}, 'model_confidence': 0.9717979439694213, 'model_id': 32, 'model_birth_timestamp': 360848.025353, 'theta': 2.196051391290136, 'phi': -1.946484631901619, 'norm_pos': [0.4405125536094926, 0.254222083448169], 'topic': 'pupil.1', 'id': 1, 'method': '3d c++'}"
1581495766.5531788,"{'circle_3d': {'center': [-1.7461112850162819, 5.525905013206682, 57.873689465798456], 'normal': [-0.29266591727768565, 0.5825086571529731, -0.7583075399901091], 'radius': 2.664150211995444}, 'confidence': 0.999237178852829, 'timestamp': 360863.136939, 'diameter_3d': 5.328300423990888, 'ellipse': {'center': [141.5689211004352, 178.6714217741434], 'axes': [39.6384086147566, 57.11365543654659], 'angle': -64.11996264840033}, 'location': [141.5689211004352, 178.6714217741434], 'diameter': 57.11365543654659, 'sphere': {'center': [1.765879722315946, -1.4641988726289945, 66.97337994567977], 'radius': 12.0}, 'projected_sphere': {'center': [176.3474716181845, 106.4453115287556], 'axes': [222.17782665394446, 222.17782665394446], 'angle': 90.0}, 'model_confidence': 0.971617344826281, 'model_id': 32, 'model_birth_timestamp': 360848.025353, 'theta': 2.1926079620520356, 'phi': -1.9391289662976907, 'norm_pos': [0.44240287843886, 0.2555357426077358], 'topic': 'pupil.1', 'id': 1, 'method': '3d c++'}"
1581495766.561599,"{'circle_3d': {'center': [-1.779244433469114, 5.453910164397815, 57.83161523245961], 'normal': [-0.29542701298208834, 0.5765090864189008, -0.7618137261016799], 'radius': 2.6783157800553608}, 'confidence': 0.999746243756874, 'timestamp': 360863.145339, 'diameter_3d': 5.3566315601107215, 'ellipse': {'center': [141.2074823475709, 177.93828054735363], 'axes': [40.136781038597874, 57.458883548882966], 'angle': -63.659281980197484}, 'location': [141.2074823475709, 177.93828054735363], 'diameter': 57.458883548882966, 'sphere': {'center': [1.765879722315946, -1.4641988726289945, 66.97337994567977], 'radius': 12.0}, 'projected_sphere': {'center': [176.3474716181845, 106.4453115287556], 'axes': [222.17782665394446, 222.17782665394446], 'angle': 90.0}, 'model_confidence': 0.9715487160029235, 'model_id': 32, 'model_birth_timestamp': 360848.025353, 'theta': 2.185246175981314, 'phi': -1.9407364597507952, 'norm_pos': [0.4412733823361591, 0.25859049771935994], 'topic': 'pupil.1', 'id': 1, 'method': '3d c++'}"
1581495766.5693161,"{'circle_3d': {'center': [-1.7535680468302808, 5.426153635320165, 57.80078327317474], 'normal': [-0.2932873140955189, 0.5741960423290966, -0.764383056042086], 'radius': 2.6951706291833957}, 'confidence': 0.9995772196834197, 'timestamp': 360863.153739, 'diameter_3d': 5.390341258366791, 'ellipse': {'center': [141.47581665954493, 177.66409378848184], 'axes': [40.59768971363769, 57.85146842395227], 'angle': -63.74462605141484}, 'location': [141.47581665954493, 177.66409378848184], 'diameter': 57.85146842395227, 'sphere': {'center': [1.765879722315946, -1.4641988726289945, 66.97337994567977], 'radius': 12.0}, 'projected_sphere': {'center': [176.3474716181845, 106.4453115287556], 'axes': [222.17782665394446, 222.17782665394446], 'angle': 90.0}, 'model_confidence': 0.9715410811107827, 'model_id': 32, 'model_birth_timestamp': 360848.025353, 'theta': 2.1824181647126357, 'phi': -1.9371651216015804, 'norm_pos': [0.44211192706107794, 0.2597329425479924], 'topic': 'pupil.1', 'id': 1, 'method': '3d c++'}"
1581495766.5778508,"{'circle_3d': {'center': [-1.7605373427064464, 5.404359233152261, 57.787124330303854], 'normal': [-0.29386808875186604, 0.572379842148438, -0.7655213012813259], 'radius': 2.6647411416998166}, 'confidence': 0.999599817273771, 'timestamp': 360863.162139, 'diameter_3d': 5.329482283399633, 'ellipse': {'center': [141.3913397635009, 177.4564582718491], 'axes': [40.23126694961921, 57.21109396106515], 'angle': -63.6244751033562}, 'location': [141.3913397635009, 177.4564582718491], 'diameter': 57.21109396106515, 'sphere': {'center': [1.765879722315946, -1.4641988726289945, 66.97337994567977], 'radius': 12.0}, 'projected_sphere': {'center': [176.3474716181845, 106.4453115287556], 'axes': [222.17782665394446, 222.17782665394446], 'angle': 90.0}, 'model_confidence': 0.9714474084091096, 'model_id': 32, 'model_birth_timestamp': 360848.025353, 'theta': 2.1802015389862404, 'phi': -1.9373291242417625, 'norm_pos': [0.4418479367609403, 0.2605980905339621], 'topic': 'pupil.1', 'id': 1, 'method': '3d c++'}"
1581495766.585541,"{'circle_3d': {'center': [-1.7982781998518298, 5.379366032897478, 57.78303731388986], 'normal': [-0.297013160180648, 0.5702970754605393, -0.7658618859824927], 'radius': 2.708559611933662}, 'confidence': 0.9998761163057799, 'timestamp': 360863.170539, 'diameter_3d': 5.417119223867324, 'ellipse': {'center': [140.99746531736474, 177.17642038814046], 'axes': [40.925354197957795, 58.156638964336636], 'angle': -63.280703370196804}, 'location': [140.99746531736474, 177.17642038814046], 'diameter': 58.156638964336636, 'sphere': {'center': [1.765879722315946, -1.4641988726289945, 66.97337994567977], 'radius': 12.0}, 'projected_sphere': {'center': [176.3474716181845, 106.4453115287556], 'axes': [222.17782665394446, 222.17782665394446], 'angle': 90.0}, 'model_confidence': 0.9714817035869738, 'model_id': 32, 'model_birth_timestamp': 360848.025353, 'theta': 2.177663789326136, 'phi': -1.9407549536636541, 'norm_pos': [0.44061707911676484, 0.2617649150494148], 'topic': 'pupil.1', 'id': 1, 'method': '3d c++'}"
1581495766.594462,"{'circle_3d': {'center': [-1.7683865247823543, 5.3876803364942525, 57.77769000972573], 'normal': [-0.2945221872581917, 0.5709899340936039, -0.7663074946628361], 'radius': 2.6933099165515837}, 'confidence': 0.9999698381403639, 'timestamp': 360863.178939, 'diameter_3d': 5.386619833103167, 'ellipse': {'center': [141.31112472599645, 177.27592651804727], 'axes': [40.72841858870388, 57.83433034504891], 'angle': -63.5148176380489}, 'location': [141.31112472599645, 177.27592651804727], 'diameter': 57.83433034504891, 'sphere': {'center': [1.765879722315946, -1.4641988726289945, 66.97337994567977], 'radius': 12.0}, 'projected_sphere': {'center': [176.3474716181845, 106.4453115287556], 'axes': [222.17782665394446, 222.17782665394446], 'angle': 90.0}, 'model_confidence': 0.9715499476046774, 'model_id': 32, 'model_birth_timestamp': 360848.025353, 'theta': 2.178507506393175, 'phi': -1.937729746703298, 'norm_pos': [0.4415972647687389, 0.26135030617480304], 'topic': 'pupil.1', 'id': 1, 'method': '3d c++'}"
1581495766.6013381,"{'circle_3d': {'center': [-1.733898304348603, 5.414749705018426, 57.784711912163786], 'normal': [-0.2916481688887124, 0.5732457148039517, -0.7657223361263321], 'radius': 2.7096711075681124}, 'confidence': 0.9999501825871214, 'timestamp': 360863.187339, 'diameter_3d': 5.419342215136225, 'ellipse': {'center': [141.68396898465033, 177.5513801192829], 'axes': [40.92503749213629, 58.17910847630759], 'angle': -63.84303759090347}, 'location': [141.68396898465033, 177.5513801192829], 'diameter': 58.17910847630759, 'sphere': {'center': [1.765879722315946, -1.4641988726289945, 66.97337994567977], 'radius': 12.0}, 'projected_sphere': {'center': [176.3474716181845, 106.4453115287556], 'axes': [222.17782665394446, 222.17782665394446], 'angle': 90.0}, 'model_confidence': 0.9719612635069375, 'model_id': 32, 'model_birth_timestamp': 360848.025353, 'theta': 2.1812578855731846, 'phi': -1.9347118976595268, 'norm_pos': [0.4427624030770323, 0.26020258283632125], 'topic': 'pupil.1', 'id': 1, 'method': '3d c++'}"
1581495766.609468,"{'circle_3d': {'center': [-1.7263434504374746, 5.4750177905446415, 57.8272523818844], 'normal': [-0.2910185977294517, 0.5782680552644697, -0.7621772969829473], 'radius': 2.704429416798023}, 'confidence': 0.9996909347891043, 'timestamp': 360863.195739, 'diameter_3d': 5.408858833596046, 'ellipse': {'center': [141.77493451664364, 178.1565225508293], 'axes': [40.55397462762, 58.024165936897965], 'angle': -64.09180645017129}, 'location': [141.77493451664364, 178.1565225508293], 'diameter': 58.024165936897965, 'sphere': {'center': [1.765879722315946, -1.4641988726289945, 66.97337994567977], 'radius': 12.0}, 'projected_sphere': {'center': [176.3474716181845, 106.4453115287556], 'axes': [222.17782665394446, 222.17782665394446], 'angle': 90.0}, 'model_confidence': 0.9719331950299392, 'model_id': 32, 'model_birth_timestamp': 360848.025353, 'theta': 2.1874005365596467, 'phi': -1.9355373794801798, 'norm_pos': [0.4430466703645114, 0.2576811560382113], 'topic': 'pupil.1', 'id': 1, 'method': '3d c++'}"
1581495766.621511,"{'circle_3d': {'center': [-1.7282122716506343, 5.464716919332723, 57.82015936024634], 'normal': [-0.29117433283054833, 0.5774096493301432, -0.762768382119452], 'radius': 2.707095200866349}, 'confidence': 0.9996933834019891, 'timestamp': 360863.204139, 'diameter_3d': 5.414190401732698, 'ellipse': {'center': [141.75366663188407, 178.0522756964831], 'axes': [40.64272064861909, 58.08846630485931], 'angle': -64.04555709822687}, 'location': [141.75366663188407, 178.0522756964831], 'diameter': 58.08846630485931, 'sphere': {'center': [1.765879722315946, -1.4641988726289945, 66.97337994567977], 'radius': 12.0}, 'projected_sphere': {'center': [176.3474716181845, 106.4453115287556], 'axes': [222.17782665394446, 222.17782665394446], 'angle': 90.0}, 'model_confidence': 0.9719408917217232, 'model_id': 32, 'model_birth_timestamp': 360848.025353, 'theta': 2.18634876285795, 'phi': -1.9354573331541263, 'norm_pos': [0.44298020822463774, 0.2581155179313205], 'topic': 'pupil.1', 'id': 1, 'method': '3d c++'}"
1581495766.629554,"{'circle_3d': {'center': [-1.7355491216315124, 5.508083971195591, 57.85596430326869], 'normal': [-0.29178573699562155, 0.5810235703187154, -0.7597846368675893], 'radius': 2.6841920096762526}, 'confidence': 0.9996347016813971, 'timestamp': 360863.212539, 'diameter_3d': 5.368384019352505, 'ellipse': {'center': [141.68057609592663, 178.49019797282364], 'axes': [40.056177931139985, 57.56121381530943], 'angle': -64.13512376579672}, 'location': [141.68057609592663, 178.49019797282364], 'diameter': 57.56121381530943, 'sphere': {'center': [1.765879722315946, -1.4641988726289945, 66.97337994567977], 'radius': 12.0}, 'projected_sphere': {'center': [176.3474716181845, 106.4453115287556], 'axes': [222.17782665394446, 222.17782665394446], 'angle': 90.0}, 'model_confidence': 0.9718886487507294, 'model_id': 32, 'model_birth_timestamp': 360848.025353, 'theta': 2.1907820861431393, 'phi': -1.937466584574918, 'norm_pos': [0.4427518002997707, 0.25629084177990147], 'topic': 'pupil.1', 'id': 1, 'method': '3d c++'}"
1581495766.6374872,"{'circle_3d': {'center': [-1.7207055856308668, 5.535710509819671, 57.87145753731369], 'normal': [-0.2905487756622344, 0.5833257818707221, -0.7584935340305067], 'radius': 2.687143779648389}, 'confidence': 0.9989360264735986, 'timestamp': 360863.220939, 'diameter_3d': 5.374287559296778, 'ellipse': {'center': [141.8433584588127, 178.76864868188738], 'axes': [39.994010557315306, 57.60933917911601], 'angle': -64.32527133855476}, 'location': [141.8433584588127, 178.76864868188738], 'diameter': 57.60933917911601, 'sphere': {'center': [1.765879722315946, -1.4641988726289945, 66.97337994567977], 'radius': 12.0}, 'projected_sphere': {'center': [176.3474716181845, 106.4453115287556], 'axes': [222.17782665394446, 222.17782665394446], 'angle': 90.0}, 'model_confidence': 0.9716522312139264, 'model_id': 32, 'model_birth_timestamp': 360848.025353, 'theta': 2.1936136150733394, 'phi': -1.9366147853336173, 'norm_pos': [0.4432604951837897, 0.2551306304921359], 'topic': 'pupil.1', 'id': 1, 'method': '3d c++'}"
1581495766.645074,"{'circle_3d': {'center': [-1.6903606941243552, 5.520963433723368, 57.84858352396829], 'normal': [-0.2880200347033584, 0.5820968588626969, -0.7603997018092903], 'radius': 2.696363751366682}, 'confidence': 0.9996926652618425, 'timestamp': 360863.229339, 'diameter_3d': 5.392727502733364, 'ellipse': {'center': [142.16198891994583, 178.6291849868827], 'axes': [40.28434426246368, 57.829958945400065], 'angle': -64.48690686246917}, 'location': [142.16198891994583, 178.6291849868827], 'diameter': 57.829958945400065, 'sphere': {'center': [1.765879722315946, -1.4641988726289945, 66.97337994567977], 'radius': 12.0}, 'projected_sphere': {'center': [176.3474716181845, 106.4453115287556], 'axes': [222.17782665394446, 222.17782665394446], 'angle': 90.0}, 'model_confidence': 0.9717193514088951, 'model_id': 32, 'model_birth_timestamp': 360848.025353, 'theta': 2.192101427640526, 'phi': -1.9328720549061715, 'norm_pos': [0.44425621537483073, 0.255711729221322], 'topic': 'pupil.1', 'id': 1, 'method': '3d c++'}"
1581495766.652961,"{'circle_3d': {'center': [-1.6797751399275012, 5.501455277067732, 57.8296867729453], 'normal': [-0.2871379051869539, 0.5804711791413939, -0.7619744310612054], 'radius': 2.6853486721540984}, 'confidence': 0.9995407456107333, 'timestamp': 360863.237739, 'diameter_3d': 5.370697344308197, 'ellipse': {'center': [142.2673620272358, 178.44340166738218], 'axes': [40.24668171147239, 57.61219153334853], 'angle': -64.49790782452149}, 'location': [142.2673620272358, 178.44340166738218], 'diameter': 57.61219153334853, 'sphere': {'center': [1.765879722315946, -1.4641988726289945, 66.97337994567977], 'radius': 12.0}, 'projected_sphere': {'center': [176.3474716181845, 106.4453115287556], 'axes': [222.17782665394446, 222.17782665394446], 'angle': 90.0}, 'model_confidence': 0.9716319444414645, 'model_id': 32, 'model_birth_timestamp': 360848.025353, 'theta': 2.19010354275255, 'phi': -1.9311739544567186, 'norm_pos': [0.4445855063351119, 0.25648582638590756], 'topic': 'pupil.1', 'id': 1, 'method': '3d c++'}"
1581495766.661847,"{'circle_3d': {'center': [-1.6688890813319126, 5.522209369730891, 57.841432555523966], 'normal': [-0.28623073363732154, 0.5822006868633238, -0.7609956158463166], 'radius': 2.6934988956871075}, 'confidence': 0.9994999796412504, 'timestamp': 360863.246139, 'diameter_3d': 5.386997791374215, 'ellipse': {'center': [142.38802087593743, 178.65020517578233], 'axes': [40.28816508124619, 57.77562154768229], 'angle': -64.63891514585968}, 'location': [142.38802087593743, 178.65020517578233], 'diameter': 57.77562154768229, 'sphere': {'center': [1.765879722315946, -1.4641988726289945, 66.97337994567977], 'radius': 12.0}, 'projected_sphere': {'center': [176.3474716181845, 106.4453115287556], 'axes': [222.17782665394446, 222.17782665394446], 'angle': 90.0}, 'model_confidence': 0.9715634626326186, 'model_id': 32, 'model_birth_timestamp': 360848.025353, 'theta': 2.1922291244338292, 'phi': -1.930554381242424, 'norm_pos': [0.4449625652373045, 0.2556241451009069], 'topic': 'pupil.1', 'id': 1, 'method': '3d c++'}"
1581495766.67116,"{'circle_3d': {'center': [-1.6819945413845854, 5.499506389173694, 57.829038958574515], 'normal': [-0.2873228553083776, 0.5803087718168908, -0.7620284155921043], 'radius': 2.722206161546188}, 'confidence': 0.9999603306538211, 'timestamp': 360863.254539, 'diameter_3d': 5.444412323092376, 'ellipse': {'center': [142.25121620565815, 178.408356780436], 'axes': [40.80476080503333, 58.40431225916148], 'angle': -64.47640791112376}, 'location': [142.25121620565815, 178.408356780436], 'diameter': 58.40431225916148, 'sphere': {'center': [1.765879722315946, -1.4641988726289945, 66.97337994567977], 'radius': 12.0}, 'projected_sphere': {'center': [176.3474716181845, 106.4453115287556], 'axes': [222.17782665394446, 222.17782665394446], 'angle': 90.0}, 'model_confidence': 0.9716031326670427, 'model_id': 32, 'model_birth_timestamp': 360848.025353, 'theta': 2.1899041081311577, 'phi': -1.931363092267182, 'norm_pos': [0.44453505064268173, 0.2566318467481833], 'topic': 'pupil.1', 'id': 1, 'method': '3d c++'}"
1581495766.677513,"{'circle_3d': {'center': [-1.6918052670268533, 5.454376380135349, 57.79853765895297], 'normal': [-0.2881404157785666, 0.576547937730362, -0.7645701905605669], 'radius': 2.6535525505273654}, 'confidence': 0.9994612282775207, 'timestamp': 360863.262939, 'diameter_3d': 5.307105101054731, 'ellipse': {'center': [142.12439177524692, 177.98334594911253], 'axes': [39.97939268004226, 56.95978474048658], 'angle': -64.26369063277055}, 'location': [142.12439177524692, 177.98334594911253], 'diameter': 56.95978474048658, 'sphere': {'center': [1.765879722315946, -1.4641988726289945, 66.97337994567977], 'radius': 12.0}, 'projected_sphere': {'center': [176.3474716181845, 106.4453115287556], 'axes': [222.17782665394446, 222.17782665394446], 'angle': 90.0}, 'model_confidence': 0.971769519897614, 'model_id': 32, 'model_birth_timestamp': 360848.025353, 'theta': 2.1852937251229387, 'phi': -1.9312018305484207, 'norm_pos': [0.4441387242976466, 0.2584027252120311], 'topic': 'pupil.1', 'id': 1, 'method': '3d c++'}"
1581495766.687965,"{'circle_3d': {'center': [-1.7367672605693836, 5.45867543459212, 57.818857815076655], 'normal': [-0.29188724857377746, 0.5769061922684262, -0.7628768442169257], 'radius': 2.7180464800893915}, 'confidence': 0.9997732718328822, 'timestamp': 360863.271339, 'diameter_3d': 5.436092960178783, 'ellipse': {'center': [141.66455034146477, 177.98472179823113], 'axes': [40.8171456200925, 58.32494133998392], 'angle': -63.96696660632563}, 'location': [141.66455034146477, 177.98472179823113], 'diameter': 58.32494133998392, 'sphere': {'center': [1.765879722315946, -1.4641988726289945, 66.97337994567977], 'radius': 12.0}, 'projected_sphere': {'center': [176.3474716181845, 106.4453115287556], 'axes': [222.17782665394446, 222.17782665394446], 'angle': 90.0}, 'model_confidence': 0.9717509289847825, 'model_id': 32, 'model_birth_timestamp': 360848.025353, 'theta': 2.185732259049929, 'phi': -1.9362253898483919, 'norm_pos': [0.4427017198170774, 0.25839699250737025], 'topic': 'pupil.1', 'id': 1, 'method': '3d c++'}"
1581495766.6931999,"{'circle_3d': {'center': [-1.7113214526031781, 5.489297386307156, 57.832375527887265], 'normal': [-0.28976676457659367, 0.5794580215780125, -0.761750368149375], 'radius': 2.6979481077616345}, 'confidence': 0.9995899227741791, 'timestamp': 360863.279739, 'diameter_3d': 5.395896215523269, 'ellipse': {'center': [141.9348754622968, 178.30644021359132], 'axes': [40.42035000818162, 57.87995840665209], 'angle': -64.24135069852797}, 'location': [141.9348754622968, 178.30644021359132], 'diameter': 57.87995840665209, 'sphere': {'center': [1.765879722315946, -1.4641988726289945, 66.97337994567977], 'radius': 12.0}, 'projected_sphere': {'center': [176.3474716181845, 106.4453115287556], 'axes': [222.17782665394446, 222.17782665394446], 'angle': 90.0}, 'model_confidence': 0.9716633686072229, 'model_id': 32, 'model_birth_timestamp': 360848.025353, 'theta': 2.1888598576376808, 'phi': -1.934289291442849, 'norm_pos': [0.4435464858196775, 0.25705649911003614], 'topic': 'pupil.1', 'id': 1, 'method': '3d c++'}"
1581495766.705298,"{'circle_3d': {'center': [-1.7127354180789351, 5.483992731455518, 57.828880498583445], 'normal': [-0.28988459503290676, 0.5790159670070427, -0.7620416205913605], 'radius': 2.7041058978676533}, 'confidence': 0.999879896864457, 'timestamp': 360863.288139, 'diameter_3d': 5.408211795735307, 'ellipse': {'center': [141.92016716579727, 178.2507000313965], 'axes': [40.53677885786426, 58.01565343377865], 'angle': -64.21454983072788}, 'location': [141.92016716579727, 178.2507000313965], 'diameter': 58.01565343377865, 'sphere': {'center': [1.765879722315946, -1.4641988726289945, 66.97337994567977], 'radius': 12.0}, 'projected_sphere': {'center': [176.3474716181845, 106.4453115287556], 'axes': [222.17782665394446, 222.17782665394446], 'angle': 90.0}, 'model_confidence': 0.9716761685441555, 'model_id': 32, 'model_birth_timestamp': 360848.025353, 'theta': 2.1883175652974685, 'phi': -1.934297361031294, 'norm_pos': [0.44350052239311644, 0.25728874986918127], 'topic': 'pupil.1', 'id': 1, 'method': '3d c++'}"
1581495766.720555,"{'circle_3d': {'center': [-1.7082745453179775, 5.51216486969434, 57.848655234244504], 'normal': [-0.2895128556361603, 0.5813636451936112, -0.7603937259529386], 'radius': 2.7044766641728497}, 'confidence': 0.9996126062988676, 'timestamp': 360863.296539, 'diameter_3d': 5.408953328345699, 'ellipse': {'center': [141.97305754996864, 178.53221589155046], 'axes': [40.406891970780165, 58.003978134068525], 'angle': -64.33559104770094}, 'location': [141.97305754996864, 178.53221589155046], 'diameter': 58.003978134068525, 'sphere': {'center': [1.765879722315946, -1.4641988726289945, 66.97337994567977], 'radius': 12.0}, 'projected_sphere': {'center': [176.3474716181845, 106.4453115287556], 'axes': [222.17782665394446, 222.17782665394446], 'angle': 90.0}, 'model_confidence': 0.9715909358555597, 'model_id': 32, 'model_birth_timestamp': 360848.025353, 'theta': 2.1911999890375866, 'phi': -1.9345904347686522, 'norm_pos': [0.44366580484365203, 0.2561157671185398], 'topic': 'pupil.1', 'id': 1, 'method': '3d c++'}"
1581495766.723435,"{'circle_3d': {'center': [-1.7149633258972765, 5.491770988037101, 57.835644177382974], 'normal': [-0.29007025401776854, 0.579664155055508, -0.7614779806913994], 'radius': 2.6827771847595114}, 'confidence': 0.9995136067501078, 'timestamp': 360863.304939, 'diameter_3d': 5.365554369519023, 'ellipse': {'center': [141.8938345985059, 178.3358538944255], 'axes': [40.17081980014001, 57.55095861529753], 'angle': -64.22419306241855}, 'location': [141.8938345985059, 178.3358538944255], 'diameter': 57.55095861529753, 'sphere': {'center': [1.765879722315946, -1.4641988726289945, 66.97337994567977], 'radius': 12.0}, 'projected_sphere': {'center': [176.3474716181845, 106.4453115287556], 'axes': [222.17782665394446, 222.17782665394446], 'angle': 90.0}, 'model_confidence': 0.9715536435939032, 'model_id': 32, 'model_birth_timestamp': 360848.025353, 'theta': 2.1891128042503474, 'phi': -1.9347562510427438, 'norm_pos': [0.4434182331203309, 0.2569339421065604], 'topic': 'pupil.1', 'id': 1, 'method': '3d c++'}"
1581495766.7294562,"{'circle_3d': {'center': [-1.7752490703041792, 5.429747754613054, 57.81183494634615], 'normal': [-0.2950940660516771, 0.5744955522701707, -0.7634620832778012], 'radius': 2.7232980095803665}, 'confidence': 0.9997758579364546, 'timestamp': 360863.313339, 'diameter_3d': 5.446596019160733, 'ellipse': {'center': [141.25403636728547, 177.68101126323498], 'axes': [40.94792733953442, 58.444616890206625], 'angle': -63.60715743851444}, 'location': [141.25403636728547, 177.68101126323498], 'diameter': 58.444616890206625, 'sphere': {'center': [1.765879722315946, -1.4641988726289945, 66.97337994567977], 'radius': 12.0}, 'projected_sphere': {'center': [176.3474716181845, 106.4453115287556], 'axes': [222.17782665394446, 222.17782665394446], 'angle': 90.0}, 'model_confidence': 0.9715341017593193, 'model_id': 32, 'model_birth_timestamp': 360848.025353, 'theta': 2.182784039699827, 'phi': -1.9396290757838466, 'norm_pos': [0.44141886364776706, 0.25966245306985425], 'topic': 'pupil.1', 'id': 1, 'method': '3d c++'}"
1581495766.7368991,"{'circle_3d': {'center': [-1.7485327863835065, 5.447534868234866, 57.814949872020804], 'normal': [-0.2928677090582877, 0.575977811738655, -0.7632025061382468], 'radius': 2.7306340322842906}, 'confidence': 0.9998981199562622, 'timestamp': 360863.321739, 'diameter_3d': 5.461268064568581, 'ellipse': {'center': [141.54090556227746, 177.86457645153394], 'axes': [41.034557054533266, 58.59917908433856], 'angle': -63.84955632358457}, 'location': [141.54090556227746, 177.86457645153394], 'diameter': 58.59917908433856, 'sphere': {'center': [1.765879722315946, -1.4641988726289945, 66.97337994567977], 'radius': 12.0}, 'projected_sphere': {'center': [176.3474716181845, 106.4453115287556], 'axes': [222.17782665394446, 222.17782665394446], 'angle': 90.0}, 'model_confidence': 0.9715352437497993, 'model_id': 32, 'model_birth_timestamp': 360848.025353, 'theta': 2.184596122216657, 'phi': -1.937203224606914, 'norm_pos': [0.4423153298821171, 0.2588975981186086], 'topic': 'pupil.1', 'id': 1, 'method': '3d c++'}"
1581495766.745506,"{'circle_3d': {'center': [-1.7393682286527674, 5.449179466124659, 57.81267927665442], 'normal': [-0.29210399591405944, 0.5761148615628044, -0.763391722418779], 'radius': 2.688386078842474}, 'confidence': 0.9998038958837373, 'timestamp': 360863.330139, 'diameter_3d': 5.376772157684948, 'ellipse': {'center': [141.62889436825498, 177.90118892123917], 'axes': [40.41315325534316, 57.69399665535425], 'angle': -63.918050135547595}, 'location': [141.62889436825498, 177.90118892123917], 'diameter': 57.69399665535425, 'sphere': {'center': [1.765879722315946, -1.4641988726289945, 66.97337994567977], 'radius': 12.0}, 'projected_sphere': {'center': [176.3474716181845, 106.4453115287556], 'axes': [222.17782665394446, 222.17782665394446], 'angle': 90.0}, 'model_confidence': 0.9716083130195674, 'model_id': 32, 'model_birth_timestamp': 360848.025353, 'theta': 2.1847637842762495, 'phi': -1.9362479547805636, 'norm_pos': [0.4425902949007968, 0.2587450461615035], 'topic': 'pupil.1', 'id': 1, 'method': '3d c++'}"
1581495766.7542841,"{'circle_3d': {'center': [-1.7711178483819816, 5.450246245230015, 57.82569734859581], 'normal': [-0.2947497975581606, 0.5762037598215841, -0.7623068830903297], 'radius': 2.7149398552016812}, 'confidence': 0.9999222477108082, 'timestamp': 360863.338539, 'diameter_3d': 5.4298797104033625, 'ellipse': {'center': [141.30010730001115, 177.89001155235968], 'axes': [40.7265112983971, 58.25125393328157], 'angle': -63.703066900450054}, 'location': [141.30010730001115, 177.89001155235968], 'diameter': 58.25125393328157, 'sphere': {'center': [1.765879722315946, -1.4641988726289945, 66.97337994567977], 'radius': 12.0}, 'projected_sphere': {'center': [176.3474716181845, 106.4453115287556], 'axes': [222.17782665394446, 222.17782665394446], 'angle': 90.0}, 'model_confidence': 0.9716516298772571, 'model_id': 32, 'model_birth_timestamp': 360848.025353, 'theta': 2.1848725499553203, 'phi': -1.9397457575858699, 'norm_pos': [0.4415628353125348, 0.25879161853183463], 'topic': 'pupil.1', 'id': 1, 'method': '3d c++'}"
1581495766.761846,"{'circle_3d': {'center': [-1.81315012893589, 5.427632641512002, 57.82498097621296], 'normal': [-0.29825248760431966, 0.574319292845083, -0.7623665807889004], 'radius': 2.6842154388259396}, 'confidence': 0.9995918960860535, 'timestamp': 360863.346939, 'diameter_3d': 5.368430877651879, 'ellipse': {'center': [140.845870859973, 177.6622227371223], 'axes': [40.273281661836364, 57.591982138350424], 'angle': -63.33996143443813}, 'location': [140.845870859973, 177.6622227371223], 'diameter': 57.591982138350424, 'sphere': {'center': [1.765879722315946, -1.4641988726289945, 66.97337994567977], 'radius': 12.0}, 'projected_sphere': {'center': [176.3474716181845, 106.4453115287556], 'axes': [222.17782665394446, 222.17782665394446], 'angle': 90.0}, 'model_confidence': 0.9715571634521525, 'model_id': 32, 'model_birth_timestamp': 360848.025353, 'theta': 2.1825687135552005, 'phi': -1.9437102549325773, 'norm_pos': [0.4401433464374156, 0.25974073859532376], 'topic': 'pupil.1', 'id': 1, 'method': '3d c++'}"
1581495766.769262,"{'circle_3d': {'center': [-1.8284272274113802, 5.419649010384493, 57.82495954242585], 'normal': [-0.29952557914394384, 0.573653990251124, -0.7623683669378264], 'radius': 2.77089677168842}, 'confidence': 0.9998593034658887, 'timestamp': 360863.355339, 'diameter_3d': 5.54179354337684, 'ellipse': {'center': [140.70210859237838, 177.54227418320957], 'axes': [41.5777965157839, 59.453523392301214], 'angle': -63.20883400824879}, 'location': [140.70210859237838, 177.54227418320957], 'diameter': 59.453523392301214, 'sphere': {'center': [1.765879722315946, -1.4641988726289945, 66.97337994567977], 'radius': 12.0}, 'projected_sphere': {'center': [176.3474716181845, 106.4453115287556], 'axes': [222.17782665394446, 222.17782665394446], 'angle': 90.0}, 'model_confidence': 0.9715724983156981, 'model_id': 32, 'model_birth_timestamp': 360848.025353, 'theta': 2.1817562439618956, 'phi': -1.9451568969494775, 'norm_pos': [0.4396940893511824, 0.2602405242366268], 'topic': 'pupil.1', 'id': 1, 'method': '3d c++'}"
1581495766.777358,"{'circle_3d': {'center': [-1.8387425698855446, 5.430336692358843, 57.83707448484485], 'normal': [-0.3003851910167909, 0.5745446304156531, -0.7613587884029097], 'radius': 2.7230563543206636}, 'confidence': 0.9998158102365512, 'timestamp': 360863.363739, 'diameter_3d': 5.446112708641327, 'ellipse': {'center': [140.58532893913826, 177.66449453251033], 'axes': [40.77615878628655, 58.41391069846059], 'angle': -63.174040409275726}, 'location': [140.58532893913826, 177.66449453251033], 'diameter': 58.41391069846059, 'sphere': {'center': [1.765879722315946, -1.4641988726289945, 66.97337994567977], 'radius': 12.0}, 'projected_sphere': {'center': [176.3474716181845, 106.4453115287556], 'axes': [222.17782665394446, 222.17782665394446], 'angle': 90.0}, 'model_confidence': 0.9716331866221339, 'model_id': 32, 'model_birth_timestamp': 360848.025353, 'theta': 2.182844001479156, 'phi': -1.9465854800681412, 'norm_pos': [0.43932915293480707, 0.259731272781207], 'topic': 'pupil.1', 'id': 1, 'method': '3d c++'}"
1581495766.791112,"{'circle_3d': {'center': [-1.898478738886794, 5.4115245020939025, 57.84666612623188], 'normal': [-0.30536320510022835, 0.5729769478935748, -0.7605594849539906], 'radius': 2.7137715565388203}, 'confidence': 0.9999656295295859, 'timestamp': 360863.372139, 'diameter_3d': 5.427543113077641, 'ellipse': {'center': [139.9504289483442, 177.45933831380486], 'axes': [40.5762932025496, 58.20475846499371], 'angle': -62.70401513298756}, 'location': [139.9504289483442, 177.45933831380486], 'diameter': 58.20475846499371, 'sphere': {'center': [1.765879722315946, -1.4641988726289945, 66.97337994567977], 'radius': 12.0}, 'projected_sphere': {'center': [176.3474716181845, 106.4453115287556], 'axes': [222.17782665394446, 222.17782665394446], 'angle': 90.0}, 'model_confidence': 0.9716544952951267, 'model_id': 32, 'model_birth_timestamp': 360848.025353, 'theta': 2.180929912068639, 'phi': -1.95259352109598, 'norm_pos': [0.43734509046357567, 0.26058609035914637], 'topic': 'pupil.1', 'id': 1, 'method': '3d c++'}"
1581495766.79767,"{'circle_3d': {'center': [-1.8807077314691047, 5.440133215224661, 57.861157474595565], 'normal': [-0.30388228781542087, 0.5753610073211379, -0.75935187259035], 'radius': 2.7217680818794996}, 'confidence': 0.9998482086039867, 'timestamp': 360863.380539, 'diameter_3d': 5.443536163758999, 'ellipse': {'center': [140.14560994996884, 177.74740985744273], 'axes': [40.595059427827586, 58.362008911612236], 'angle': -62.92128423398739}, 'location': [140.14560994996884, 177.74740985744273], 'diameter': 58.362008911612236, 'sphere': {'center': [1.765879722315946, -1.4641988726289945, 66.97337994567977], 'radius': 12.0}, 'projected_sphere': {'center': [176.3474716181845, 106.4453115287556], 'axes': [222.17782665394446, 222.17782665394446], 'angle': 90.0}, 'model_confidence': 0.971679325828434, 'model_id': 32, 'model_birth_timestamp': 360848.025353, 'theta': 2.1838417897879303, 'phi': -1.9514633782276154, 'norm_pos': [0.43795503109365264, 0.2593857922606553], 'topic': 'pupil.1', 'id': 1, 'method': '3d c++'}"
1581495766.804926,"{'circle_3d': {'center': [-1.8849861812161774, 5.445127137572416, 57.8666575803509], 'normal': [-0.3042388252943436, 0.5757771675167842, -0.7588935304440716], 'radius': 2.704386935911881}, 'confidence': 0.9998752450674494, 'timestamp': 360863.388939, 'diameter_3d': 5.408773871823762, 'ellipse': {'center': [140.09793890171426, 177.80248820249233], 'axes': [40.298204356668066, 57.98348609604764], 'angle': -62.909032199252735}, 'location': [140.09793890171426, 177.80248820249233], 'diameter': 57.98348609604764, 'sphere': {'center': [1.765879722315946, -1.4641988726289945, 66.97337994567977], 'radius': 12.0}, 'projected_sphere': {'center': [176.3474716181845, 106.4453115287556], 'axes': [222.17782665394446, 222.17782665394446], 'angle': 90.0}, 'model_confidence': 0.9716539857960282, 'model_id': 32, 'model_birth_timestamp': 360848.025353, 'theta': 2.1843506966668627, 'phi': -1.9520765188582132, 'norm_pos': [0.4378060590678571, 0.259156299156282], 'topic': 'pupil.1', 'id': 1, 'method': '3d c++'}"
1581495766.813261,"{'circle_3d': {'center': [-1.9319304514902333, 5.472105417969365, 57.906192801547235], 'normal': [-0.3081508478171816, 0.5780253575498633, -0.7555989286777113], 'radius': 2.7403376208600085}, 'confidence': 0.9999261154607104, 'timestamp': 360863.397339, 'diameter_3d': 5.480675241720017, 'ellipse': {'center': [139.61858848555346, 178.0390113954575], 'axes': [40.56619966078005, 58.71509109175166], 'angle': -62.68285872590595}, 'location': [139.61858848555346, 178.0390113954575], 'diameter': 58.71509109175166, 'sphere': {'center': [1.765879722315946, -1.4641988726289945, 66.97337994567977], 'radius': 12.0}, 'projected_sphere': {'center': [176.3474716181845, 106.4453115287556], 'axes': [222.17782665394446, 222.17782665394446], 'angle': 90.0}, 'model_confidence': 0.9716624148148778, 'model_id': 32, 'model_birth_timestamp': 360848.025353, 'theta': 2.187103088402868, 'phi': -1.9580286808898768, 'norm_pos': [0.4363080890173546, 0.2581707858522605], 'topic': 'pupil.1', 'id': 1, 'method': '3d c++'}"
1581495766.821145,"{'circle_3d': {'center': [-1.9841878187696118, 5.453721496579126, 57.91361332602604], 'normal': [-0.3125056284237965, 0.5764933641006768, -0.7549805516378104], 'radius': 2.728094773264856}, 'confidence': 0.9999591883392389, 'timestamp': 360863.405739, 'diameter_3d': 5.456189546529712, 'ellipse': {'center': [139.06269598683048, 177.84175768172904], 'axes': [40.33816096346901, 58.44490390912752], 'angle': -62.270015550892}, 'location': [139.06269598683048, 177.84175768172904], 'diameter': 58.44490390912752, 'sphere': {'center': [1.765879722315946, -1.4641988726289945, 66.97337994567977], 'radius': 12.0}, 'projected_sphere': {'center': [176.3474716181845, 106.4453115287556], 'axes': [222.17782665394446, 222.17782665394446], 'angle': 90.0}, 'model_confidence': 0.971720847862767, 'model_id': 32, 'model_birth_timestamp': 360848.025353, 'theta': 2.185226934285405, 'phi': -1.9632494232701314, 'norm_pos': [0.43457092495884525, 0.258992676326129], 'topic': 'pupil.1', 'id': 1, 'method': '3d c++'}"
1581495766.8289769,"{'circle_3d': {'center': [-1.9613865606031806, 5.5020615033164555, 57.94128703037234], 'normal': [-0.3106055235765939, 0.5805216979954542, -0.7526744096089523], 'radius': 2.735441611517819}, 'confidence': 0.9999951763380511, 'timestamp': 360863.414139, 'diameter_3d': 5.470883223035638, 'ellipse': {'center': [139.31528604956304, 178.32728823682402], 'axes': [40.25493985735517, 58.57479937261232], 'angle': -62.58612621441453}, 'location': [139.31528604956304, 178.32728823682402], 'diameter': 58.57479937261232, 'sphere': {'center': [1.765879722315946, -1.4641988726289945, 66.97337994567977], 'radius': 12.0}, 'projected_sphere': {'center': [176.3474716181845, 106.4453115287556], 'axes': [222.17782665394446, 222.17782665394446], 'angle': 90.0}, 'model_confidence': 0.9717225212727887, 'model_id': 32, 'model_birth_timestamp': 360848.025353, 'theta': 2.1901655851975, 'phi': -1.9621764673768685, 'norm_pos': [0.4353602689048845, 0.25696963234656656], 'topic': 'pupil.1', 'id': 1, 'method': '3d c++'}"
1581495766.8373451,"{'circle_3d': {'center': [-1.9982310595631378, 5.527398722416605, 57.97621188619048], 'normal': [-0.31367589848992367, 0.5826331329204666, -0.7497640049574407], 'radius': 2.7076292522200465}, 'confidence': 0.9996757890426584, 'timestamp': 360863.422539, 'diameter_3d': 5.415258504440093, 'ellipse': {'center': [138.92874731467535, 178.57543837790953], 'axes': [39.61090638720657, 57.94392491215024], 'angle': -62.42582816656771}, 'location': [138.92874731467535, 178.57543837790953], 'diameter': 57.94392491215024, 'sphere': {'center': [1.765879722315946, -1.4641988726289945, 66.97337994567977], 'radius': 12.0}, 'projected_sphere': {'center': [176.3474716181845, 106.4453115287556], 'axes': [222.17782665394446, 222.17782665394446], 'angle': 90.0}, 'model_confidence': 0.9716575065315647, 'model_id': 32, 'model_birth_timestamp': 360848.025353, 'theta': 2.1927611102402262, 'phi': -1.9670346735637132, 'norm_pos': [0.43415233535836045, 0.25593567342537693], 'topic': 'pupil.1', 'id': 1, 'method': '3d c++'}"
1581495766.84565,"{'circle_3d': {'center': [-2.0224767684872695, 5.502686010777866, 57.96722260084362], 'normal': [-0.3156963742336013, 0.5805737402839051, -0.7505131120696791], 'radius': 2.711978575621374}, 'confidence': 0.9999199882660503, 'timestamp': 360863.430939, 'diameter_3d': 5.423957151242748, 'ellipse': {'center': [138.66933980011302, 178.31951573562714], 'axes': [39.73775612048313, 58.045921406022515], 'angle': -62.18152989154302}, 'location': [138.66933980011302, 178.31951573562714], 'diameter': 58.045921406022515, 'sphere': {'center': [1.765879722315946, -1.4641988726289945, 66.97337994567977], 'radius': 12.0}, 'projected_sphere': {'center': [176.3474716181845, 106.4453115287556], 'axes': [222.17782665394446, 222.17782665394446], 'angle': 90.0}, 'model_confidence': 0.9716688478360824, 'model_id': 32, 'model_birth_timestamp': 360848.025353, 'theta': 2.190229501449351, 'phi': -1.9689688365747124, 'norm_pos': [0.4333416868753532, 0.2570020177682203], 'topic': 'pupil.1', 'id': 1, 'method': '3d c++'}"
1581495766.853287,"{'circle_3d': {'center': [-2.049075592401743, 5.515933450653661, 57.98873367016219], 'normal': [-0.31791294289314076, 0.5816776936068879, -0.7487205229597984], 'radius': 2.6968462325855227}, 'confidence': 0.9996116764292768, 'timestamp': 360863.439339, 'diameter_3d': 5.393692465171045, 'ellipse': {'center': [138.39048207304523, 178.44642100610494], 'axes': [39.372545382889726, 57.70040758778752], 'angle': -62.0504805526354}, 'location': [138.39048207304523, 178.44642100610494], 'diameter': 57.70040758778752, 'sphere': {'center': [1.765879722315946, -1.4641988726289945, 66.97337994567977], 'radius': 12.0}, 'projected_sphere': {'center': [176.3474716181845, 106.4453115287556], 'axes': [222.17782665394446, 222.17782665394446], 'angle': 90.0}, 'model_confidence': 0.9716419365371043, 'model_id': 32, 'model_birth_timestamp': 360848.025353, 'theta': 2.1915860200253166, 'phi': -1.9723351477701325, 'norm_pos': [0.43247025647826637, 0.2564732458078961], 'topic': 'pupil.1', 'id': 1, 'method': '3d c++'}"
1581495766.860957,"{'circle_3d': {'center': [-2.0464349270301447, 5.499821545733475, 57.975120301336766], 'normal': [-0.31769288744550755, 0.5803350348635391, -0.7498549703619166], 'radius': 2.7408191380109783}, 'confidence': 0.9999681812838098, 'timestamp': 360863.447738, 'diameter_3d': 5.481638276021957, 'ellipse': {'center': [138.4239269934065, 178.27042066739864], 'axes': [40.10896130837429, 58.65580339919079], 'angle': -62.01313707768036}, 'location': [138.4239269934065, 178.27042066739864], 'diameter': 58.65580339919079, 'sphere': {'center': [1.765879722315946, -1.4641988726289945, 66.97337994567977], 'radius': 12.0}, 'projected_sphere': {'center': [176.3474716181845, 106.4453115287556], 'axes': [222.17782665394446, 222.17782665394446], 'angle': 90.0}, 'model_confidence': 0.971694378787058, 'model_id': 32, 'model_birth_timestamp': 360848.025353, 'theta': 2.1899363569768013, 'phi': -1.9715419846493936, 'norm_pos': [0.4325747718543953, 0.25720658055250567], 'topic': 'pupil.1', 'id': 1, 'method': '3d c++'}"
1581495766.873257,"{'circle_3d': {'center': [-2.0434842536315116, 5.5486684909199635, 58.01188244581828], 'normal': [-0.3174469979956214, 0.5844056136290798, -0.7467914583217905], 'radius': 2.751724633031276}, 'confidence': 0.9998659714227275, 'timestamp': 360863.456138, 'diameter_3d': 5.503449266062552, 'ellipse': {'center': [138.46960906989463, 178.750861134949], 'axes': [40.015549317941186, 58.852450211634036], 'angle': -62.19814377344172}, 'location': [138.46960906989463, 178.750861134949], 'diameter': 58.852450211634036, 'sphere': {'center': [1.765879722315946, -1.4641988726289945, 66.97337994567977], 'radius': 12.0}, 'projected_sphere': {'center': [176.3474716181845, 106.4453115287556], 'axes': [222.17782665394446, 222.17782665394446], 'angle': 90.0}, 'model_confidence': 0.971777036811794, 'model_id': 32, 'model_birth_timestamp': 360848.025353, 'theta': 2.1949437026680125, 'phi': -1.972735736588141, 'norm_pos': [0.4327175283434207, 0.25520474527104586], 'topic': 'pupil.1', 'id': 1, 'method': '3d c++'}"
1581495766.881418,"{'circle_3d': {'center': [-2.0815555924915614, 5.517104183439467, 58.003505412683154], 'normal': [-0.32061960956729224, 0.5817752546723718, -0.7474895444163845], 'radius': 2.734816784684789}, 'confidence': 0.999996579551931, 'timestamp': 360863.464538, 'diameter_3d': 5.469633569369578, 'ellipse': {'center': [138.05903049021055, 178.43031669316696], 'axes': [39.82963708159522, 58.49870902635982], 'angle': -61.84048070782535}, 'location': [138.05903049021055, 178.43031669316696], 'diameter': 58.49870902635982, 'sphere': {'center': [1.765879722315946, -1.4641988726289945, 66.97337994567977], 'radius': 12.0}, 'projected_sphere': {'center': [176.3474716181845, 106.4453115287556], 'axes': [222.17782665394446, 222.17782665394446], 'angle': 90.0}, 'model_confidence': 0.9718878946641918, 'model_id': 32, 'model_birth_timestamp': 360848.025353, 'theta': 2.191705964612721, 'phi': -1.975989783647649, 'norm_pos': [0.43143447028190796, 0.2565403471118043], 'topic': 'pupil.1', 'id': 1, 'method': '3d c++'}"
1581495766.8904939,"{'circle_3d': {'center': [-2.0806896254120852, 5.490760738069881, 57.98269359442345], 'normal': [-0.3205474456440026, 0.5795799675582396, -0.7492238626046925], 'radius': 2.7171986162563853}, 'confidence': 0.9997888468966375, 'timestamp': 360863.472938, 'diameter_3d': 5.4343972325127705, 'ellipse': {'center': [138.05736398882283, 178.17666296031138], 'axes': [39.7139445373904, 58.14216316385446], 'angle': -61.75592902132633}, 'location': [138.05736398882283, 178.17666296031138], 'diameter': 58.14216316385446, 'sphere': {'center': [1.765879722315946, -1.4641988726289945, 66.97337994567977], 'radius': 12.0}, 'projected_sphere': {'center': [176.3474716181845, 106.4453115287556], 'axes': [222.17782665394446, 222.17782665394446], 'angle': 90.0}, 'model_confidence': 0.971899851994773, 'model_id': 32, 'model_birth_timestamp': 360848.025353, 'theta': 2.1890094921844603, 'phi': -1.9750694636622532, 'norm_pos': [0.43142926246507135, 0.25759723766536924], 'topic': 'pupil.1', 'id': 1, 'method': '3d c++'}"
1581495766.898371,"{'circle_3d': {'center': [-2.1009029874006613, 5.5170369175929, 58.01177638843838], 'normal': [-0.32223189247638395, 0.5817696491851579, -0.7468002964367826], 'radius': 2.7297982227523288}, 'confidence': 0.999555010486386, 'timestamp': 360863.481338, 'diameter_3d': 5.4595964455046575, 'ellipse': {'center': [137.85530776825692, 178.4240147731839], 'axes': [39.70157188859561, 58.38293364936376], 'angle': -61.71317170488863}, 'location': [137.85530776825692, 178.4240147731839], 'diameter': 58.38293364936376, 'sphere': {'center': [1.765879722315946, -1.4641988726289945, 66.97337994567977], 'radius': 12.0}, 'projected_sphere': {'center': [176.3474716181845, 106.4453115287556], 'axes': [222.17782665394446, 222.17782665394446], 'angle': 90.0}, 'model_confidence': 0.9718696394780069, 'model_id': 32, 'model_birth_timestamp': 360848.025353, 'theta': 2.1916990727749712, 'phi': -1.9781455873553646, 'norm_pos': [0.43079783677580286, 0.2565666051117338], 'topic': 'pupil.1', 'id': 1, 'method': '3d c++'}"
1581495766.905211,"{'circle_3d': {'center': [-2.0964374959621104, 5.503088803793199, 57.9990048621785], 'normal': [-0.321859768189838, 0.5806073063685161, -0.747864590291772], 'radius': 2.7376911756548306}, 'confidence': 0.9998700786698099, 'timestamp': 360863.489738, 'diameter_3d': 5.475382351309661, 'ellipse': {'center': [137.90023512195643, 178.28453531599007], 'axes': [39.90362488381468, 58.564702716651986], 'angle': -61.69465602593945}, 'location': [137.90023512195643, 178.28453531599007], 'diameter': 58.564702716651986, 'sphere': {'center': [1.765879722315946, -1.4641988726289945, 66.97337994567977], 'radius': 12.0}, 'projected_sphere': {'center': [176.3474716181845, 106.4453115287556], 'axes': [222.17782665394446, 222.17782665394446], 'angle': 90.0}, 'model_confidence': 0.9718812013500222, 'model_id': 32, 'model_birth_timestamp': 360848.025353, 'theta': 2.190270727513867, 'phi': -1.9772080549265882, 'norm_pos': [0.4309382347561138, 0.25714776951670804], 'topic': 'pupil.1', 'id': 1, 'method': '3d c++'}"
1581495766.914569,"{'circle_3d': {'center': [-2.1432264061510553, 5.516530263482817, 58.02976155016326], 'normal': [-0.32575884403891675, 0.5817274280093176, -0.7453015329597095], 'radius': 2.7497882403734466}, 'confidence': 0.9996288595336567, 'timestamp': 360863.498138, 'diameter_3d': 5.499576480746893, 'ellipse': {'center': [137.41685758442466, 178.39426113750716], 'axes': [39.872868828424835, 58.79267187503161], 'angle': -61.43452175071761}, 'location': [137.41685758442466, 178.39426113750716], 'diameter': 58.79267187503161, 'sphere': {'center': [1.765879722315946, -1.4641988726289945, 66.97337994567977], 'radius': 12.0}, 'projected_sphere': {'center': [176.3474716181845, 106.4453115287556], 'axes': [222.17782665394446, 222.17782665394446], 'angle': 90.0}, 'model_confidence': 0.9720670982455215, 'model_id': 32, 'model_birth_timestamp': 360848.025353, 'theta': 2.1916471637502086, 'phi': -1.9828569494436863, 'norm_pos': [0.4294276799513271, 0.25669057859372013], 'topic': 'pupil.1', 'id': 1, 'method': '3d c++'}"
1581495766.9210398,"{'circle_3d': {'center': [-2.126487640468498, 5.496224522684186, 58.00666469029737], 'normal': [-0.3243639468987036, 0.5800352829427651, -0.7472262712818664], 'radius': 2.746511989142342}, 'confidence': 0.9999597023542752, 'timestamp': 360863.506538, 'diameter_3d': 5.493023978284684, 'ellipse': {'center': [137.58588594033628, 178.20119230452948], 'axes': [39.98233800419216, 58.7457857801452], 'angle': -61.47384969469769}, 'location': [137.58588594033628, 178.20119230452948], 'diameter': 58.7457857801452, 'sphere': {'center': [1.765879722315946, -1.4641988726289945, 66.97337994567977], 'radius': 12.0}, 'projected_sphere': {'center': [176.3474716181845, 106.4453115287556], 'axes': [222.17782665394446, 222.17782665394446], 'angle': 90.0}, 'model_confidence': 0.9721019235523709, 'model_id': 32, 'model_birth_timestamp': 360848.025353, 'theta': 2.1895683304714133, 'phi': -1.9803415810035168, 'norm_pos': [0.4299558935635509, 0.25749503206446045], 'topic': 'pupil.1', 'id': 1, 'method': '3d c++'}"
1581495766.929612,"{'circle_3d': {'center': [-2.0911419291694084, 5.496757295472329, 57.99181698560732], 'normal': [-0.32141847095711285, 0.5800796806751103, -0.7484635800060372], 'radius': 2.7332266949170525}, 'confidence': 0.9999294914021407, 'timestamp': 360863.514938, 'diameter_3d': 5.466453389834105, 'ellipse': {'center': [137.95304330953383, 178.2256610397504], 'axes': [39.88712640729877, 58.47630632475266], 'angle': -61.70771932455409}, 'location': [137.95304330953383, 178.2256610397504], 'diameter': 58.47630632475266, 'sphere': {'center': [1.765879722315946, -1.4641988726289945, 66.97337994567977], 'radius': 12.0}, 'projected_sphere': {'center': [176.3474716181845, 106.4453115287556], 'axes': [222.17782665394446, 222.17782665394446], 'angle': 90.0}, 'model_confidence': 0.9721127953751574, 'model_id': 32, 'model_birth_timestamp': 360848.025353, 'theta': 2.1896228346026207, 'phi': -1.9764197251579885, 'norm_pos': [0.4311032603422932, 0.25739307900104], 'topic': 'pupil.1', 'id': 1, 'method': '3d c++'}"
1581495766.937352,"{'circle_3d': {'center': [-2.121950636665141, 5.467648943560214, 57.982592385461366], 'normal': [-0.3239858632484239, 0.577653984682434, -0.7492322966848666], 'radius': 2.7189356000502514}, 'confidence': 0.9997010823337117, 'timestamp': 360863.523338, 'diameter_3d': 5.437871200100503, 'ellipse': {'center': [137.6196131763037, 177.93066952921322], 'axes': [39.74345176921857, 58.17931782387731], 'angle': -61.40450887024278}, 'location': [137.6196131763037, 177.93066952921322], 'diameter': 58.17931782387731, 'sphere': {'center': [1.765879722315946, -1.4641988726289945, 66.97337994567977], 'radius': 12.0}, 'projected_sphere': {'center': [176.3474716181845, 106.4453115287556], 'axes': [222.17782665394446, 222.17782665394446], 'angle': 90.0}, 'model_confidence': 0.9720705759511339, 'model_id': 32, 'model_birth_timestamp': 360848.025353, 'theta': 2.186648058398209, 'phi': -1.978938142779783, 'norm_pos': [0.43006129117594905, 0.2586222102949449], 'topic': 'pupil.1', 'id': 1, 'method': '3d c++'}"
1581495766.945251,"{'circle_3d': {'center': [-2.11615548375888, 5.451329351832474, 57.967533398271115], 'normal': [-0.32350293383956885, 0.5762940187051223, -0.7504872122840547], 'radius': 2.72131747681879}, 'confidence': 0.9996296233923624, 'timestamp': 360863.531738, 'diameter_3d': 5.44263495363758, 'ellipse': {'center': [137.67661291689984, 177.77010409165035], 'axes': [39.88048282497997, 58.24534711119998], 'angle': -61.385781700843104}, 'location': [137.67661291689984, 177.77010409165035], 'diameter': 58.24534711119998, 'sphere': {'center': [1.765879722315946, -1.4641988726289945, 66.97337994567977], 'radius': 12.0}, 'projected_sphere': {'center': [176.3474716181845, 106.4453115287556], 'axes': [222.17782665394446, 222.17782665394446], 'angle': 90.0}, 'model_confidence': 0.9720421715766037, 'model_id': 32, 'model_birth_timestamp': 360848.025353, 'theta': 2.184982988871562, 'phi': -1.9777862895276994, 'norm_pos': [0.430239415365312, 0.25929123295145684], 'topic': 'pupil.1', 'id': 1, 'method': '3d c++'}"
1581495766.957429,"{'circle_3d': {'center': [-2.14753911821499, 5.433526081691155, 57.967462811199425], 'normal': [-0.32611823671091134, 0.5748104128600124, -0.7504930945400283], 'radius': 2.7509015432611883}, 'confidence': 0.999815241580475, 'timestamp': 360863.540138, 'diameter_3d': 5.501803086522377, 'ellipse': {'center': [137.35012250130643, 177.56940408322396], 'axes': [40.31794319736717, 58.87912259021603], 'angle': -61.117054315621985}, 'location': [137.35012250130643, 177.56940408322396], 'diameter': 58.87912259021603, 'sphere': {'center': [1.765879722315946, -1.4641988726289945, 66.97337994567977], 'radius': 12.0}, 'projected_sphere': {'center': [176.3474716181845, 106.4453115287556], 'axes': [222.17782665394446, 222.17782665394446], 'angle': 90.0}, 'model_confidence': 0.9720919734699573, 'model_id': 32, 'model_birth_timestamp': 360848.025353, 'theta': 2.1831687680457716, 'phi': -1.9807184537337972, 'norm_pos': [0.4292191328165826, 0.26012748298656685], 'topic': 'pupil.1', 'id': 1, 'method': '3d c++'}"
1581495766.965421,"{'circle_3d': {'center': [-2.118605314442471, 5.456280049424671, 57.97239402809213], 'normal': [-0.3237070863965347, 0.5767065768378055, -0.7500821597989695], 'radius': 2.7456433967543843}, 'confidence': 0.9997653595727053, 'timestamp': 360863.548538, 'diameter_3d': 5.491286793508769, 'ellipse': {'center': [137.65781072601138, 177.80865017048626], 'axes': [40.20444440857384, 58.761620742217964], 'angle': -61.38694392084157}, 'location': [137.65781072601138, 177.80865017048626], 'diameter': 58.761620742217964, 'sphere': {'center': [1.765879722315946, -1.4641988726289945, 66.97337994567977], 'radius': 12.0}, 'projected_sphere': {'center': [176.3474716181845, 106.4453115287556], 'axes': [222.17782665394446, 222.17782665394446], 'angle': 90.0}, 'model_confidence': 0.9720767742055103, 'model_id': 32, 'model_birth_timestamp': 360848.025353, 'theta': 2.1854878960915554, 'phi': -1.9782120375985255, 'norm_pos': [0.43018065851878556, 0.2591306242896406], 'topic': 'pupil.1', 'id': 1, 'method': '3d c++'}"
1581495766.9735942,"{'circle_3d': {'center': [-2.116775233183742, 5.413149821555672, 57.938610140359316], 'normal': [-0.32355457962497397, 0.5731123911820556, -0.7528974837767044], 'radius': 2.7090411811264388}, 'confidence': 0.9994510899509029, 'timestamp': 360863.556938, 'diameter_3d': 5.4180823622528775, 'ellipse': {'center': [137.65746461238538, 177.39549330117234], 'axes': [39.896742338417084, 58.011026206663566], 'angle': -61.247880485327606}, 'location': [137.65746461238538, 177.39549330117234], 'diameter': 58.011026206663566, 'sphere': {'center': [1.765879722315946, -1.4641988726289945, 66.97337994567977], 'radius': 12.0}, 'projected_sphere': {'center': [176.3474716181845, 106.4453115287556], 'axes': [222.17782665394446, 222.17782665394446], 'angle': 90.0}, 'model_confidence': 0.9720888988808518, 'model_id': 32, 'model_birth_timestamp': 360848.025353, 'theta': 2.1810951827216813, 'phi': -1.9766798864250832, 'norm_pos': [0.43017957691370434, 0.2608521112451153], 'topic': 'pupil.1', 'id': 1, 'method': '3d c++'}"
1581495766.981248,"{'circle_3d': {'center': [-2.1270279493615236, 5.456966108792281, 57.97656133242861], 'normal': [-0.32440897263978913, 0.576763748451773, -0.7497348844375966], 'radius': 2.753010060461287}, 'confidence': 0.9999663516148138, 'timestamp': 360863.565338, 'diameter_3d': 5.506020120922574, 'ellipse': {'center': [137.57148593234368, 177.80923197846056], 'axes': [40.28449173781673, 58.91520856239121], 'angle': -61.33396178304288}, 'location': [137.57148593234368, 177.80923197846056], 'diameter': 58.91520856239121, 'sphere': {'center': [1.765879722315946, -1.4641988726289945, 66.97337994567977], 'radius': 12.0}, 'projected_sphere': {'center': [176.3474716181845, 106.4453115287556], 'axes': [222.17782665394446, 222.17782665394446], 'angle': 90.0}, 'model_confidence': 0.9721100552971595, 'model_id': 32, 'model_birth_timestamp': 360848.025353, 'theta': 2.1855578794823547, 'phi': -1.9791693501408238, 'norm_pos': [0.429910893538574, 0.2591282000897477], 'topic': 'pupil.1', 'id': 1, 'method': '3d c++'}"
1581495766.9893792,"{'circle_3d': {'center': [-2.0898770930446933, 5.450419243014326, 57.95555339514016], 'normal': [-0.32131306794671993, 0.57621817630361, -0.7514855458783012], 'radius': 2.7563435549664534}, 'confidence': 0.9999115153193779, 'timestamp': 360863.573738, 'diameter_3d': 5.512687109932907, 'ellipse': {'center': [137.95972578803608, 177.75738771366434], 'axes': [40.47536997521919, 59.00793969626359], 'angle': -61.55594984586651}, 'location': [137.95972578803608, 177.75738771366434], 'diameter': 59.00793969626359, 'sphere': {'center': [1.765879722315946, -1.4641988726289945, 66.97337994567977], 'radius': 12.0}, 'projected_sphere': {'center': [176.3474716181845, 106.4453115287556], 'axes': [222.17782665394446, 222.17782665394446], 'angle': 90.0}, 'model_confidence': 0.9721369237475685, 'model_id': 32, 'model_birth_timestamp': 360848.025353, 'theta': 2.184890189089584, 'phi': -1.9748422141697817, 'norm_pos': [0.43112414308761277, 0.25934421785973194], 'topic': 'pupil.1', 'id': 1, 'method': '3d c++'}"
1581495766.997313,"{'circle_3d': {'center': [-2.070923240712739, 5.4773548750059415, 57.968171753106446], 'normal': [-0.3197335802523904, 0.5784628123029113, -0.7504340160477769], 'radius': 2.736606959057324}, 'confidence': 0.9995777863517555, 'timestamp': 360863.582138, 'diameter_3d': 5.473213918114648, 'ellipse': {'center': [138.1606688503375, 178.03986425780235], 'axes': [40.096872964859024, 58.5724377795066], 'angle': -61.77429508833376}, 'location': [138.1606688503375, 178.03986425780235], 'diameter': 58.5724377795066, 'sphere': {'center': [1.765879722315946, -1.4641988726289945, 66.97337994567977], 'radius': 12.0}, 'projected_sphere': {'center': [176.3474716181845, 106.4453115287556], 'axes': [222.17782665394446, 222.17782665394446], 'angle': 90.0}, 'model_confidence': 0.9723054648687501, 'model_id': 32, 'model_birth_timestamp': 360848.025353, 'theta': 2.187639274410467, 'phi': -1.97356859273136, 'norm_pos': [0.43175209015730465, 0.25816723225915683], 'topic': 'pupil.1', 'id': 1, 'method': '3d c++'}"
1581495767.005114,"{'circle_3d': {'center': [-2.102448638788812, 5.506736575584626, 58.00442824174517], 'normal': [-0.3223606967587298, 0.5809112873511351, -0.7474126419945499], 'radius': 2.717419988416444}, 'confidence': 0.9993362848588105, 'timestamp': 360863.590538, 'diameter_3d': 5.434839976832888, 'ellipse': {'center': [137.8336495584314, 178.3263057735747], 'axes': [39.571229911083755, 58.12523096349147], 'angle': -61.66768474538752}, 'location': [137.8336495584314, 178.3263057735747], 'diameter': 58.12523096349147, 'sphere': {'center': [1.765879722315946, -1.4641988726289945, 66.97337994567977], 'radius': 12.0}, 'projected_sphere': {'center': [176.3474716181845, 106.4453115287556], 'axes': [222.17782665394446, 222.17782665394446], 'angle': 90.0}, 'model_confidence': 0.9722226364145214, 'model_id': 32, 'model_birth_timestamp': 360848.025353, 'theta': 2.190644133974856, 'phi': -1.9779928386528827, 'norm_pos': [0.43073015487009814, 0.2569737259434388], 'topic': 'pupil.1', 'id': 1, 'method': '3d c++'}"
1581495767.013725,"{'circle_3d': {'center': [-2.0878990400132427, 5.527608941637093, 58.01441724124862], 'normal': [-0.32114823019409905, 0.5826506511888406, -0.7465802253692619], 'radius': 2.694521823688755}, 'confidence': 0.9991597875569086, 'timestamp': 360863.598938, 'diameter_3d': 5.38904364737751, 'ellipse': {'center': [137.9862817455519, 178.5476594986715], 'axes': [39.168691111797834, 57.62518853137891], 'angle': -61.83460948454331}, 'location': [137.9862817455519, 178.5476594986715], 'diameter': 57.62518853137891, 'sphere': {'center': [1.765879722315946, -1.4641988726289945, 66.97337994567977], 'radius': 12.0}, 'projected_sphere': {'center': [176.3474716181845, 106.4453115287556], 'axes': [222.17782665394446, 222.17782665394446], 'angle': 90.0}, 'model_confidence': 0.9719866991207415, 'model_id': 32, 'model_birth_timestamp': 360848.025353, 'theta': 2.1927826651107907, 'phi': -1.9770285964597292, 'norm_pos': [0.4312071304548497, 0.2560514187555355], 'topic': 'pupil.1', 'id': 1, 'method': '3d c++'}"
1581495767.021116,"{'circle_3d': {'center': [-2.082242566601062, 5.547253079211072, 58.02734750796872], 'normal': [-0.32067685740975066, 0.5842876626533389, -0.745502703142587], 'radius': 2.7216240882726335}, 'confidence': 0.9995959959220637, 'timestamp': 360863.607338, 'diameter_3d': 5.443248176545267, 'ellipse': {'center': [138.05665289016966, 178.7335735093789], 'axes': [39.47506366886153, 58.192526791697816], 'angle': -61.93854396719726}, 'location': [138.05665289016966, 178.7335735093789], 'diameter': 58.192526791697816, 'sphere': {'center': [1.765879722315946, -1.4641988726289945, 66.97337994567977], 'radius': 12.0}, 'projected_sphere': {'center': [176.3474716181845, 106.4453115287556], 'axes': [222.17782665394446, 222.17782665394446], 'angle': 90.0}, 'model_confidence': 0.9719452966205577, 'model_id': 32, 'model_birth_timestamp': 360848.025353, 'theta': 2.1947983540901608, 'phi': -1.9770196917015952, 'norm_pos': [0.4314270402817802, 0.25527677704425455], 'topic': 'pupil.1', 'id': 1, 'method': '3d c++'}"
1581495767.029202,"{'circle_3d': {'center': [-2.1174352711276736, 5.54321710423846, 58.03940065373831], 'normal': [-0.3236095827869683, 0.5839513314056212, -0.7444982743284545], 'radius': 2.7265770815404378}, 'confidence': 0.9993736899616927, 'timestamp': 360863.615738, 'diameter_3d': 5.4531541630808755, 'ellipse': {'center': [137.6884255811392, 178.67770400058265], 'axes': [39.467935697151624, 58.28640578347771], 'angle': -61.69446380417956}, 'location': [137.6884255811392, 178.67770400058265], 'diameter': 58.28640578347771, 'sphere': {'center': [1.765879722315946, -1.4641988726289945, 66.97337994567977], 'radius': 12.0}, 'projected_sphere': {'center': [176.3474716181845, 106.4453115287556], 'axes': [222.17782665394446, 222.17782665394446], 'angle': 90.0}, 'model_confidence': 0.9717977654409626, 'model_id': 32, 'model_birth_timestamp': 360848.025353, 'theta': 2.1943839834498213, 'phi': -1.9808272831536995, 'norm_pos': [0.43027632994106, 0.25550956666423896], 'topic': 'pupil.1', 'id': 1, 'method': '3d c++'}"
1581495767.041475,"{'circle_3d': {'center': [-2.1030306050311793, 5.57202518402445, 58.05580830854009], 'normal': [-0.32240919394559375, 0.5863520047211204, -0.7431309697616402], 'radius': 2.7757067588223774}, 'confidence': 0.9999252897698427, 'timestamp': 360863.624138, 'diameter_3d': 5.551413517644755, 'ellipse': {'center': [137.85783832564528, 178.9485570554815], 'axes': [40.065763513153755, 59.321155213630284], 'angle': -61.886455899609835}, 'location': [137.85783832564528, 178.9485570554815], 'diameter': 59.321155213630284, 'sphere': {'center': [1.765879722315946, -1.4641988726289945, 66.97337994567977], 'radius': 12.0}, 'projected_sphere': {'center': [176.3474716181845, 106.4453115287556], 'axes': [222.17782665394446, 222.17782665394446], 'angle': 90.0}, 'model_confidence': 0.9717996232109893, 'model_id': 32, 'model_birth_timestamp': 360848.025353, 'theta': 2.197344403836899, 'phi': -1.980141123920012, 'norm_pos': [0.4308057447676415, 0.25438101226882703], 'topic': 'pupil.1', 'id': 1, 'method': '3d c++'}"
1581495767.049943,"{'circle_3d': {'center': [-2.1168750146111783, 5.568808889528361, 58.059288995375056], 'normal': [-0.323562894743927, 0.5860839801797796, -0.7428409125253927], 'radius': 2.720340750335023}, 'confidence': 0.9990119318347395, 'timestamp': 360863.632538, 'diameter_3d': 5.440681500670046, 'ellipse': {'center': [137.6996539530344, 178.93325844197506], 'axes': [39.242542272550814, 58.13321645158578], 'angle': -61.78519525491927}, 'location': [137.6996539530344, 178.93325844197506], 'diameter': 58.13321645158578, 'sphere': {'center': [1.765879722315946, -1.4641988726289945, 66.97337994567977], 'radius': 12.0}, 'projected_sphere': {'center': [176.3474716181845, 106.4453115287556], 'axes': [222.17782665394446, 222.17782665394446], 'angle': 90.0}, 'model_confidence': 0.9715821464758245, 'model_id': 32, 'model_birth_timestamp': 360848.025353, 'theta': 2.197013571974686, 'phi': -1.9815898487192998, 'norm_pos': [0.4303114186032325, 0.25444475649177056], 'topic': 'pupil.1', 'id': 1, 'method': '3d c++'}"
1581495767.057652,"{'circle_3d': {'center': [-2.0852215715391678, 5.566198913962952, 58.043512881341655], 'normal': [-0.32092510782125944, 0.5858664822159956, -0.7441555886948424], 'radius': 2.753122369875876}, 'confidence': 0.9996634590626284, 'timestamp': 360863.640938, 'diameter_3d': 5.506244739751752, 'ellipse': {'center': [138.0374832755802, 178.90714870159695], 'axes': [39.822020511291576, 58.85042067592447], 'angle': -61.98316242890097}, 'location': [138.0374832755802, 178.90714870159695], 'diameter': 58.85042067592447, 'sphere': {'center': [1.765879722315946, -1.4641988726289945, 66.97337994567977], 'radius': 12.0}, 'projected_sphere': {'center': [176.3474716181845, 106.4453115287556], 'axes': [222.17782665394446, 222.17782665394446], 'angle': 90.0}, 'model_confidence': 0.971513703365412, 'model_id': 32, 'model_birth_timestamp': 360848.025353, 'theta': 2.196745164975346, 'phi': -1.9779579238855074, 'norm_pos': [0.43136713523618814, 0.2545535470766793], 'topic': 'pupil.1', 'id': 1, 'method': '3d c++'}"
1581495767.066828,"{'circle_3d': {'center': [-2.102078884985265, 5.565152573733206, 58.04997731799732], 'normal': [-0.3223298839417676, 0.58577928719685, -0.7436168856402045], 'radius': 2.7327575776663595}, 'confidence': 0.9997185578132703, 'timestamp': 360863.649338, 'diameter_3d': 5.465515155332719, 'ellipse': {'center': [137.8562459056655, 178.89818297888235], 'axes': [39.484219569602466, 58.408163672298805], 'angle': -61.869370592937194}, 'location': [137.8562459056655, 178.89818297888235], 'diameter': 58.408163672298805, 'sphere': {'center': [1.765879722315946, -1.4641988726289945, 66.97337994567977], 'radius': 12.0}, 'projected_sphere': {'center': [176.3474716181845, 106.4453115287556], 'axes': [222.17782665394446, 222.17782665394446], 'angle': 90.0}, 'model_confidence': 0.9715192002221595, 'model_id': 32, 'model_birth_timestamp': 360848.025353, 'theta': 2.196637575128812, 'phi': -1.9798127269058503, 'norm_pos': [0.4308007684552047, 0.2545909042546569], 'topic': 'pupil.1', 'id': 1, 'method': '3d c++'}"
1581495767.074273,"{'circle_3d': {'center': [-2.1344464649512034, 5.564539409542624, 58.06359354006637], 'normal': [-0.3250271822722624, 0.5857281901809682, -0.7424822004677828], 'radius': 2.7494037540430294}, 'confidence': 0.999669537999904, 'timestamp': 360863.657738, 'diameter_3d': 5.498807508086059, 'ellipse': {'center': [137.52135688413395, 178.8725263776638], 'axes': [39.634604524194195, 58.7505287845394], 'angle': -61.65626725712688}, 'location': [137.52135688413395, 178.8725263776638], 'diameter': 58.7505287845394, 'sphere': {'center': [1.765879722315946, -1.4641988726289945, 66.97337994567977], 'radius': 12.0}, 'projected_sphere': {'center': [176.3474716181845, 106.4453115287556], 'axes': [222.17782665394446, 222.17782665394446], 'angle': 90.0}, 'model_confidence': 0.9715081794979707, 'model_id': 32, 'model_birth_timestamp': 360848.025353, 'theta': 2.1965745304600786, 'phi': -1.9834229134621089, 'norm_pos': [0.4297542402629186, 0.2546978067597342], 'topic': 'pupil.1', 'id': 1, 'method': '3d c++'}"
1581495767.082945,"{'circle_3d': {'center': [-2.107214956043353, 5.546554272758234, 58.03758239051392], 'normal': [-0.32275788986327486, 0.584229428782269, -0.7446497962638207], 'radius': 2.7173348910507245}, 'confidence': 0.9989714449416651, 'timestamp': 360863.666138, 'diameter_3d': 5.434669782101449, 'ellipse': {'center': [137.79415339347997, 178.7184201694871], 'axes': [39.34537760359761, 58.0904813266096], 'angle': -61.77262842527937}, 'location': [137.79415339347997, 178.7184201694871], 'diameter': 58.0904813266096, 'sphere': {'center': [1.765879722315946, -1.4641988726289945, 66.97337994567977], 'radius': 12.0}, 'projected_sphere': {'center': [176.3474716181845, 106.4453115287556], 'axes': [222.17782665394446, 222.17782665394446], 'angle': 90.0}, 'model_confidence': 0.971292475559371, 'model_id': 32, 'model_birth_timestamp': 360848.025353, 'theta': 2.1947265992888596, 'phi': -1.9797904310264813, 'norm_pos': [0.4306067293546249, 0.25533991596047045], 'topic': 'pupil.1', 'id': 1, 'method': '3d c++'}"
1581495767.088779,"{'circle_3d': {'center': [-2.0756868498984504, 5.603681259464303, 58.06903063146226], 'normal': [-0.32013054768453303, 0.5889900110077748, -0.7420291095181255], 'radius': 2.7886210446674493}, 'confidence': 0.9998932766825964, 'timestamp': 360863.674538, 'diameter_3d': 5.577242089334899, 'ellipse': {'center': [138.15500903863096, 179.26673403031583], 'axes': [40.15836527833725, 59.58409298763763], 'angle': -62.171455715371735}, 'location': [138.15500903863096, 179.26673403031583], 'diameter': 59.58409298763763, 'sphere': {'center': [1.765879722315946, -1.4641988726289945, 66.97337994567977], 'radius': 12.0}, 'projected_sphere': {'center': [176.3474716181845, 106.4453115287556], 'axes': [222.17782665394446, 222.17782665394446], 'angle': 90.0}, 'model_confidence': 0.9713851939425755, 'model_id': 32, 'model_birth_timestamp': 360848.025353, 'theta': 2.200604828199397, 'phi': -1.9780971222137103, 'norm_pos': [0.43173440324572177, 0.25305527487368407], 'topic': 'pupil.1', 'id': 1, 'method': '3d c++'}"
1581495767.096716,"{'circle_3d': {'center': [-2.0608406099994294, 5.622818780202921, 58.07785341338878], 'normal': [-0.31889336102628124, 0.5905848044026596, -0.7412938776909156], 'radius': 2.7169616760585034}, 'confidence': 0.998534596187638, 'timestamp': 360863.682938, 'diameter_3d': 5.433923352117007, 'ellipse': {'center': [138.2992159558522, 179.4900392394116], 'axes': [39.06342653969365, 58.042740522239086], 'angle': -62.33210467545773}, 'location': [138.2992159558522, 179.4900392394116], 'diameter': 58.042740522239086, 'sphere': {'center': [1.765879722315946, -1.4641988726289945, 66.97337994567977], 'radius': 12.0}, 'projected_sphere': {'center': [176.3474716181845, 106.4453115287556], 'axes': [222.17782665394446, 222.17782665394446], 'angle': 90.0}, 'model_confidence': 0.9710515282149834, 'model_id': 32, 'model_birth_timestamp': 360848.025353, 'theta': 2.2025796621804563, 'phi': -1.977050340038869, 'norm_pos': [0.4321850498620381, 0.25212483650245165], 'topic': 'pupil.1', 'id': 1, 'method': '3d c++'}"
1581495767.105818,"{'circle_3d': {'center': [-2.0382847755305953, 5.674889890247418, 58.10987363558466], 'normal': [-0.3170137081538784, 0.5949240635730344, -0.7386255258412584], 'radius': 2.712484994716021}, 'confidence': 0.9987376149642393, 'timestamp': 360863.691338, 'diameter_3d': 5.424969989432042, 'ellipse': {'center': [138.5477167137641, 180.01371347860368], 'axes': [38.78102714546804, 57.915437735646485], 'angle': -62.650722651206216}, 'location': [138.5477167137641, 180.01371347860368], 'diameter': 57.915437735646485, 'sphere': {'center': [1.765879722315946, -1.4641988726289945, 66.97337994567977], 'radius': 12.0}, 'projected_sphere': {'center': [176.3474716181845, 106.4453115287556], 'axes': [222.17782665394446, 222.17782665394446], 'angle': 90.0}, 'model_confidence': 0.9707816413506154, 'model_id': 32, 'model_birth_timestamp': 360848.025353, 'theta': 2.2079674982728608, 'phi': -1.9762140334316183, 'norm_pos': [0.43296161473051276, 0.24994286050581804], 'topic': 'pupil.1', 'id': 1, 'method': '3d c++'}"
1581495767.112787,"{'circle_3d': {'center': [-2.0443909236024496, 5.764366156773319, 58.18533777346902], 'normal': [-0.31752255382653294, 0.6023804191168595, -0.7323368476842288], 'radius': 2.783471709081092}, 'confidence': 0.9998398407135054, 'timestamp': 360863.699738, 'diameter_3d': 5.566943418162184, 'ellipse': {'center': [138.52291850457055, 180.86147138928806], 'axes': [39.2777852258997, 59.356248074106055], 'angle': -62.900296474819875}, 'location': [138.52291850457055, 180.86147138928806], 'diameter': 59.356248074106055, 'sphere': {'center': [1.765879722315946, -1.4641988726289945, 66.97337994567977], 'radius': 12.0}, 'projected_sphere': {'center': [176.3474716181845, 106.4453115287556], 'axes': [222.17782665394446, 222.17782665394446], 'angle': 90.0}, 'model_confidence': 0.9707613441923835, 'model_id': 32, 'model_birth_timestamp': 360848.025353, 'theta': 2.217276291480724, 'phi': -1.9799071450708747, 'norm_pos': [0.432884120326783, 0.24641053587796646], 'topic': 'pupil.1', 'id': 1, 'method': '3d c++'}"
1581495767.1254132,"{'circle_3d': {'center': [-2.0367512107680277, 5.806903072735423, 58.21717788731732], 'normal': [-0.3168859110903311, 0.6059251621137015, -0.729683504863537], 'radius': 2.7212422236497797}, 'confidence': 0.9984306708598163, 'timestamp': 360863.708138, 'diameter_3d': 5.4424844472995595, 'ellipse': {'center': [138.6004196324335, 181.30592360332656], 'axes': [38.183061488766825, 57.9964296561496], 'angle': -63.084891417497445}, 'location': [138.6004196324335, 181.30592360332656], 'diameter': 57.9964296561496, 'sphere': {'center': [1.765879722315946, -1.4641988726289945, 66.97337994567977], 'radius': 12.0}, 'projected_sphere': {'center': [176.3474716181845, 106.4453115287556], 'axes': [222.17782665394446, 222.17782665394446], 'angle': 90.0}, 'model_confidence': 0.9703870975408369, 'model_id': 32, 'model_birth_timestamp': 360848.025353, 'theta': 2.2217246426970716, 'phi': -1.9804996862196826, 'norm_pos': [0.4331263113513547, 0.244558651652806], 'topic': 'pupil.1', 'id': 1, 'method': '3d c++'}"
1581495767.133201,"{'circle_3d': {'center': [-2.001642007323394, 5.781309683648569, 58.18086120656957], 'normal': [-0.31396014413661166, 0.6037923796897969, -0.73270989492585], 'radius': 2.7348687259940956}, 'confidence': 0.999399349584795, 'timestamp': 360863.716538, 'diameter_3d': 5.469737451988191, 'ellipse': {'center': [138.96326909677146, 181.0645128508019], 'axes': [38.61714390398337, 58.323344614548944], 'angle': -63.231103611194975}, 'location': [138.96326909677146, 181.0645128508019], 'diameter': 58.323344614548944, 'sphere': {'center': [1.765879722315946, -1.4641988726289945, 66.97337994567977], 'radius': 12.0}, 'projected_sphere': {'center': [176.3474716181845, 106.4453115287556], 'axes': [222.17782665394446, 222.17782665394446], 'angle': 90.0}, 'model_confidence': 0.9702243340481198, 'model_id': 32, 'model_birth_timestamp': 360848.025353, 'theta': 2.2190463852306603, 'phi': -1.975620795349999, 'norm_pos': [0.4342602159274108, 0.24556452978832544], 'topic': 'pupil.1', 'id': 1, 'method': '3d c++'}"
1581495767.141097,"{'circle_3d': {'center': [-1.962706581417882, 5.729606346967005, 58.122006569862776], 'normal': [-0.3107155253111523, 0.5994837682996667, -0.7376144479847491], 'radius': 2.7437262453589075}, 'confidence': 0.9994234466898261, 'timestamp': 360863.724938, 'diameter_3d': 5.487452490717815, 'ellipse': {'center': [139.3590673007573, 180.56954684701233], 'axes': [39.139385384135956, 58.57131386260558], 'angle': -63.32099014774753}, 'location': [139.3590673007573, 180.56954684701233], 'diameter': 58.57131386260558, 'sphere': {'center': [1.765879722315946, -1.4641988726289945, 66.97337994567977], 'radius': 12.0}, 'projected_sphere': {'center': [176.3474716181845, 106.4453115287556], 'axes': [222.17782665394446, 222.17782665394446], 'angle': 90.0}, 'model_confidence': 0.9701793784917201, 'model_id': 32, 'model_birth_timestamp': 360848.025353, 'theta': 2.2136523019920173, 'phi': -1.9694811562349916, 'norm_pos': [0.4354970853148665, 0.2476268881374486], 'topic': 'pupil.1', 'id': 1, 'method': '3d c++'}"
1581495767.1494122,"{'circle_3d': {'center': [-1.9449027265325076, 5.647873157105558, 58.04877771021931], 'normal': [-0.30923187073737113, 0.592672669144546, -0.7437168529550378], 'radius': 2.7319146139904475}, 'confidence': 0.9999212336616007, 'timestamp': 360863.733338, 'diameter_3d': 5.463829227980895, 'ellipse': {'center': [139.52267628350006, 179.77696355171662], 'axes': [39.466864867283725, 58.39190482259558], 'angle': -63.17610120014362}, 'location': [139.52267628350006, 179.77696355171662], 'diameter': 58.39190482259558, 'sphere': {'center': [1.765879722315946, -1.4641988726289945, 66.97337994567977], 'radius': 12.0}, 'projected_sphere': {'center': [176.3474716181845, 106.4453115287556], 'axes': [222.17782665394446, 222.17782665394446], 'angle': 90.0}, 'model_confidence': 0.9701663315413, 'model_id': 32, 'model_birth_timestamp': 360848.025353, 'theta': 2.205169390495193, 'phi': -1.9648423417172736, 'norm_pos': [0.4360083633859377, 0.25092931853451406], 'topic': 'pupil.1', 'id': 1, 'method': '3d c++'}"
1581495767.157472,"{'circle_3d': {'center': [-1.9389744248727447, 5.562716001026809, 57.979130499147075], 'normal': [-0.30873784559905754, 0.585576239471317, -0.7495207872110574], 'radius': 2.6948246117320998}, 'confidence': 0.9995484362150352, 'timestamp': 360863.741738, 'diameter_3d': 5.3896492234641995, 'ellipse': {'center': [139.55616109328886, 178.95286643176004], 'axes': [39.39853763694887, 57.666983882176304], 'angle': -62.937458799853864}, 'location': [139.55616109328886, 178.95286643176004], 'diameter': 57.666983882176304, 'sphere': {'center': [1.765879722315946, -1.4641988726289945, 66.97337994567977], 'radius': 12.0}, 'projected_sphere': {'center': [176.3474716181845, 106.4453115287556], 'axes': [222.17782665394446, 222.17782665394446], 'angle': 90.0}, 'model_confidence': 0.9700839072097844, 'model_id': 32, 'model_birth_timestamp': 360848.025353, 'theta': 2.1963870671616457, 'phi': -1.9615307181652417, 'norm_pos': [0.4361130034165277, 0.2543630565343331], 'topic': 'pupil.1', 'id': 1, 'method': '3d c++'}"
1581495767.165167,"{'circle_3d': {'center': [-1.9091323451330167, 5.522239481426167, 57.93546174351111], 'normal': [-0.30625100562074686, 0.5822031961712635, -0.7531598501807214], 'radius': 2.7669572278635024}, 'confidence': 0.9999736744286742, 'timestamp': 360863.750138, 'diameter_3d': 5.533914455727005, 'ellipse': {'center': [139.87562657961197, 178.5342615010906], 'axes': [40.7555521108491, 59.25641942812655], 'angle': -63.00340724070675}, 'location': [139.87562657961197, 178.5342615010906], 'diameter': 59.25641942812655, 'sphere': {'center': [1.765879722315946, -1.4641988726289945, 66.97337994567977], 'radius': 12.0}, 'projected_sphere': {'center': [176.3474716181845, 106.4453115287556], 'axes': [222.17782665394446, 222.17782665394446], 'angle': 90.0}, 'model_confidence': 0.9700783668079471, 'model_id': 32, 'model_birth_timestamp': 360848.025353, 'theta': 2.192232210745602, 'phi': -1.9569978483614785, 'norm_pos': [0.4371113330612874, 0.2561072437454558], 'topic': 'pupil.1', 'id': 1, 'method': '3d c++'}"
1581495767.1728818,"{'circle_3d': {'center': [-1.938061376454175, 5.471695402502911, 57.908381824277086], 'normal': [-0.3086617582308434, 0.5779911895943255, -0.7554165101168897], 'radius': 2.736924533287542}, 'confidence': 0.9933521712574532, 'timestamp': 360863.758538, 'diameter_3d': 5.473849066575084, 'ellipse': {'center': [139.5533318032252, 178.03403189021205], 'axes': [40.50103768960428, 58.639671475752024], 'angle': -62.64026586517059}, 'location': [139.5533318032252, 178.03403189021205], 'diameter': 58.639671475752024, 'sphere': {'center': [1.765879722315946, -1.4641988726289945, 66.97337994567977], 'radius': 12.0}, 'projected_sphere': {'center': [176.3474716181845, 106.4453115287556], 'axes': [222.17782665394446, 222.17782665394446], 'angle': 90.0}, 'model_confidence': 0.9700468190454448, 'model_id': 32, 'model_birth_timestamp': 360848.025353, 'theta': 2.187061217494068, 'phi': -1.9586928219832649, 'norm_pos': [0.4361041618850788, 0.2581915337907831], 'topic': 'pupil.1', 'id': 1, 'method': '3d c++'}"
1581495767.181976,"{'circle_3d': {'center': [-1.9187251310624178, 5.477116708462506, 57.90465208130116], 'normal': [-0.307050404448197, 0.5784429650909584, -0.7557273220315506], 'radius': 2.7476772829661855}, 'confidence': 0.9998009244366753, 'timestamp': 360863.766938, 'diameter_3d': 5.495354565932371, 'ellipse': {'center': [139.76011602968035, 178.09072469263683], 'axes': [40.68456823335102, 58.87410682884797], 'angle': -62.78854415627975}, 'location': [139.76011602968035, 178.09072469263683], 'diameter': 58.87410682884797, 'sphere': {'center': [1.765879722315946, -1.4641988726289945, 66.97337994567977], 'radius': 12.0}, 'projected_sphere': {'center': [176.3474716181845, 106.4453115287556], 'axes': [222.17782665394446, 222.17782665394446], 'angle': 90.0}, 'model_confidence': 0.9699929325798218, 'model_id': 32, 'model_birth_timestamp': 360848.025353, 'theta': 2.1876149433724814, 'phi': -1.9567200878993014, 'norm_pos': [0.4367503625927511, 0.25795531378067993], 'topic': 'pupil.1', 'id': 1, 'method': '3d c++'}"
1581495767.189486,"{'circle_3d': {'center': [-1.8706953959762205, 5.564477130079026, 57.9526795816296], 'normal': [-0.3030479265243472, 0.5857230002256684, -0.7517250303375135], 'radius': 2.722136055022396}, 'confidence': 0.9992755803931704, 'timestamp': 360863.775338, 'diameter_3d': 5.444272110044792, 'ellipse': {'center': [140.27928645098885, 178.98520715336144], 'axes': [39.97314795859089, 58.27859711466867], 'angle': -63.400104805743176}, 'location': [140.27928645098885, 178.98520715336144], 'diameter': 58.27859711466867, 'sphere': {'center': [1.765879722315946, -1.4641988726289945, 66.97337994567977], 'radius': 12.0}, 'projected_sphere': {'center': [176.3474716181845, 106.4453115287556], 'axes': [222.17782665394446, 222.17782665394446], 'angle': 90.0}, 'model_confidence': 0.9698553403584165, 'model_id': 32, 'model_birth_timestamp': 360848.025353, 'theta': 2.1965681271350297, 'phi': -1.9540038028462123, 'norm_pos': [0.4383727701593402, 0.2542283035276607], 'topic': 'pupil.1', 'id': 1, 'method': '3d c++'}"
1581495767.197215,"{'circle_3d': {'center': [-1.8497228987975458, 5.615136961776235, 57.98391823599418], 'normal': [-0.3013002184261243, 0.5899446528671025, -0.7491218091404654], 'radius': 2.75656574096309}, 'confidence': 0.9993602777687506, 'timestamp': 360863.783738, 'diameter_3d': 5.51313148192618, 'ellipse': {'center': [140.5185704677093, 179.48024961912026], 'axes': [40.262073207900954, 58.98500402501009], 'angle': -63.70436562192095}, 'location': [140.5185704677093, 179.48024961912026], 'diameter': 58.98500402501009, 'sphere': {'center': [1.765879722315946, -1.4641988726289945, 66.97337994567977], 'radius': 12.0}, 'projected_sphere': {'center': [176.3474716181845, 106.4453115287556], 'axes': [222.17782665394446, 222.17782665394446], 'angle': 90.0}, 'model_confidence': 0.9696819774928533, 'model_id': 32, 'model_birth_timestamp': 360848.025353, 'theta': 2.201786619734973, 'phi': -1.9532017531495454, 'norm_pos': [0.43912053271159157, 0.2521656265869989], 'topic': 'pupil.1', 'id': 1, 'method': '3d c++'}"
1581495767.2095501,"{'circle_3d': {'center': [-1.8626748469211216, 5.659160228922593, 58.024003048464465], 'normal': [-0.3023795474364223, 0.5936132584626322, -0.7457814081012751], 'radius': 2.774842767366058}, 'confidence': 0.9998117199250044, 'timestamp': 360863.792138, 'diameter_3d': 5.549685534732116, 'ellipse': {'center': [140.396742818061, 179.90252315162053], 'axes': [40.25256955951753, 59.33579220401019], 'angle': -63.75813550789597}, 'location': [140.396742818061, 179.90252315162053], 'diameter': 59.33579220401019, 'sphere': {'center': [1.765879722315946, -1.4641988726289945, 66.97337994567977], 'radius': 12.0}, 'projected_sphere': {'center': [176.3474716181845, 106.4453115287556], 'axes': [222.17782665394446, 222.17782665394446], 'angle': 90.0}, 'model_confidence': 0.9696614554889904, 'model_id': 32, 'model_birth_timestamp': 360848.025353, 'theta': 2.206337683608769, 'phi': -1.9559949831698615, 'norm_pos': [0.4387398213064406, 0.25040615353491447], 'topic': 'pupil.1', 'id': 1, 'method': '3d c++'}"
1581495767.2179,"{'circle_3d': {'center': [-1.8471120598850088, 5.667540675170715, 58.02438104054529], 'normal': [-0.3010826485167462, 0.5943116289833091, -0.745749908761206], 'radius': 2.760261603626237}, 'confidence': 0.9994630506099581, 'timestamp': 360863.800538, 'diameter_3d': 5.520523207252474, 'ellipse': {'center': [140.55880680879534, 179.99702223161634], 'axes': [40.03662960243648, 59.02336081290158], 'angle': -63.888457142055486}, 'location': [140.55880680879534, 179.99702223161634], 'diameter': 59.02336081290158, 'sphere': {'center': [1.765879722315946, -1.4641988726289945, 66.97337994567977], 'radius': 12.0}, 'projected_sphere': {'center': [176.3474716181845, 106.4453115287556], 'axes': [222.17782665394446, 222.17782665394446], 'angle': 90.0}, 'model_confidence': 0.9696495754647927, 'model_id': 32, 'model_birth_timestamp': 360848.025353, 'theta': 2.207205771682814, 'phi': -1.954515276240715, 'norm_pos': [0.43924627127748544, 0.25001240736826524], 'topic': 'pupil.1', 'id': 1, 'method': '3d c++'}"
1581495767.2271109,"{'circle_3d': {'center': [-1.7830928765996539, 5.665750488420616, 57.997377739741175], 'normal': [-0.2957477165763, 0.5941624467541342, -0.7480001838282161], 'radius': 2.7428499491316236}, 'confidence': 0.9992311902176451, 'timestamp': 360863.808938, 'diameter_3d': 5.485699898263247, 'ellipse': {'center': [141.22675704908846, 180.01048911811452], 'axes': [39.96299931690752, 58.677983708472105], 'angle': -64.31162638129817}, 'location': [141.22675704908846, 180.01048911811452], 'diameter': 58.677983708472105, 'sphere': {'center': [1.765879722315946, -1.4641988726289945, 66.97337994567977], 'radius': 12.0}, 'projected_sphere': {'center': [176.3474716181845, 106.4453115287556], 'axes': [222.17782665394446, 222.17782665394446], 'angle': 90.0}, 'model_confidence': 0.9694359438948363, 'model_id': 32, 'model_birth_timestamp': 360848.025353, 'theta': 2.207020288540161, 'phi': -1.9473175468183457, 'norm_pos': [0.44133361577840147, 0.24995629534118946], 'topic': 'pupil.1', 'id': 1, 'method': '3d c++'}"
1581495767.2331278,"{'circle_3d': {'center': [-1.8162153659371263, 5.646689600049016, 57.995414702494195], 'normal': [-0.29850792402108933, 0.5925740393898342, -0.7481637702654644], 'radius': 2.7571684068627262}, 'confidence': 0.9997814812030535, 'timestamp': 360863.817338, 'diameter_3d': 5.5143368137254525, 'ellipse': {'center': [140.8776777527556, 179.80418895018283], 'axes': [40.18856189628538, 58.98645328360485], 'angle': -64.0293642217233}, 'location': [140.8776777527556, 179.80418895018283], 'diameter': 58.98645328360485, 'sphere': {'center': [1.765879722315946, -1.4641988726289945, 66.97337994567977], 'radius': 12.0}, 'projected_sphere': {'center': [176.3474716181845, 106.4453115287556], 'axes': [222.17782665394446, 222.17782665394446], 'angle': 90.0}, 'model_confidence': 0.9694047155916818, 'model_id': 32, 'model_birth_timestamp': 360848.025353, 'theta': 2.205046942028899, 'phi': -1.950429475735788, 'norm_pos': [0.44024274297736127, 0.2508158793742382], 'topic': 'pupil.1', 'id': 1, 'method': '3d c++'}"
1581495767.241224,"{'circle_3d': {'center': [-1.813338184038191, 5.623331128586848, 57.97581818369673], 'normal': [-0.29826815886284475, 0.5906275001013203, -0.7497968134985863], 'radius': 2.750445562960199}, 'confidence': 0.9997152762800828, 'timestamp': 360863.825738, 'diameter_3d': 5.500891125920398, 'ellipse': {'center': [140.9012077115681, 179.57728677096196], 'axes': [40.225054934645826, 58.862204375899225], 'angle': -63.97478180789457}, 'location': [140.9012077115681, 179.57728677096196], 'diameter': 58.862204375899225, 'sphere': {'center': [1.765879722315946, -1.4641988726289945, 66.97337994567977], 'radius': 12.0}, 'projected_sphere': {'center': [176.3474716181845, 106.4453115287556], 'axes': [222.17782665394446, 222.17782665394446], 'angle': 90.0}, 'model_confidence': 0.9693487447190563, 'model_id': 32, 'model_birth_timestamp': 360848.025353, 'theta': 2.2026325714955712, 'phi': -1.9494035475279872, 'norm_pos': [0.4403162740986503, 0.2517613051209918], 'topic': 'pupil.1', 'id': 1, 'method': '3d c++'}"
1581495767.2509,"{'circle_3d': {'center': [-1.7952655588357096, 5.562062591180734, 57.92076186422324], 'normal': [-0.296762106762638, 0.5855217886508107, -0.7543848401213773], 'radius': 2.7229149738952305}, 'confidence': 0.9991967823454984, 'timestamp': 360863.834138, 'diameter_3d': 5.445829947790461, 'ellipse': {'center': [141.0717065157341, 178.98880648882206], 'axes': [40.19617613402174, 58.32741527903764], 'angle': -63.901305521047675}, 'location': [141.0717065157341, 178.98880648882206], 'diameter': 58.32741527903764, 'sphere': {'center': [1.765879722315946, -1.4641988726289945, 66.97337994567977], 'radius': 12.0}, 'projected_sphere': {'center': [176.3474716181845, 106.4453115287556], 'axes': [222.17782665394446, 222.17782665394446], 'angle': 90.0}, 'model_confidence': 0.9691415782648427, 'model_id': 32, 'model_birth_timestamp': 360848.025353, 'theta': 2.1963198967508837, 'phi': -1.9455853360440067, 'norm_pos': [0.440849082861669, 0.2542133062965747], 'topic': 'pupil.1', 'id': 1, 'method': '3d c++'}"
1581495767.257073,"{'circle_3d': {'center': [-1.7681160463766437, 5.578797154499259, 57.92312686254897], 'normal': [-0.2944996473910491, 0.5869163355940211, -0.7541877569275666], 'radius': 2.7611583026106143}, 'confidence': 0.9996767072290438, 'timestamp': 360863.842538, 'diameter_3d': 5.522316605221229, 'ellipse': {'center': [141.36903054083461, 179.14889179381424], 'axes': [40.74297220444489, 59.14513567093633], 'angle': -64.13897503879598}, 'location': [141.36903054083461, 179.14889179381424], 'diameter': 59.14513567093633, 'sphere': {'center': [1.765879722315946, -1.4641988726289945, 66.97337994567977], 'radius': 12.0}, 'projected_sphere': {'center': [176.3474716181845, 106.4453115287556], 'axes': [222.17782665394446, 222.17782665394446], 'angle': 90.0}, 'model_confidence': 0.9690660588855149, 'model_id': 32, 'model_birth_timestamp': 360848.025353, 'theta': 2.198041235929945, 'phi': -1.9430740395359787, 'norm_pos': [0.44177822044010817, 0.25354628419244063], 'topic': 'pupil.1', 'id': 1, 'method': '3d c++'}"
1581495767.270011,"{'circle_3d': {'center': [-1.7789615340214755, 5.529937081228044, 57.88953919815824], 'normal': [-0.29540343802811847, 0.5828446628214199, -0.7569867289601272], 'radius': 2.7639353625575938}, 'confidence': 0.9996071820241043, 'timestamp': 360863.850938, 'diameter_3d': 5.5278707251151875, 'ellipse': {'center': [141.2450207384215, 178.65943575378796], 'axes': [41.01850811668703, 59.238670010593026], 'angle': -63.908795925608175}, 'location': [141.2450207384215, 178.65943575378796], 'diameter': 59.238670010593026, 'sphere': {'center': [1.765879722315946, -1.4641988726289945, 66.97337994567977], 'radius': 12.0}, 'projected_sphere': {'center': [176.3474716181845, 106.4453115287556], 'axes': [222.17782665394446, 222.17782665394446], 'angle': 90.0}, 'model_confidence': 0.9689755445148607, 'model_id': 32, 'model_birth_timestamp': 360848.025353, 'theta': 2.193021403654934, 'phi': -1.9428571873272658, 'norm_pos': [0.4413906898075671, 0.2555856843592168], 'topic': 'pupil.1', 'id': 1, 'method': '3d c++'}"
1581495767.273302,"{'circle_3d': {'center': [-1.7183259905546506, 5.539756288320195, 57.873658925021324], 'normal': [-0.2903504760725497, 0.5836629300790991, -0.7583100850548701], 'radius': 2.7244621391579065}, 'confidence': 0.9992894560818247, 'timestamp': 360863.859338, 'diameter_3d': 5.448924278315813, 'ellipse': {'center': [141.877045375592, 178.79459716690852], 'axes': [40.53514601873937, 58.40795954117803], 'angle': -64.35448624613417}, 'location': [141.877045375592, 178.79459716690852], 'diameter': 58.40795954117803, 'sphere': {'center': [1.765879722315946, -1.4641988726289945, 66.97337994567977], 'radius': 12.0}, 'projected_sphere': {'center': [176.3474716181845, 106.4453115287556], 'axes': [222.17782665394446, 222.17782665394446], 'angle': 90.0}, 'model_confidence': 0.968779443648371, 'model_id': 32, 'model_birth_timestamp': 360848.025353, 'theta': 2.19402876231699, 'phi': -1.936467547980256, 'norm_pos': [0.44336576679872497, 0.2550225118045478], 'topic': 'pupil.1', 'id': 1, 'method': '3d c++'}"
1581495767.284458,"{'circle_3d': {'center': [-1.6830997174322924, 5.496453765292568, 57.82713177069624], 'normal': [-0.28741495331235317, 0.5800543864934635, -0.7621873479152941], 'radius': 2.760202262863796}, 'confidence': 0.9998526619125866, 'timestamp': 360863.867738, 'diameter_3d': 5.520404525727592, 'ellipse': {'center': [142.24695301701706, 178.36204940134786], 'axes': [41.388792075865574, 59.222214732023474], 'angle': -64.45908304235543}, 'location': [142.24695301701706, 178.36204940134786], 'diameter': 59.222214732023474, 'sphere': {'center': [1.765879722315946, -1.4641988726289945, 66.97337994567977], 'radius': 12.0}, 'projected_sphere': {'center': [176.3474716181845, 106.4453115287556], 'axes': [222.17782665394446, 222.17782665394446], 'angle': 90.0}, 'model_confidence': 0.968800102606171, 'model_id': 32, 'model_birth_timestamp': 360848.025353, 'theta': 2.189591782365622, 'phi': -1.9314000485567364, 'norm_pos': [0.4445217281781783, 0.25682479416105053], 'topic': 'pupil.1', 'id': 1, 'method': '3d c++'}"
1581495767.293428,"{'circle_3d': {'center': [-1.6857468902627353, 5.478795348004749, 57.814717107711274], 'normal': [-0.2876355510482234, 0.5785828517194787, -0.7632219031640408], 'radius': 2.722339572692377}, 'confidence': 0.998667572253553, 'timestamp': 360863.876138, 'diameter_3d': 5.444679145384754, 'ellipse': {'center': [142.20750859623683, 178.20096192775296], 'axes': [40.905663232342576, 58.42149793668541], 'angle': -64.38427910710833}, 'location': [142.20750859623683, 178.20096192775296], 'diameter': 58.42149793668541, 'sphere': {'center': [1.765879722315946, -1.4641988726289945, 66.97337994567977], 'radius': 12.0}, 'projected_sphere': {'center': [176.3474716181845, 106.4453115287556], 'axes': [222.17782665394446, 222.17782665394446], 'angle': 90.0}, 'model_confidence': 0.9685928186879855, 'model_id': 32, 'model_birth_timestamp': 360848.025353, 'theta': 2.1877864417423623, 'phi': -1.9312055693052974, 'norm_pos': [0.4443984643632401, 0.257495991967696], 'topic': 'pupil.1', 'id': 1, 'method': '3d c++'}"
1581495767.301475,"{'circle_3d': {'center': [-1.6988679207896051, 5.497837904304611, 57.834147609962585], 'normal': [-0.2887289702587959, 0.5801697314111338, -0.7616026946430982], 'radius': 2.7500297732698615}, 'confidence': 0.9995492230815602, 'timestamp': 360863.884538, 'diameter_3d': 5.500059546539723, 'ellipse': {'center': [142.07885166154927, 178.3745422978124], 'axes': [41.188657764775584, 58.99659424298037], 'angle': -64.3546443577639}, 'location': [142.07885166154927, 178.3745422978124], 'diameter': 58.99659424298037, 'sphere': {'center': [1.765879722315946, -1.4641988726289945, 66.97337994567977], 'radius': 12.0}, 'projected_sphere': {'center': [176.3474716181845, 106.4453115287556], 'axes': [222.17782665394446, 222.17782665394446], 'angle': 90.0}, 'model_confidence': 0.9684749810575433, 'model_id': 32, 'model_birth_timestamp': 360848.025353, 'theta': 2.189733390375542, 'phi': -1.9331628498946418, 'norm_pos': [0.4439964114423415, 0.2567727404257816], 'topic': 'pupil.1', 'id': 1, 'method': '3d c++'}"
1581495767.3205729,"{'circle_3d': {'center': [-1.6817650542287816, 5.483138818145912, 57.816511239342304], 'normal': [-0.2873037313787273, 0.5789448075645756, -0.7630723921947883], 'radius': 2.72589739923694}, 'confidence': 0.9993954822523942, 'timestamp': 360863.901338, 'diameter_3d': 5.45179479847388, 'ellipse': {'center': [142.2511208401959, 178.24411202498376], 'axes': [40.946494697340896, 58.49613731708769], 'angle': -64.42574386066379}, 'location': [142.2511208401959, 178.24411202498376], 'diameter': 58.49613731708769, 'sphere': {'center': [1.765879722315946, -1.4641988726289945, 66.97337994567977], 'radius': 12.0}, 'projected_sphere': {'center': [176.3474716181845, 106.4453115287556], 'axes': [222.17782665394446, 222.17782665394446], 'angle': 90.0}, 'model_confidence': 0.9683233840029337, 'model_id': 32, 'model_birth_timestamp': 360848.025353, 'theta': 2.188230289664834, 'phi': -1.9308894232279126, 'norm_pos': [0.4445347526256122, 0.25731619989590093], 'topic': 'pupil.1', 'id': 1, 'method': '3d c++'}"
1581495767.3253918,"{'circle_3d': {'center': [-1.6437430698287565, 5.5019074764352975, 57.816533613627804], 'normal': [-0.2841352326787252, 0.5805088624220244, -0.763070527670997], 'radius': 2.7301392096697046}, 'confidence': 0.9992460547193381, 'timestamp': 360863.909738, 'diameter_3d': 5.460278419339409, 'ellipse': {'center': [142.65678345023082, 178.44216530507703], 'axes': [41.00671565308487, 58.587379406931326], 'angle': -64.74885035380913}, 'location': [142.65678345023082, 178.44216530507703], 'diameter': 58.587379406931326, 'sphere': {'center': [1.765879722315946, -1.4641988726289945, 66.97337994567977], 'radius': 12.0}, 'projected_sphere': {'center': [176.3474716181845, 106.4453115287556], 'axes': [222.17782665394446, 222.17782665394446], 'angle': 90.0}, 'model_confidence': 0.9681776600604652, 'model_id': 32, 'model_birth_timestamp': 360848.025353, 'theta': 2.190149821508678, 'phi': -1.9272485031135431, 'norm_pos': [0.4458024482819713, 0.25649097789551234], 'topic': 'pupil.1', 'id': 1, 'method': '3d c++'}"
1581495767.333739,"{'circle_3d': {'center': [-1.654007351798252, 5.492323364978739, 57.813075870051286], 'normal': [-0.2849905895095165, 0.5797101864673111, -0.7633586729690399], 'radius': 2.7738472263707306}, 'confidence': 0.9992316561064141, 'timestamp': 360863.918138, 'diameter_3d': 5.547694452741461, 'ellipse': {'center': [142.55581001510086, 178.32529482487354], 'axes': [41.68967234702474, 59.52971129944513], 'angle': -64.64735765610867}, 'location': [142.55581001510086, 178.32529482487354], 'diameter': 59.52971129944513, 'sphere': {'center': [1.765879722315946, -1.4641988726289945, 66.97337994567977], 'radius': 12.0}, 'projected_sphere': {'center': [176.3474716181845, 106.4453115287556], 'axes': [222.17782665394446, 222.17782665394446], 'angle': 90.0}, 'model_confidence': 0.9679826645248801, 'model_id': 32, 'model_birth_timestamp': 360848.025353, 'theta': 2.1891692956618987, 'phi': -1.9281088633024988, 'norm_pos': [0.4454869062971902, 0.2569779382296936], 'topic': 'pupil.1', 'id': 1, 'method': '3d c++'}"
1581495767.343912,"{'circle_3d': {'center': [-1.6524600151090494, 5.5362594962006035, 57.84602895725904], 'normal': [-0.28486164478541626, 0.5833715307357998, -0.7606125823683941], 'radius': 2.753612236001324}, 'confidence': 0.9996078356928755, 'timestamp': 360863.926538, 'diameter_3d': 5.507224472002648, 'ellipse': {'center': [142.5765165785581, 178.77096879972763], 'axes': [41.15554455865903, 59.06168925526137], 'angle': -64.79666849685545}, 'location': [142.5765165785581, 178.77096879972763], 'diameter': 59.06168925526137, 'sphere': {'center': [1.765879722315946, -1.4641988726289945, 66.97337994567977], 'radius': 12.0}, 'projected_sphere': {'center': [176.3474716181845, 106.4453115287556], 'axes': [222.17782665394446, 222.17782665394446], 'angle': 90.0}, 'model_confidence': 0.9678919550140219, 'model_id': 32, 'model_birth_timestamp': 360848.025353, 'theta': 2.1936699406507563, 'phi': -1.9291426733017638, 'norm_pos': [0.4455516143079941, 0.2551209633344682], 'topic': 'pupil.1', 'id': 1, 'method': '3d c++'}"
1581495767.349899,"{'circle_3d': {'center': [-1.5991466131604402, 5.527265304662409, 57.81936299030977], 'normal': [-0.28041886128969884, 0.5826220147742837, -0.7628347462808331], 'radius': 2.726719489618164}, 'confidence': 0.9992087151116215, 'timestamp': 360863.934938, 'diameter_3d': 5.453438979236328, 'ellipse': {'center': [143.13154453575297, 178.71090545266097], 'axes': [40.931651696567286, 58.5112691157034], 'angle': -65.13809302277619}, 'location': [143.13154453575297, 178.71090545266097], 'diameter': 58.5112691157034, 'sphere': {'center': [1.765879722315946, -1.4641988726289945, 66.97337994567977], 'radius': 12.0}, 'projected_sphere': {'center': [176.3474716181845, 106.4453115287556], 'axes': [222.17782665394446, 222.17782665394446], 'angle': 90.0}, 'model_confidence': 0.9676890941335836, 'model_id': 32, 'model_birth_timestamp': 360848.025353, 'theta': 2.1927474303964134, 'phi': -1.923064529080124, 'norm_pos': [0.44728607667422804, 0.25537122728057926], 'topic': 'pupil.1', 'id': 1, 'method': '3d c++'}"
1581495767.357106,"{'circle_3d': {'center': [-1.578144799440295, 5.553216001470815, 57.83153174727614], 'normal': [-0.2786687101463534, 0.5847845728416509, -0.7618206832003025], 'radius': 2.799285924368053}, 'confidence': 0.9998057164730636, 'timestamp': 360863.943338, 'diameter_3d': 5.598571848736106, 'ellipse': {'center': [143.37307407114022, 178.94569383728236], 'axes': [41.934982941388604, 60.05751194427114], 'angle': -65.36444845626711}, 'location': [143.37307407114022, 178.94569383728236], 'diameter': 60.05751194427114, 'sphere': {'center': [1.765879722315946, -1.4641988726289945, 66.97337994567977], 'radius': 12.0}, 'projected_sphere': {'center': [176.3474716181845, 106.4453115287556], 'axes': [222.17782665394446, 222.17782665394446], 'angle': 90.0}, 'model_confidence': 0.96770480266124, 'model_id': 32, 'model_birth_timestamp': 360848.025353, 'theta': 2.195410789382809, 'phi': -1.921470818903621, 'norm_pos': [0.4480408564723132, 0.2543929423446568], 'topic': 'pupil.1', 'id': 1, 'method': '3d c++'}"
1581495767.365831,"{'circle_3d': {'center': [-1.5849337822519434, 5.534025478020965, 57.819315012789275], 'normal': [-0.2792344587139908, 0.5831853625541633, -0.762838744407541], 'radius': 2.7525363916587002}, 'confidence': 0.9997992596267823, 'timestamp': 360863.951738, 'diameter_3d': 5.5050727833174005, 'ellipse': {'center': [143.28812992967175, 178.7722725651407], 'axes': [41.31893553273707, 59.06589079694772], 'angle': -65.25798615820084}, 'location': [143.28812992967175, 178.7722725651407], 'diameter': 59.06589079694772, 'sphere': {'center': [1.765879722315946, -1.4641988726289945, 66.97337994567977], 'radius': 12.0}, 'projected_sphere': {'center': [176.3474716181845, 106.4453115287556], 'axes': [222.17782665394446, 222.17782665394446], 'angle': 90.0}, 'model_confidence': 0.967663515381878, 'model_id': 32, 'model_birth_timestamp': 360848.025353, 'theta': 2.193440746342756, 'phi': -1.921694348557581, 'norm_pos': [0.44777540603022425, 0.2551155309785804], 'topic': 'pupil.1', 'id': 1, 'method': '3d c++'}"
1581495767.377433,"{'circle_3d': {'center': [-1.524048182298899, 5.533191846235292, 57.79662139431815], 'normal': [-0.27416065871790374, 0.5831158932386905, -0.7647298792801346], 'radius': 2.751433857726417}, 'confidence': 0.9998729136253693, 'timestamp': 360863.960138, 'diameter_3d': 5.502867715452834, 'ellipse': {'center': [143.93059254445274, 178.78479143394387], 'axes': [41.454613985134344, 59.06542750142068], 'angle': -65.68076438329705}, 'location': [143.93059254445274, 178.78479143394387], 'diameter': 59.06542750142068, 'sphere': {'center': [1.765879722315946, -1.4641988726289945, 66.97337994567977], 'radius': 12.0}, 'projected_sphere': {'center': [176.3474716181845, 106.4453115287556], 'axes': [222.17782665394446, 222.17782665394446], 'angle': 90.0}, 'model_confidence': 0.9677314013455507, 'model_id': 32, 'model_birth_timestamp': 360848.025353, 'theta': 2.1933552313377946, 'phi': -1.9150291595250724, 'norm_pos': [0.4497831017014148, 0.25506336902523385], 'topic': 'pupil.1', 'id': 1, 'method': '3d c++'}"
1581495767.389345,"{'circle_3d': {'center': [-1.5569828417729477, 5.584258616365494, 57.84771112602528], 'normal': [-0.27690521367407445, 0.5873714574162073, -0.7604724016378739], 'radius': 2.7546228555910837}, 'confidence': 0.999089840470704, 'timestamp': 360863.968538, 'diameter_3d': 5.509245711182167, 'ellipse': {'center': [143.5929319611126, 179.27965801595434], 'axes': [41.150065759642175, 59.08207477808501], 'angle': -65.606314428304}, 'location': [143.5929319611126, 179.27965801595434], 'diameter': 59.08207477808501, 'sphere': {'center': [1.765879722315946, -1.4641988726289945, 66.97337994567977], 'radius': 12.0}, 'projected_sphere': {'center': [176.3474716181845, 106.4453115287556], 'axes': [222.17782665394446, 222.17782665394446], 'angle': 90.0}, 'model_confidence': 0.9674870602535912, 'model_id': 32, 'model_birth_timestamp': 360848.025353, 'theta': 2.198603473894991, 'phi': -1.9199967426113205, 'norm_pos': [0.4487279123784769, 0.2530014249335236], 'topic': 'pupil.1', 'id': 1, 'method': '3d c++'}"
1581495767.393305,"{'circle_3d': {'center': [-1.539419865724503, 5.610443352126177, 57.861605583624325], 'normal': [-0.2754416323367041, 0.5895535187295976, -0.7593145301712868], 'radius': 2.747121806904213}, 'confidence': 0.9992384964388894, 'timestamp': 360863.976938, 'diameter_3d': 5.494243613808426, 'ellipse': {'center': [143.7815854545816, 179.54836760790127], 'axes': [40.939820794274006, 58.907089853902235], 'angle': -65.80735451168681}, 'location': [143.7815854545816, 179.54836760790127], 'diameter': 58.907089853902235, 'sphere': {'center': [1.765879722315946, -1.4641988726289945, 66.97337994567977], 'radius': 12.0}, 'projected_sphere': {'center': [176.3474716181845, 106.4453115287556], 'axes': [222.17782665394446, 222.17782665394446], 'angle': 90.0}, 'model_confidence': 0.9673015750053526, 'model_id': 32, 'model_birth_timestamp': 360848.025353, 'theta': 2.201302294985603, 'phi': -1.9187845943634647, 'norm_pos': [0.4493174545455675, 0.25188180163374474], 'topic': 'pupil.1', 'id': 1, 'method': '3d c++'}"
1581495767.401217,"{'circle_3d': {'center': [-1.575254859242831, 5.609452889912227, 57.87391455203111], 'normal': [-0.27842788179656475, 0.5894709802117685, -0.7582887828040548], 'radius': 2.7738502397879405}, 'confidence': 0.999794031424692, 'timestamp': 360863.985338, 'diameter_3d': 5.547700479575881, 'ellipse': {'center': [143.40888910749516, 179.51522652351503], 'axes': [41.25624387908362, 59.46810767985415], 'angle': -65.55602414523452}, 'location': [143.40888910749516, 179.51522652351503], 'diameter': 59.46810767985415, 'sphere': {'center': [1.765879722315946, -1.4641988726289945, 66.97337994567977], 'radius': 12.0}, 'projected_sphere': {'center': [176.3474716181845, 106.4453115287556], 'axes': [222.17782665394446, 222.17782665394446], 'angle': 90.0}, 'model_confidence': 0.9672957105920865, 'model_id': 32, 'model_birth_timestamp': 360848.025353, 'theta': 2.201200112932181, 'phi': -1.9226928535881516, 'norm_pos': [0.4481527784609224, 0.25201988948535403], 'topic': 'pupil.1', 'id': 1, 'method': '3d c++'}"
1581495767.410654,"{'circle_3d': {'center': [-1.527613442183555, 5.633342135948485, 57.875148556725314], 'normal': [-0.2744577637082917, 0.59146175071479, -0.7581859490795376], 'radius': 2.7745740892488597}, 'confidence': 0.9996529458591839, 'timestamp': 360863.993738, 'diameter_3d': 5.5491481784977195, 'ellipse': {'center': [143.91591369717162, 179.76779032629608], 'axes': [41.253854839370256, 59.48258220013967], 'angle': -65.95779619863386}, 'location': [143.91591369717162, 179.76779032629608], 'diameter': 59.48258220013967, 'sphere': {'center': [1.765879722315946, -1.4641988726289945, 66.97337994567977], 'radius': 12.0}, 'projected_sphere': {'center': [176.3474716181845, 106.4453115287556], 'axes': [222.17782665394446, 222.17782665394446], 'angle': 90.0}, 'model_confidence': 0.9672163656594623, 'model_id': 32, 'model_birth_timestamp': 360848.025353, 'theta': 2.203666802242073, 'phi': -1.918114844123622, 'norm_pos': [0.4497372303036613, 0.25096754030709967], 'topic': 'pupil.1', 'id': 1, 'method': '3d c++'}"
1581495767.417502,"{'circle_3d': {'center': [-1.5138421382839076, 5.647420472105962, 57.881169278702515], 'normal': [-0.2733101550499878, 0.5926349453945797, -0.7576842222481046], 'radius': 2.766281310429708}, 'confidence': 0.9998425756327336, 'timestamp': 360864.002138, 'diameter_3d': 5.532562620859416, 'ellipse': {'center': [144.0620824308214, 179.9153087716325], 'axes': [41.08702266606422, 59.29856997940862], 'angle': -66.095096870998}, 'location': [144.0620824308214, 179.9153087716325], 'diameter': 59.29856997940862, 'sphere': {'center': [1.765879722315946, -1.4641988726289945, 66.97337994567977], 'radius': 12.0}, 'projected_sphere': {'center': [176.3474716181845, 106.4453115287556], 'axes': [222.17782665394446, 222.17782665394446], 'angle': 90.0}, 'model_confidence': 0.9671839202293309, 'model_id': 32, 'model_birth_timestamp': 360848.025353, 'theta': 2.205122555299957, 'phi': -1.9169871722888052, 'norm_pos': [0.45019400759631684, 0.2503528801181979], 'topic': 'pupil.1', 'id': 1, 'method': '3d c++'}"
1581495767.424583,"{'circle_3d': {'center': [-1.502329866729444, 5.642986321372945, 57.87355990898501], 'normal': [-0.27235079908711585, 0.592265432833495, -0.7583183363912299], 'radius': 2.7797293331052773}, 'confidence': 0.9998972476663166, 'timestamp': 360864.010538, 'diameter_3d': 5.5594586662105545, 'ellipse': {'center': [144.18542591060356, 179.8696620917709], 'axes': [41.339349390162646, 59.59493725844145], 'angle': -66.16194900368329}, 'location': [144.18542591060356, 179.8696620917709], 'diameter': 59.59493725844145, 'sphere': {'center': [1.765879722315946, -1.4641988726289945, 66.97337994567977], 'radius': 12.0}, 'projected_sphere': {'center': [176.3474716181845, 106.4453115287556], 'axes': [222.17782665394446, 222.17782665394446], 'angle': 90.0}, 'model_confidence': 0.9671586291115197, 'model_id': 32, 'model_birth_timestamp': 360848.025353, 'theta': 2.2046638793808593, 'phi': -1.9156001225943455, 'norm_pos': [0.4505794559706361, 0.25054307461762126], 'topic': 'pupil.1', 'id': 1, 'method': '3d c++'}"
1581495767.434245,"{'circle_3d': {'center': [-1.5066718786399578, 5.637039133455888, 57.87047794686551], 'normal': [-0.27271263341299196, 0.5917698338404068, -0.7585751665678546], 'radius': 2.7587382124726694}, 'confidence': 0.9995734029722311, 'timestamp': 360864.018938, 'diameter_3d': 5.517476424945339, 'ellipse': {'center': [144.13431825766463, 179.81809971847932], 'axes': [41.0484201283631, 59.1475721591204], 'angle': -66.1141679391446}, 'location': [144.13431825766463, 179.81809971847932], 'diameter': 59.1475721591204, 'sphere': {'center': [1.765879722315946, -1.4641988726289945, 66.97337994567977], 'radius': 12.0}, 'projected_sphere': {'center': [176.3474716181845, 106.4453115287556], 'axes': [222.17782665394446, 222.17782665394446], 'angle': 90.0}, 'model_confidence': 0.9671024498912439, 'model_id': 32, 'model_birth_timestamp': 360848.025353, 'theta': 2.2040489350530863, 'phi': -1.915914876996373, 'norm_pos': [0.45041974455520195, 0.2507579178396695], 'topic': 'pupil.1', 'id': 1, 'method': '3d c++'}"
1581495767.442005,"{'circle_3d': {'center': [-1.483861405501982, 5.6417950371859575, 57.866018464117644], 'normal': [-0.270811760651494, 0.592166159151246, -0.7589467901301771], 'radius': 2.7491101557645856}, 'confidence': 0.9991053741732699, 'timestamp': 360864.027338, 'diameter_3d': 5.498220311529171, 'ellipse': {'center': [144.3739654618614, 179.87687902114754], 'axes': [40.933614488234845, 58.94554264467402], 'angle': -66.28688487364403}, 'location': [144.3739654618614, 179.87687902114754], 'diameter': 58.94554264467402, 'sphere': {'center': [1.765879722315946, -1.4641988726289945, 66.97337994567977], 'radius': 12.0}, 'projected_sphere': {'center': [176.3474716181845, 106.4453115287556], 'axes': [222.17782665394446, 222.17782665394446], 'angle': 90.0}, 'model_confidence': 0.9668521123614271, 'model_id': 32, 'model_birth_timestamp': 360848.025353, 'theta': 2.204540677321231, 'phi': -1.9135390072470349, 'norm_pos': [0.45116864206831686, 0.2505130040785519], 'topic': 'pupil.1', 'id': 1, 'method': '3d c++'}"
1581495767.449641,"{'circle_3d': {'center': [-1.4767752657735864, 5.626530385120642, 57.85160669583896], 'normal': [-0.27022124900746103, 0.5908941048124697, -0.7601477708200673], 'radius': 2.7741075958596184}, 'confidence': 0.9995589938903053, 'timestamp': 360864.035738, 'diameter_3d': 5.548215191719237, 'ellipse': {'center': [144.45103105065593, 179.7175717377177], 'axes': [41.406723543033905, 59.496760154259576], 'angle': -66.29138844932311}, 'location': [144.45103105065593, 179.7175717377177], 'diameter': 59.496760154259576, 'sphere': {'center': [1.765879722315946, -1.4641988726289945, 66.97337994567977], 'radius': 12.0}, 'projected_sphere': {'center': [176.3474716181845, 106.4453115287556], 'axes': [222.17782665394446, 222.17782665394446], 'angle': 90.0}, 'model_confidence': 0.9667493330575372, 'model_id': 32, 'model_birth_timestamp': 360848.025353, 'theta': 2.202962999442479, 'phi': -1.9123493176781619, 'norm_pos': [0.4514094720332998, 0.2511767844261763], 'topic': 'pupil.1', 'id': 1, 'method': '3d c++'}"
1581495767.462121,"{'circle_3d': {'center': [-1.4740472300445477, 5.624699986007221, 57.8492149803038], 'normal': [-0.2699939126967078, 0.590741571553018, -0.7603470804479971], 'radius': 2.74964483439216}, 'confidence': 0.9992361367522214, 'timestamp': 360864.044138, 'diameter_3d': 5.49928966878432, 'ellipse': {'center': [144.474626701945, 179.71057584129105], 'axes': [41.05722692686964, 58.974026866487264], 'angle': -66.30501313630255}, 'location': [144.474626701945, 179.71057584129105], 'diameter': 58.974026866487264, 'sphere': {'center': [1.765879722315946, -1.4641988726289945, 66.97337994567977], 'radius': 12.0}, 'projected_sphere': {'center': [176.3474716181845, 106.4453115287556], 'axes': [222.17782665394446, 222.17782665394446], 'angle': 90.0}, 'model_confidence': 0.966546845643057, 'model_id': 32, 'model_birth_timestamp': 360848.025353, 'theta': 2.2027739410416465, 'phi': -1.912001099891112, 'norm_pos': [0.45148320844357814, 0.25120593399462066], 'topic': 'pupil.1', 'id': 1, 'method': '3d c++'}"
1581495767.469328,"{'circle_3d': {'center': [-1.5061830795815874, 5.593414749856202, 57.83643871919977], 'normal': [-0.27267190015812776, 0.588134468540433, -0.7614117688733333], 'radius': 2.7816824082393676}, 'confidence': 0.9998687512498378, 'timestamp': 360864.052538, 'diameter_3d': 5.563364816478735, 'ellipse': {'center': [144.13622645392604, 179.37624291649263], 'axes': [41.62939299560863, 59.674752468097196], 'angle': -65.98776935560285}, 'location': [144.13622645392604, 179.37624291649263], 'diameter': 59.674752468097196, 'sphere': {'center': [1.765879722315946, -1.4641988726289945, 66.97337994567977], 'radius': 12.0}, 'projected_sphere': {'center': [176.3474716181845, 106.4453115287556], 'axes': [222.17782665394446, 222.17782665394446], 'angle': 90.0}, 'model_confidence': 0.9665546657183333, 'model_id': 32, 'model_birth_timestamp': 360848.025353, 'theta': 2.199546580255734, 'phi': -1.9146809216564993, 'norm_pos': [0.45042570766851886, 0.25259898784794743], 'topic': 'pupil.1', 'id': 1, 'method': '3d c++'}"
1581495767.478431,"{'circle_3d': {'center': [-1.5073149184332275, 5.614582323996267, 57.85323446361231], 'normal': [-0.2727662200624311, 0.5898984330521051, -0.7600121235056218], 'radius': 2.759918299152035}, 'confidence': 0.9992310602559983, 'timestamp': 360864.060938, 'diameter_3d': 5.51983659830407, 'ellipse': {'center': [144.12369587418854, 179.59489619652484], 'axes': [41.18611941560455, 59.19036897281285], 'angle': -66.04303300700396}, 'location': [144.12369587418854, 179.59489619652484], 'diameter': 59.19036897281285, 'sphere': {'center': [1.765879722315946, -1.4641988726289945, 66.97337994567977], 'radius': 12.0}, 'projected_sphere': {'center': [176.3474716181845, 106.4453115287556], 'axes': [222.17782665394446, 222.17782665394446], 'angle': 90.0}, 'model_confidence': 0.966393827421308, 'model_id': 32, 'model_birth_timestamp': 360848.025353, 'theta': 2.201729378778951, 'phi': -1.9153752861268392, 'norm_pos': [0.4503865496068392, 0.25168793251447985], 'topic': 'pupil.1', 'id': 1, 'method': '3d c++'}"
1581495767.4858549,"{'circle_3d': {'center': [-1.5193891014379364, 5.601023586607705, 57.84706413056751], 'normal': [-0.2737724019794902, 0.588768538269725, -0.7605263179260214], 'radius': 2.7663800915302783}, 'confidence': 0.9991983002566198, 'timestamp': 360864.069338, 'diameter_3d': 5.532760183060557, 'ellipse': {'center': [143.99511024998407, 179.45371817595327], 'axes': [41.326977457455506, 59.33530441620301], 'angle': -65.91844024923805}, 'location': [143.99511024998407, 179.45371817595327], 'diameter': 59.33530441620301, 'sphere': {'center': [1.765879722315946, -1.4641988726289945, 66.97337994567977], 'radius': 12.0}, 'projected_sphere': {'center': [176.3474716181845, 106.4453115287556], 'axes': [222.17782665394446, 222.17782665394446], 'angle': 90.0}, 'model_confidence': 0.9661747267233012, 'model_id': 32, 'model_birth_timestamp': 360848.025353, 'theta': 2.2003308032269038, 'phi': -1.916332034504723, 'norm_pos': [0.44998471953120023, 0.25227617426686133], 'topic': 'pupil.1', 'id': 1, 'method': '3d c++'}"
1581495767.4936361,"{'circle_3d': {'center': [-1.5183448884548525, 5.620186620355858, 57.86155516176336], 'normal': [-0.2736853842308999, 0.5903654577487377, -0.7593187319930335], 'radius': 2.768323981120614}, 'confidence': 0.9991058812666371, 'timestamp': 360864.077738, 'diameter_3d': 5.536647962241228, 'ellipse': {'center': [144.01001489087238, 179.6432193772475], 'axes': [41.25474010823916, 59.36231076712506], 'angle': -65.98297421243356}, 'location': [144.01001489087238, 179.6432193772475], 'diameter': 59.36231076712506, 'sphere': {'center': [1.765879722315946, -1.4641988726289945, 66.97337994567977], 'radius': 12.0}, 'projected_sphere': {'center': [176.3474716181845, 106.4453115287556], 'axes': [222.17782665394446, 222.17782665394446], 'angle': 90.0}, 'model_confidence': 0.9659487313727233, 'model_id': 32, 'model_birth_timestamp': 360848.025353, 'theta': 2.202307875959014, 'phi': -1.9167373389123292, 'norm_pos': [0.4500312965339762, 0.25148658592813544], 'topic': 'pupil.1', 'id': 1, 'method': '3d c++'}"
1581495767.5011609,"{'circle_3d': {'center': [-1.4880256001241319, 5.617551733854459, 57.84863838768661], 'normal': [-0.2711587768700065, 0.5901458838736211, -0.760395129832763], 'radius': 2.748193764632202}, 'confidence': 0.999127685001307, 'timestamp': 360864.086138, 'diameter_3d': 5.496387529264404, 'ellipse': {'center': [144.3254900902382, 179.63566977759893], 'axes': [41.040858983990674, 58.94339878725294], 'angle': -66.18631800482805}, 'location': [144.3254900902382, 179.63566977759893], 'diameter': 58.94339878725294, 'sphere': {'center': [1.765879722315946, -1.4641988726289945, 66.97337994567977], 'radius': 12.0}, 'projected_sphere': {'center': [176.3474716181845, 106.4453115287556], 'axes': [222.17782665394446, 222.17782665394446], 'angle': 90.0}, 'model_confidence': 0.9657041964535651, 'model_id': 32, 'model_birth_timestamp': 360848.025353, 'theta': 2.2020358622967064, 'phi': -1.9133409224593658, 'norm_pos': [0.45101715653199437, 0.25151804259333777], 'topic': 'pupil.1', 'id': 1, 'method': '3d c++'}"
1581495767.512915,"{'circle_3d': {'center': [-1.513896383514351, 5.628726287157459, 57.86659778218794], 'normal': [-0.2733146754858581, 0.5910770966488711, -0.7588985136243193], 'radius': 2.763776755899997}, 'confidence': 0.9994292390250431, 'timestamp': 360864.094538, 'diameter_3d': 5.527553511799994, 'ellipse': {'center': [144.0575916922084, 179.73122607297233], 'axes': [41.15126867812501, 59.259610157925934], 'angle': -66.03930809380405}, 'location': [144.0575916922084, 179.73122607297233], 'diameter': 59.259610157925934, 'sphere': {'center': [1.765879722315946, -1.4641988726289945, 66.97337994567977], 'radius': 12.0}, 'projected_sphere': {'center': [176.3474716181845, 106.4453115287556], 'axes': [222.17782665394446, 222.17782665394446], 'angle': 90.0}, 'model_confidence': 0.9656521072525348, 'model_id': 32, 'model_birth_timestamp': 360848.025353, 'theta': 2.2031898444860496, 'phi': -1.916481630512762, 'norm_pos': [0.45017997403815124, 0.25111989136261526], 'topic': 'pupil.1', 'id': 1, 'method': '3d c++'}"
1581495767.5184572,"{'circle_3d': {'center': [-1.4838476453447746, 5.671526468101065, 57.88928968316367], 'normal': [-0.27081061397172673, 0.5946437783941716, -0.7570075218763415], 'radius': 2.7872967743562134}, 'confidence': 0.9997423955362014, 'timestamp': 360864.102938, 'diameter_3d': 5.574593548712427, 'ellipse': {'center': [144.38705643971775, 180.15512612983116], 'axes': [41.3398485961139, 59.74132818157184], 'angle': -66.37411106439691}, 'location': [144.38705643971775, 180.15512612983116], 'diameter': 59.74132818157184, 'sphere': {'center': [1.765879722315946, -1.4641988726289945, 66.97337994567977], 'radius': 12.0}, 'projected_sphere': {'center': [176.3474716181845, 106.4453115287556], 'axes': [222.17782665394446, 222.17782665394446], 'angle': 90.0}, 'model_confidence': 0.9655866077315944, 'model_id': 32, 'model_birth_timestamp': 360848.025353, 'theta': 2.207618835258836, 'phi': -1.9143482877987743, 'norm_pos': [0.451209551374118, 0.24935364112570346], 'topic': 'pupil.1', 'id': 1, 'method': '3d c++'}"
1581495767.525832,"{'circle_3d': {'center': [-1.5110566858729795, 5.6598723670091475, 57.88991712860133], 'normal': [-0.27307803401574376, 0.5936726033031785, -0.7569552347565364], 'radius': 2.7517741110846066}, 'confidence': 0.9994265301618525, 'timestamp': 360864.111338, 'diameter_3d': 5.503548222169213, 'ellipse': {'center': [144.09083898798866, 180.04552226469974], 'axes': [40.81023112334773, 58.978469429850136], 'angle': -66.15114513328058}, 'location': [144.09083898798866, 180.04552226469974], 'diameter': 58.978469429850136, 'sphere': {'center': [1.765879722315946, -1.4641988726289945, 66.97337994567977], 'radius': 12.0}, 'projected_sphere': {'center': [176.3474716181845, 106.4453115287556], 'axes': [222.17782665394446, 222.17782665394446], 'angle': 90.0}, 'model_confidence': 0.9654512930106662, 'model_id': 32, 'model_birth_timestamp': 360848.025353, 'theta': 2.2064114287730754, 'phi': -1.917023220408531, 'norm_pos': [0.45028387183746454, 0.24981032389708446], 'topic': 'pupil.1', 'id': 1, 'method': '3d c++'}"
1581495767.534603,"{'circle_3d': {'center': [-1.513476479404433, 5.6469296318839035, 57.88065349567907], 'normal': [-0.27327968347669823, 0.5925940420427415, -0.7577272041667247], 'radius': 2.79231205437491}, 'confidence': 0.9995706938929111, 'timestamp': 360864.119738, 'diameter_3d': 5.58462410874982, 'ellipse': {'center': [144.0711067591238, 179.89964124460352], 'axes': [41.47800893449757, 59.85765157008496], 'angle': -66.09621268058937}, 'location': [144.0711067591238, 179.89964124460352], 'diameter': 59.85765157008496, 'sphere': {'center': [1.765879722315946, -1.4641988726289945, 66.97337994567977], 'radius': 12.0}, 'projected_sphere': {'center': [176.3474716181845, 106.4453115287556], 'axes': [222.17782665394446, 222.17782665394446], 'angle': 90.0}, 'model_confidence': 0.9653927855137856, 'model_id': 32, 'model_birth_timestamp': 360848.025353, 'theta': 2.2050717743548827, 'phi': -1.9169334811785006, 'norm_pos': [0.4502222086222619, 0.25041816148081864], 'topic': 'pupil.1', 'id': 1, 'method': '3d c++'}"
1581495767.54588,"{'circle_3d': {'center': [-1.5402868418690223, 5.65796875639299, 57.8990209647943], 'normal': [-0.27551388034874735, 0.5935139690851654, -0.7561965817404556], 'radius': 2.724018205148031}, 'confidence': 0.9988492117794348, 'timestamp': 360864.128138, 'diameter_3d': 5.448036410296062, 'ellipse': {'center': [143.77669510569282, 180.0281746345357], 'axes': [40.33813731820734, 58.37379746064935], 'angle': -65.94318107769226}, 'location': [143.77669510569282, 180.0281746345357], 'diameter': 58.37379746064935, 'sphere': {'center': [1.765879722315946, -1.4641988726289945, 66.97337994567977], 'radius': 12.0}, 'projected_sphere': {'center': [176.3474716181845, 106.4453115287556], 'axes': [222.17782665394446, 222.17782665394446], 'angle': 90.0}, 'model_confidence': 0.9650920681125164, 'model_id': 32, 'model_birth_timestamp': 360848.025353, 'theta': 2.2062143101343525, 'phi': -1.9201900713987614, 'norm_pos': [0.44930217220529006, 0.24988260568943454], 'topic': 'pupil.1', 'id': 1, 'method': '3d c++'}"
1581495767.555947,"{'circle_3d': {'center': [-1.5538305664330971, 5.650624617762285, 57.898204448789905], 'normal': [-0.27664252406242024, 0.5929019575326067, -0.756264624740822], 'radius': 2.747453198737268}, 'confidence': 0.998769695068253, 'timestamp': 360864.136538, 'diameter_3d': 5.494906397474536, 'ellipse': {'center': [143.63720020126232, 179.94120035644778], 'axes': [40.6927666869385, 58.877243010433524], 'angle': -65.82779625313175}, 'location': [143.63720020126232, 179.94120035644778], 'diameter': 58.877243010433524, 'sphere': {'center': [1.765879722315946, -1.4641988726289945, 66.97337994567977], 'radius': 12.0}, 'projected_sphere': {'center': [176.3474716181845, 106.4453115287556], 'axes': [222.17782665394446, 222.17782665394446], 'angle': 90.0}, 'model_confidence': 0.9647693097194154, 'model_id': 32, 'model_birth_timestamp': 360848.025353, 'theta': 2.2054540938083154, 'phi': -1.9214780279726815, 'norm_pos': [0.44886625062894475, 0.25024499851480086], 'topic': 'pupil.1', 'id': 1, 'method': '3d c++'}"
1581495767.56344,"{'circle_3d': {'center': [-1.5424513414689984, 5.66094153518104, 57.90214410146382], 'normal': [-0.27569425531541203, 0.5937617006508362, -0.7559363203513291], 'radius': 2.7491171164560084}, 'confidence': 0.9991505994025454, 'timestamp': 360864.144938, 'diameter_3d': 5.498234232912017, 'ellipse': {'center': [143.7594460253652, 180.04647542850824], 'axes': [40.689122487766646, 58.9090094975973], 'angle': -65.9370746401452}, 'location': [143.7594460253652, 180.04647542850824], 'diameter': 58.9090094975973, 'sphere': {'center': [1.765879722315946, -1.4641988726289945, 66.97337994567977], 'radius': 12.0}, 'projected_sphere': {'center': [176.3474716181845, 106.4453115287556], 'axes': [222.17782665394446, 222.17782665394446], 'angle': 90.0}, 'model_confidence': 0.9645683691800078, 'model_id': 32, 'model_birth_timestamp': 360848.025353, 'theta': 2.2065221535741903, 'phi': -1.9205114217099704, 'norm_pos': [0.4492482688292663, 0.24980635238121562], 'topic': 'pupil.1', 'id': 1, 'method': '3d c++'}"
1581495767.57027,"{'circle_3d': {'center': [-1.5701430750993766, 5.680660490098939, 57.92783205835065], 'normal': [-0.2780018997846102, 0.5954049468939945, -0.7537956572774264], 'radius': 2.7555579664835763}, 'confidence': 0.9994080340110911, 'timestamp': 360864.153338, 'diameter_3d': 5.511115932967153, 'ellipse': {'center': [143.4726469658224, 180.22914636585406], 'axes': [40.609276597468536, 59.02110112709957], 'angle': -65.80481629039085}, 'location': [143.4726469658224, 180.22914636585406], 'diameter': 59.02110112709957, 'sphere': {'center': [1.765879722315946, -1.4641988726289945, 66.97337994567977], 'radius': 12.0}, 'projected_sphere': {'center': [176.3474716181845, 106.4453115287556], 'axes': [222.17782665394446, 222.17782665394446], 'angle': 90.0}, 'model_confidence': 0.9645574974801896, 'model_id': 32, 'model_birth_timestamp': 360848.025353, 'theta': 2.2085659067002497, 'phi': -1.924122739382827, 'norm_pos': [0.448352021768195, 0.2490452234756081], 'topic': 'pupil.1', 'id': 1, 'method': '3d c++'}"
1581495767.577644,"{'circle_3d': {'center': [-1.5842962243836831, 5.683645655027549, 57.93542443933843], 'normal': [-0.27918132889163577, 0.5956537106380453, -0.753162958861778], 'radius': 2.75991739387209}, 'confidence': 0.9988114833363287, 'timestamp': 360864.161738, 'diameter_3d': 5.51983478774418, 'ellipse': {'center': [143.32501675308274, 180.2518861655399], 'axes': [40.622351454075385, 59.10683287477065], 'angle': -65.71650991590458}, 'location': [143.32501675308274, 180.2518861655399], 'diameter': 59.10683287477065, 'sphere': {'center': [1.765879722315946, -1.4641988726289945, 66.97337994567977], 'radius': 12.0}, 'projected_sphere': {'center': [176.3474716181845, 106.4453115287556], 'axes': [222.17782665394446, 222.17782665394446], 'angle': 90.0}, 'model_confidence': 0.9642348948239676, 'model_id': 32, 'model_birth_timestamp': 360848.025353, 'theta': 2.208875571025445, 'phi': -1.9257729276337292, 'norm_pos': [0.44789067735338356, 0.2489504743102504], 'topic': 'pupil.1', 'id': 1, 'method': '3d c++'}"
1581495767.586897,"{'circle_3d': {'center': [-1.627436142901147, 5.720860203294589, 57.981142542543985], 'normal': [-0.2827763221014244, 0.598754922993632, -0.7493531169279817], 'radius': 2.7591960946621774}, 'confidence': 0.9993167242893952, 'timestamp': 360864.170138, 'diameter_3d': 5.518392189324355, 'ellipse': {'center': [142.8781272077282, 180.60412107149114], 'axes': [40.299402892801396, 59.045023809029466], 'angle': -65.5326015148099}, 'location': [142.8781272077282, 180.60412107149114], 'diameter': 59.045023809029466, 'sphere': {'center': [1.765879722315946, -1.4641988726289945, 66.97337994567977], 'radius': 12.0}, 'projected_sphere': {'center': [176.3474716181845, 106.4453115287556], 'axes': [222.17782665394446, 222.17782665394446], 'angle': 90.0}, 'model_confidence': 0.9641328740936705, 'model_id': 32, 'model_birth_timestamp': 360848.025353, 'theta': 2.2127419959749814, 'phi': -1.931634933291769, 'norm_pos': [0.4464941475241506, 0.24748282886878692], 'topic': 'pupil.1', 'id': 1, 'method': '3d c++'}"
1581495767.5931158,"{'circle_3d': {'center': [-1.6405537128710825, 5.705622219345045, 57.97394236543487], 'normal': [-0.28386945293225235, 0.5974850909978366, -0.7499531316870746], 'radius': 2.735871627935609}, 'confidence': 0.9992888991326389, 'timestamp': 360864.178538, 'diameter_3d': 5.471743255871218, 'ellipse': {'center': [142.73228490256076, 180.45876588573324], 'axes': [40.00863776655406, 58.552559252872314], 'angle': -65.39777572918007}, 'location': [142.73228490256076, 180.45876588573324], 'diameter': 58.552559252872314, 'sphere': {'center': [1.765879722315946, -1.4641988726289945, 66.97337994567977], 'radius': 12.0}, 'projected_sphere': {'center': [176.3474716181845, 106.4453115287556], 'axes': [222.17782665394446, 222.17782665394446], 'angle': 90.0}, 'model_confidence': 0.9639654266465625, 'model_id': 32, 'model_birth_timestamp': 360848.025353, 'theta': 2.211157491391444, 'phi': -1.932646174266679, 'norm_pos': [0.4460383903205024, 0.24808847547611146], 'topic': 'pupil.1', 'id': 1, 'method': '3d c++'}"
1581495767.602559,"{'circle_3d': {'center': [-1.6631719301037815, 5.7151948304201206, 57.99017835484055], 'normal': [-0.2857543043683106, 0.5982828085874262, -0.7486001325699347], 'radius': 2.7917069730747706}, 'confidence': 0.9994206182604093, 'timestamp': 360864.186938, 'diameter_3d': 5.583413946149541, 'ellipse': {'center': [142.50780609205884, 180.5219236356375], 'axes': [40.71542264190367, 59.73207143782623], 'angle': -65.27293539998743}, 'location': [142.50780609205884, 180.5219236356375], 'diameter': 59.73207143782623, 'sphere': {'center': [1.765879722315946, -1.4641988726289945, 66.97337994567977], 'radius': 12.0}, 'projected_sphere': {'center': [176.3474716181845, 106.4453115287556], 'axes': [222.17782665394446, 222.17782665394446], 'angle': 90.0}, 'model_confidence': 0.9638430264836906, 'model_id': 32, 'model_birth_timestamp': 360848.025353, 'theta': 2.212152669685267, 'phi': -1.9354438883991336, 'norm_pos': [0.4453368940376839, 0.24782531818484377], 'topic': 'pupil.1', 'id': 1, 'method': '3d c++'}"
1581495767.609439,"{'circle_3d': {'center': [-1.702095947507545, 5.687975550958512, 57.983410770644014], 'normal': [-0.2889979724852909, 0.5960145352989589, -0.7491640979196461], 'radius': 2.741627942341125}, 'confidence': 0.9989415881623067, 'timestamp': 360864.195338, 'diameter_3d': 5.48325588468225, 'ellipse': {'center': [142.08250499647392, 180.26008213606974], 'axes': [40.03364222396103, 58.66613492442544], 'angle': -64.92668160450418}, 'location': [142.08250499647392, 180.26008213606974], 'diameter': 58.66613492442544, 'sphere': {'center': [1.765879722315946, -1.4641988726289945, 66.97337994567977], 'radius': 12.0}, 'projected_sphere': {'center': [176.3474716181845, 106.4453115287556], 'axes': [222.17782665394446, 222.17782665394446], 'angle': 90.0}, 'model_confidence': 0.9635440340920454, 'model_id': 32, 'model_birth_timestamp': 360848.025353, 'theta': 2.209324856653326, 'phi': -1.938967391140569, 'norm_pos': [0.444007828113981, 0.2489163244330428], 'topic': 'pupil.1', 'id': 1, 'method': '3d c++'}"
1581495767.6177201,"{'circle_3d': {'center': [-1.7130329693309425, 5.678094139521908, 57.97978127704447], 'normal': [-0.28990939097057405, 0.5951910843459085, -0.7494665557196082], 'radius': 2.7903482266830126}, 'confidence': 0.9996857551503052, 'timestamp': 360864.203738, 'diameter_3d': 5.580696453366025, 'ellipse': {'center': [141.9755959045343, 180.1385186910261], 'axes': [40.7728798829466, 59.71337641160621], 'angle': -64.82246767859768}, 'location': [141.9755959045343, 180.1385186910261], 'diameter': 59.71337641160621, 'sphere': {'center': [1.765879722315946, -1.4641988726289945, 66.97337994567977], 'radius': 12.0}, 'projected_sphere': {'center': [176.3474716181845, 106.4453115287556], 'axes': [222.17782665394446, 222.17782665394446], 'angle': 90.0}, 'model_confidence': 0.9635085897004458, 'model_id': 32, 'model_birth_timestamp': 360848.025353, 'theta': 2.208299744633038, 'phi': -1.939890112566298, 'norm_pos': [0.44367373720166964, 0.24942283878739124], 'topic': 'pupil.1', 'id': 1, 'method': '3d c++'}"
1581495767.629589,"{'circle_3d': {'center': [-1.7178487265411284, 5.6679927253826445, 57.973631110080184], 'normal': [-0.29031070407142284, 0.5943492998343033, -0.7499790696332986], 'radius': 2.774374859363344}, 'confidence': 0.9993870277648884, 'timestamp': 360864.212138, 'diameter_3d': 5.548749718726688, 'ellipse': {'center': [141.9194727432578, 180.04368700556267], 'axes': [40.58219412380071, 59.3774239594219], 'angle': -64.75881702928858}, 'location': [141.9194727432578, 180.04368700556267], 'diameter': 59.3774239594219, 'sphere': {'center': [1.765879722315946, -1.4641988726289945, 66.97337994567977], 'radius': 12.0}, 'projected_sphere': {'center': [176.3474716181845, 106.4453115287556], 'axes': [222.17782665394446, 222.17782665394446], 'angle': 90.0}, 'model_confidence': 0.9633480301938446, 'model_id': 32, 'model_birth_timestamp': 360848.025353, 'theta': 2.2072526131038077, 'phi': -1.9401256075172995, 'norm_pos': [0.44349835232268064, 0.24981797081015555], 'topic': 'pupil.1', 'id': 1, 'method': '3d c++'}"
1581495767.6380532,"{'circle_3d': {'center': [-1.6919221949315217, 5.683011487649232, 57.975547430734224], 'normal': [-0.2881501597706223, 0.5956008633565189, -0.7498193762454622], 'radius': 2.768427113227201}, 'confidence': 0.999371777570577, 'timestamp': 360864.220538, 'diameter_3d': 5.536854226454402, 'ellipse': {'center': [142.19398522791533, 180.20378741799203], 'axes': [40.47932894156518, 59.248165307479795], 'angle': -64.98049856003014}, 'location': [142.19398522791533, 180.20378741799203], 'diameter': 59.248165307479795, 'sphere': {'center': [1.765879722315946, -1.4641988726289945, 66.97337994567977], 'radius': 12.0}, 'projected_sphere': {'center': [176.3474716181845, 106.4453115287556], 'axes': [222.17782665394446, 222.17782665394446], 'angle': 90.0}, 'model_confidence': 0.9631740481136131, 'model_id': 32, 'model_birth_timestamp': 360848.025353, 'theta': 2.208809780098696, 'phi': -1.9376890834823113, 'norm_pos': [0.4443562038372354, 0.24915088575836652], 'topic': 'pupil.1', 'id': 1, 'method': '3d c++'}"
1581495767.645887,"{'circle_3d': {'center': [-1.704627833978355, 5.725251271567634, 58.01417328851334], 'normal': [-0.2892089630245251, 0.5991208453497191, -0.746600554763869], 'radius': 2.76406602829017}, 'confidence': 0.9990192234969851, 'timestamp': 360864.228938, 'diameter_3d': 5.52813205658034, 'ellipse': {'center': [142.06844528103693, 180.61737152138238], 'axes': [40.14943894624009, 59.11565868324872], 'angle': -65.02287551916629}, 'location': [142.06844528103693, 180.61737152138238], 'diameter': 59.11565868324872, 'sphere': {'center': [1.765879722315946, -1.4641988726289945, 66.97337994567977], 'radius': 12.0}, 'projected_sphere': {'center': [176.3474716181845, 106.4453115287556], 'axes': [222.17782665394446, 222.17782665394446], 'angle': 90.0}, 'model_confidence': 0.9629362701685462, 'model_id': 32, 'model_birth_timestamp': 360848.025353, 'theta': 2.2131989445603146, 'phi': -1.9403656097581183, 'norm_pos': [0.4439638915032404, 0.2474276186609068], 'topic': 'pupil.1', 'id': 1, 'method': '3d c++'}"
1581495767.653645,"{'circle_3d': {'center': [-1.7186718414570856, 5.759804421443619, 58.04748073010295], 'normal': [-0.29037929698108594, 0.6020002745060511, -0.743824934631402], 'radius': 2.7648721352705525}, 'confidence': 0.9993571995739785, 'timestamp': 360864.237338, 'diameter_3d': 5.529744270541105, 'ellipse': {'center': [141.92851942540702, 180.9518777436626], 'axes': [39.932507134882634, 59.09923448840125], 'angle': -65.03264540374153}, 'location': [141.92851942540702, 180.9518777436626], 'diameter': 59.09923448840125, 'sphere': {'center': [1.765879722315946, -1.4641988726289945, 66.97337994567977], 'radius': 12.0}, 'projected_sphere': {'center': [176.3474716181845, 106.4453115287556], 'axes': [222.17782665394446, 222.17782665394446], 'angle': 90.0}, 'model_confidence': 0.9627740429288045, 'model_id': 32, 'model_birth_timestamp': 360848.025353, 'theta': 2.2168001301371163, 'phi': -1.9429879292517402, 'norm_pos': [0.44352662320439695, 0.24603384273473916], 'topic': 'pupil.1', 'id': 1, 'method': '3d c++'}"
1581495767.662847,"{'circle_3d': {'center': [-1.708904814649262, 5.838121777698368, 58.10760386338048], 'normal': [-0.289565378080434, 0.6085267208606135, -0.7388146735249403], 'radius': 2.7962104526237432}, 'confidence': 0.9993726236546503, 'timestamp': 360864.245738, 'diameter_3d': 5.5924209052474865, 'ellipse': {'center': [142.0545001776666, 181.7113648736458], 'axes': [39.9664749149662, 59.70853738758135], 'angle': -65.33118677599678}, 'location': [142.0545001776666, 181.7113648736458], 'diameter': 59.70853738758135, 'sphere': {'center': [1.765879722315946, -1.4641988726289945, 66.97337994567977], 'radius': 12.0}, 'projected_sphere': {'center': [176.3474716181845, 106.4453115287556], 'axes': [222.17782665394446, 222.17782665394446], 'angle': 90.0}, 'model_confidence': 0.962704203375242, 'model_id': 32, 'model_birth_timestamp': 360848.025353, 'theta': 2.224998986714248, 'phi': -1.944328552287612, 'norm_pos': [0.4439203130552081, 0.24286931302647585], 'topic': 'pupil.1', 'id': 1, 'method': '3d c++'}"
1581495767.676159,"{'circle_3d': {'center': [-1.7347165917731935, 5.85493571230489, 58.13165531903536], 'normal': [-0.2917163595074283, 0.6099278820778237, -0.7368103855537008], 'radius': 2.784653866238082}, 'confidence': 0.9994487014579554, 'timestamp': 360864.254138, 'diameter_3d': 5.569307732476164, 'ellipse': {'center': [141.7851604586067, 181.87103839182845], 'axes': [39.63699196806673, 59.437021672714785], 'angle': -65.20895637088418}, 'location': [141.7851604586067, 181.87103839182845], 'diameter': 59.437021672714785, 'sphere': {'center': [1.765879722315946, -1.4641988726289945, 66.97337994567977], 'radius': 12.0}, 'projected_sphere': {'center': [176.3474716181845, 106.4453115287556], 'axes': [222.17782665394446, 222.17782665394446], 'angle': 90.0}, 'model_confidence': 0.9626388809436115, 'model_id': 32, 'model_birth_timestamp': 360848.025353, 'theta': 2.2267659090531664, 'phi': -1.9477786346818722, 'norm_pos': [0.44307862643314594, 0.24220400670071485], 'topic': 'pupil.1', 'id': 1, 'method': '3d c++'}"
1581495767.678092,"{'circle_3d': {'center': [-1.7089312926948066, 5.829868753972116, 58.100823049918006], 'normal': [-0.2895675845842294, 0.6078389688834259, -0.7393797413134799], 'radius': 2.806564488044205}, 'confidence': 0.9998428354917472, 'timestamp': 360864.262538, 'diameter_3d': 5.61312897608841, 'ellipse': {'center': [142.05457037320997, 181.62614961569432], 'axes': [40.162100093029444, 59.93679623962323], 'angle': -65.30668707441156}, 'location': [142.05457037320997, 181.62614961569432], 'diameter': 59.93679623962323, 'sphere': {'center': [1.765879722315946, -1.4641988726289945, 66.97337994567977], 'radius': 12.0}, 'projected_sphere': {'center': [176.3474716181845, 106.4453115287556], 'axes': [222.17782665394446, 222.17782665394446], 'angle': 90.0}, 'model_confidence': 0.9626011951833102, 'model_id': 32, 'model_birth_timestamp': 360848.025353, 'theta': 2.2241325787234505, 'phi': -1.9440714654205276, 'norm_pos': [0.44392053241628116, 0.24322437660127372], 'topic': 'pupil.1', 'id': 1, 'method': '3d c++'}"
1581495767.6852648,"{'circle_3d': {'center': [-1.7331306286177053, 5.770389802439124, 58.061721667523265], 'normal': [-0.2915841959111376, 0.6028823895890099, -0.7426381898463751], 'radius': 2.729515206605214}, 'confidence': 0.9987828993159865, 'timestamp': 360864.270938, 'diameter_3d': 5.459030413210428, 'ellipse': {'center': [141.77176308488848, 181.06496122452762], 'axes': [39.32522665659481, 58.32848536797803], 'angle': -64.96754462303045}, 'location': [141.77176308488848, 181.06496122452762], 'diameter': 58.32848536797803, 'sphere': {'center': [1.765879722315946, -1.4641988726289945, 66.97337994567977], 'radius': 12.0}, 'projected_sphere': {'center': [176.3474716181845, 106.4453115287556], 'axes': [222.17782665394446, 222.17782665394446], 'angle': 90.0}, 'model_confidence': 0.9622798383039033, 'model_id': 32, 'model_birth_timestamp': 360848.025353, 'theta': 2.217905311685016, 'phi': -1.9449356781743354, 'norm_pos': [0.4430367596402765, 0.24556266156446827], 'topic': 'pupil.1', 'id': 1, 'method': '3d c++'}"
1581495767.6927738,"{'circle_3d': {'center': [-1.71839795342075, 5.719547220393039, 58.0149425177935], 'normal': [-0.290356472978058, 0.5986455077518361, -0.7465364523238558], 'radius': 2.763296859228533}, 'confidence': 0.9991335683793785, 'timestamp': 360864.279338, 'diameter_3d': 5.526593718457066, 'ellipse': {'center': [141.92238856208058, 180.556438237471], 'axes': [40.134204357932084, 59.0983605864723], 'angle': -64.912753611183}, 'location': [141.92238856208058, 180.556438237471], 'diameter': 59.0983605864723, 'sphere': {'center': [1.765879722315946, -1.4641988726289945, 66.97337994567977], 'radius': 12.0}, 'projected_sphere': {'center': [176.3474716181845, 106.4453115287556], 'axes': [222.17782665394446, 222.17782665394446], 'angle': 90.0}, 'model_confidence': 0.9620529720176685, 'model_id': 32, 'model_birth_timestamp': 360848.025353, 'theta': 2.212605393098252, 'phi': -1.9417303655017455, 'norm_pos': [0.44350746425650184, 0.24768150734387073], 'topic': 'pupil.1', 'id': 1, 'method': '3d c++'}"
1581495767.704546,"{'circle_3d': {'center': [-1.7370842684532188, 5.615676185362645, 57.93985281378923], 'normal': [-0.2919136658974304, 0.5899895881659699, -0.7527939276575447], 'radius': 2.7326547118483853}, 'confidence': 0.9990082238186349, 'timestamp': 360864.287738, 'diameter_3d': 5.4653094236967705, 'ellipse': {'center': [141.69731689248493, 179.53681317802477], 'axes': [40.203979386039116, 58.517363928881224], 'angle': -64.46596990217733}, 'location': [141.69731689248493, 179.53681317802477], 'diameter': 58.517363928881224, 'sphere': {'center': [1.765879722315946, -1.4641988726289945, 66.97337994567977], 'radius': 12.0}, 'projected_sphere': {'center': [176.3474716181845, 106.4453115287556], 'axes': [222.17782665394446, 222.17782665394446], 'angle': 90.0}, 'model_confidence': 0.9618050701519665, 'model_id': 32, 'model_birth_timestamp': 360848.025353, 'theta': 2.201842272176424, 'phi': -1.9407185373299418, 'norm_pos': [0.4428041152890154, 0.2519299450915634], 'topic': 'pupil.1', 'id': 1, 'method': '3d c++'}"
1581495767.714475,"{'circle_3d': {'center': [-1.7801932177983033, 5.558206129329129, 57.911857187783994], 'normal': [-0.2955060783428541, 0.5852004168298436, -0.7551268964913144], 'radius': 2.77968852705919}, 'confidence': 0.9994583828901327, 'timestamp': 360864.296138, 'diameter_3d': 5.55937705411838, 'ellipse': {'center': [141.24155007499002, 178.93288165393722], 'axes': [41.09677990663773, 59.55388513936937], 'angle': -63.99127821974565}, 'location': [141.24155007499002, 178.93288165393722], 'diameter': 59.55388513936937, 'sphere': {'center': [1.765879722315946, -1.4641988726289945, 66.97337994567977], 'radius': 12.0}, 'projected_sphere': {'center': [176.3474716181845, 106.4453115287556], 'axes': [222.17782665394446, 222.17782665394446], 'angle': 90.0}, 'model_confidence': 0.9617985674842289, 'model_id': 32, 'model_birth_timestamp': 360848.025353, 'theta': 2.1959235195365006, 'phi': -1.9438089011290567, 'norm_pos': [0.4413798439843438, 0.2544463264419282], 'topic': 'pupil.1', 'id': 1, 'method': '3d c++'}"
1581495767.721747,"{'circle_3d': {'center': [-1.7352221812015471, 5.536439610215481, 57.87759266289313], 'normal': [-0.2917584919597911, 0.5833865402370396, -0.7579822735655534], 'radius': 2.749277996787331}, 'confidence': 0.999492536644031, 'timestamp': 360864.304538, 'diameter_3d': 5.498555993574662, 'ellipse': {'center': [141.70365756193937, 178.7455749575098], 'axes': [40.87934710596565, 58.936442698676075], 'angle': -64.22824854448065}, 'location': [141.70365756193937, 178.7455749575098], 'diameter': 58.936442698676075, 'sphere': {'center': [1.765879722315946, -1.4641988726289945, 66.97337994567977], 'radius': 12.0}, 'projected_sphere': {'center': [176.3474716181845, 106.4453115287556], 'axes': [222.17782665394446, 222.17782665394446], 'angle': 90.0}, 'model_confidence': 0.961707430779446, 'model_id': 32, 'model_birth_timestamp': 360848.025353, 'theta': 2.1936884207056035, 'phi': -1.938230846705135, 'norm_pos': [0.4428239298810605, 0.25522677101037583], 'topic': 'pupil.1', 'id': 1, 'method': '3d c++'}"
1581495767.72964,"{'circle_3d': {'center': [-1.7146932462789721, 5.537114880919134, 57.87023666796167], 'normal': [-0.29004774738290984, 0.5834428127956773, -0.7585952731431748], 'radius': 2.7831809071752733}, 'confidence': 0.9997800116528313, 'timestamp': 360864.312938, 'diameter_3d': 5.566361814350547, 'ellipse': {'center': [141.92720582407046, 178.74554972061605], 'axes': [41.43414919522507, 59.67152866525307], 'angle': -64.3710617708343}, 'location': [141.92720582407046, 178.74554972061605], 'diameter': 59.67152866525307, 'sphere': {'center': [1.765879722315946, -1.4641988726289945, 66.97337994567977], 'radius': 12.0}, 'projected_sphere': {'center': [176.3474716181845, 106.4453115287556], 'axes': [222.17782665394446, 222.17782665394446], 'angle': 90.0}, 'model_confidence': 0.9616660752986173, 'model_id': 32, 'model_birth_timestamp': 360848.025353, 'theta': 2.193757707001922, 'phi': -1.9359938818366775, 'norm_pos': [0.44352251820022015, 0.2552268761640998], 'topic': 'pupil.1', 'id': 1, 'method': '3d c++'}"
1581495767.7378612,"{'circle_3d': {'center': [-1.718278427202957, 5.5346331786642855, 57.86969981581301], 'normal': [-0.29034651245990856, 0.58323600427444, -0.7586400108222302], 'radius': 2.7552834684813012}, 'confidence': 0.9996832366575034, 'timestamp': 360864.321338, 'diameter_3d': 5.5105669369626025, 'ellipse': {'center': [141.88298736363038, 178.73117189988074], 'axes': [41.02208168058322, 59.07335554839801], 'angle': -64.3385554455768}, 'location': [141.88298736363038, 178.73117189988074], 'diameter': 59.07335554839801, 'sphere': {'center': [1.765879722315946, -1.4641988726289945, 66.97337994567977], 'radius': 12.0}, 'projected_sphere': {'center': [176.3474716181845, 106.4453115287556], 'axes': [222.17782665394446, 222.17782665394446], 'angle': 90.0}, 'model_confidence': 0.9615946318935253, 'model_id': 32, 'model_birth_timestamp': 360848.025353, 'theta': 2.19350308835343, 'phi': -1.9363177575699626, 'norm_pos': [0.44338433551134493, 0.25528678375049696], 'topic': 'pupil.1', 'id': 1, 'method': '3d c++'}"
1581495767.7466528,"{'circle_3d': {'center': [-1.678739201898755, 5.603352847913721, 57.90782352897838], 'normal': [-0.28705157701789175, 0.5889626433785596, -0.7554630347251154], 'radius': 2.7606339562083733}, 'confidence': 0.999301736795842, 'timestamp': 360864.329738, 'diameter_3d': 5.5212679124167465, 'ellipse': {'center': [142.31460602829117, 179.42427512554178], 'axes': [40.83325825830186, 59.149733225063905], 'angle': -64.82529857318167}, 'location': [142.31460602829117, 179.42427512554178], 'diameter': 59.149733225063905, 'sphere': {'center': [1.765879722315946, -1.4641988726289945, 66.97337994567977], 'radius': 12.0}, 'projected_sphere': {'center': [176.3474716181845, 106.4453115287556], 'axes': [222.17782665394446, 222.17782665394446], 'angle': 90.0}, 'model_confidence': 0.9614136139266538, 'model_id': 32, 'model_birth_timestamp': 360848.025353, 'theta': 2.200570963669907, 'phi': -1.933915141280621, 'norm_pos': [0.4447331438384099, 0.25239885364357595], 'topic': 'pupil.1', 'id': 1, 'method': '3d c++'}"
1581495767.75367,"{'circle_3d': {'center': [-1.6546587425479513, 5.629989441511262, 57.91951840631976], 'normal': [-0.2850448720719914, 0.5911823595116881, -0.7544884616133338], 'radius': 2.7477487214019782}, 'confidence': 0.9987005412107477, 'timestamp': 360864.338138, 'diameter_3d': 5.4954974428039565, 'ellipse': {'center': [142.57089108752348, 179.70174961529645], 'axes': [40.55927769800013, 58.8617019106861], 'angle': -65.07221193952489}, 'location': [142.57089108752348, 179.70174961529645], 'diameter': 58.8617019106861, 'sphere': {'center': [1.765879722315946, -1.4641988726289945, 66.97337994567977], 'radius': 12.0}, 'projected_sphere': {'center': [176.3474716181845, 106.4453115287556], 'axes': [222.17782665394446, 222.17782665394446], 'angle': 90.0}, 'model_confidence': 0.961182034694319, 'model_id': 32, 'model_birth_timestamp': 360848.025353, 'theta': 2.2033203502266447, 'phi': -1.932018521397313, 'norm_pos': [0.4455340346485109, 0.25124270993626474], 'topic': 'pupil.1', 'id': 1, 'method': '3d c++'}"
1581495767.761327,"{'circle_3d': {'center': [-1.6484342031175119, 5.6760904872526154, 57.95347261379699], 'normal': [-0.28452616045278817, 0.5950241133234675, -0.7516589443235646], 'radius': 2.743801463345702}, 'confidence': 0.9977272442121122, 'timestamp': 360864.346538, 'diameter_3d': 5.487602926691404, 'ellipse': {'center': [142.64495921269148, 180.1612503656855], 'axes': [40.26637612044011, 58.742961931005155], 'angle': -65.25514245528439}, 'location': [142.64495921269148, 180.1612503656855], 'diameter': 58.742961931005155, 'sphere': {'center': [1.765879722315946, -1.4641988726289945, 66.97337994567977], 'radius': 12.0}, 'projected_sphere': {'center': [176.3474716181845, 106.4453115287556], 'axes': [222.17782665394446, 222.17782665394446], 'angle': 90.0}, 'model_confidence': 0.9605445029385096, 'model_id': 32, 'model_birth_timestamp': 360848.025353, 'theta': 2.2080919777599997, 'phi': -1.9326590091053222, 'norm_pos': [0.4457654975396609, 0.2493281234763104], 'topic': 'pupil.1', 'id': 1, 'method': '3d c++'}"
1581495767.771817,"{'circle_3d': {'center': [-1.62301244016278, 5.71201475724156, 57.97241511686556], 'normal': [-0.2824076802065605, 0.5980178024892129, -0.7500804024011838], 'radius': 2.7887167281466447}, 'confidence': 0.9997762538018097, 'timestamp': 360864.354938, 'diameter_3d': 5.5774334562932895, 'ellipse': {'center': [142.92893159053952, 180.50621428746416], 'axes': [40.79199055208631, 59.68630436743354], 'angle': -65.5363879461802}, 'location': [142.92893159053952, 180.50621428746416], 'diameter': 59.68630436743354, 'sphere': {'center': [1.765879722315946, -1.4641988726289945, 66.97337994567977], 'radius': 12.0}, 'projected_sphere': {'center': [176.3474716181845, 106.4453115287556], 'axes': [222.17782665394446, 222.17782665394446], 'angle': 90.0}, 'model_confidence': 0.9605167065431575, 'model_id': 32, 'model_birth_timestamp': 360848.025353, 'theta': 2.2118219841178144, 'phi': -1.9308842291622523, 'norm_pos': [0.446652911220436, 0.24789077380223268], 'topic': 'pupil.1', 'id': 1, 'method': '3d c++'}"
1581495767.777492,"{'circle_3d': {'center': [-1.6116095452840125, 5.724764048785703, 57.978304717435606], 'normal': [-0.2814574389666632, 0.5990802434512248, -0.7495896023536802], 'radius': 2.7732131100199564}, 'confidence': 0.9997339192961564, 'timestamp': 360864.363338, 'diameter_3d': 5.546426220039913, 'ellipse': {'center': [143.04828163874407, 180.64244393245298], 'axes': [40.52275416506303, 59.34822196812982], 'angle': -65.65197775499219}, 'location': [143.04828163874407, 180.64244393245298], 'diameter': 59.34822196812982, 'sphere': {'center': [1.765879722315946, -1.4641988726289945, 66.97337994567977], 'radius': 12.0}, 'projected_sphere': {'center': [176.3474716181845, 106.4453115287556], 'axes': [222.17782665394446, 222.17782665394446], 'angle': 90.0}, 'model_confidence': 0.9604862736775188, 'model_id': 32, 'model_birth_timestamp': 360848.025353, 'theta': 2.2131482348975418, 'phi': -1.9299895473996143, 'norm_pos': [0.44702588012107525, 0.2473231502814459], 'topic': 'pupil.1', 'id': 1, 'method': '3d c++'}"
1581495767.7879198,"{'circle_3d': {'center': [-1.5894247783487676, 5.725784907870851, 57.97082114587356], 'normal': [-0.27960870838872615, 0.5991653150416538, -0.7502132333171844], 'radius': 2.7400945764502}, 'confidence': 0.9983152655377259, 'timestamp': 360864.371738, 'diameter_3d': 5.4801891529004, 'ellipse': {'center': [143.27527215673086, 180.67409827457837], 'axes': [40.08716503197621, 58.64636059512678], 'angle': -65.80628182116679}, 'location': [143.27527215673086, 180.67409827457837], 'diameter': 58.64636059512678, 'sphere': {'center': [1.765879722315946, -1.4641988726289945, 66.97337994567977], 'radius': 12.0}, 'projected_sphere': {'center': [176.3474716181845, 106.4453115287556], 'axes': [222.17782665394446, 222.17782665394446], 'angle': 90.0}, 'model_confidence': 0.9600167787394254, 'model_id': 32, 'model_birth_timestamp': 360848.025353, 'theta': 2.2132544871042126, 'phi': -1.927553993653033, 'norm_pos': [0.44773522548978395, 0.24719125718925683], 'topic': 'pupil.1', 'id': 1, 'method': '3d c++'}"
1581495767.797767,"{'circle_3d': {'center': [-1.6035636116693126, 5.676419418022, 57.93687497714892], 'normal': [-0.28078694449877156, 0.5950515242209162, -0.7530420807109043], 'radius': 2.738507577538615}, 'confidence': 0.9982490621045104, 'timestamp': 360864.380138, 'diameter_3d': 5.47701515507723, 'ellipse': {'center': [143.11634161851399, 180.18258752622597], 'axes': [40.298443930327736, 58.64633823094909], 'angle': -65.56280280708782}, 'location': [143.11634161851399, 180.18258752622597], 'diameter': 58.64633823094909, 'sphere': {'center': [1.765879722315946, -1.4641988726289945, 66.97337994567977], 'radius': 12.0}, 'projected_sphere': {'center': [176.3474716181845, 106.4453115287556], 'axes': [222.17782665394446, 222.17782665394446], 'angle': 90.0}, 'model_confidence': 0.9595237455708339, 'model_id': 32, 'model_birth_timestamp': 360848.025353, 'theta': 2.2081260837396806, 'phi': -1.927698461099094, 'norm_pos': [0.4472385675578562, 0.24923921864072507], 'topic': 'pupil.1', 'id': 1, 'method': '3d c++'}"
1581495767.8048031,"{'circle_3d': {'center': [-1.5622271295800505, 5.6599884249475165, 57.908631734537195], 'normal': [-0.2773422376579997, 0.5936822747980426, -0.7553956842618809], 'radius': 2.7832562339245763}, 'confidence': 0.9998593654604284, 'timestamp': 360864.388538, 'diameter_3d': 5.566512467849153, 'ellipse': {'center': [143.55772895308732, 180.01601222760274], 'axes': [41.1518714812629, 59.63457337252221], 'angle': -65.79782196326413}, 'location': [143.55772895308732, 180.01601222760274], 'diameter': 59.63457337252221, 'sphere': {'center': [1.765879722315946, -1.4641988726289945, 66.97337994567977], 'radius': 12.0}, 'projected_sphere': {'center': [176.3474716181845, 106.4453115287556], 'axes': [222.17782665394446, 222.17782665394446], 'angle': 90.0}, 'model_confidence': 0.9594858512783966, 'model_id': 32, 'model_birth_timestamp': 360848.025353, 'theta': 2.2064234474849713, 'phi': -1.922665604797985, 'norm_pos': [0.4486179029783979, 0.24993328238498858], 'topic': 'pupil.1', 'id': 1, 'method': '3d c++'}"
1581495767.8202329,"{'circle_3d': {'center': [-1.6305035952281315, 5.636266460680398, 57.91534636157445], 'normal': [-0.28303194312867314, 0.5917054444424493, -0.7548361320087765], 'radius': 2.7727601365985213}, 'confidence': 0.9997410057940271, 'timestamp': 360864.396938, 'diameter_3d': 5.5455202731970425, 'ellipse': {'center': [142.83168313051823, 179.76201593279703], 'axes': [40.95601448042771, 59.40235601167085], 'angle': -65.25689808883942}, 'location': [142.83168313051823, 179.76201593279703], 'diameter': 59.40235601167085, 'sphere': {'center': [1.765879722315946, -1.4641988726289945, 66.97337994567977], 'radius': 12.0}, 'projected_sphere': {'center': [176.3474716181845, 106.4453115287556], 'axes': [222.17782665394446, 222.17782665394446], 'angle': 90.0}, 'model_confidence': 0.9595396316178006, 'model_id': 32, 'model_birth_timestamp': 360848.025353, 'theta': 2.203969060406343, 'phi': -1.929530287005408, 'norm_pos': [0.44634900978286945, 0.25099160028001244], 'topic': 'pupil.1', 'id': 1, 'method': '3d c++'}"
1581495767.822453,"{'circle_3d': {'center': [-1.5737023925203826, 5.61903212224518, 57.88079890553945], 'normal': [-0.27829850956969404, 0.5902692495728479, -0.7577150866783595], 'radius': 2.716017920834545}, 'confidence': 0.9984922349031473, 'timestamp': 360864.405338, 'diameter_3d': 5.43203584166909, 'ellipse': {'center': [143.4153435906024, 179.63455436584235], 'axes': [40.34719503875212, 58.22021883569362], 'angle': -65.59566017578679}, 'location': [143.4153435906024, 179.63455436584235], 'diameter': 58.22021883569362, 'sphere': {'center': [1.765879722315946, -1.4641988726289945, 66.97337994567977], 'radius': 12.0}, 'projected_sphere': {'center': [176.3474716181845, 106.4453115287556], 'axes': [222.17782665394446, 222.17782665394446], 'angle': 90.0}, 'model_confidence': 0.9591346675338452, 'model_id': 32, 'model_birth_timestamp': 360848.025353, 'theta': 2.2021886841810647, 'phi': -1.922787372739893, 'norm_pos': [0.44817294872063246, 0.25152269014232354], 'topic': 'pupil.1', 'id': 1, 'method': '3d c++'}"
1581495767.829244,"{'circle_3d': {'center': [-1.5817555993307983, 5.583257650936248, 57.85599576480196], 'normal': [-0.2789696101372287, 0.5872880436304369, -0.7597820150731502], 'radius': 2.746706386359261}, 'confidence': 0.9990328555097383, 'timestamp': 360864.413738, 'diameter_3d': 5.493412772718522, 'ellipse': {'center': [143.3297963458661, 179.2645837806405], 'axes': [40.976476831833054, 58.903658115113515], 'angle': -65.43133949211041}, 'location': [143.3297963458661, 179.2645837806405], 'diameter': 58.903658115113515, 'sphere': {'center': [1.765879722315946, -1.4641988726289945, 66.97337994567977], 'radius': 12.0}, 'projected_sphere': {'center': [176.3474716181845, 106.4453115287556], 'axes': [222.17782665394446, 222.17782665394446], 'angle': 90.0}, 'model_confidence': 0.9588635774890775, 'model_id': 32, 'model_birth_timestamp': 360848.025353, 'theta': 2.1985004109200186, 'phi': -1.9226852504683867, 'norm_pos': [0.4479056135808316, 0.25306423424733127], 'topic': 'pupil.1', 'id': 1, 'method': '3d c++'}"
1581495767.83741,"{'circle_3d': {'center': [-1.5836072208291092, 5.583827819777188, 57.85711662341714], 'normal': [-0.2791239119287546, 0.5873355577005152, -0.759688610188552], 'radius': 2.73976173809133}, 'confidence': 0.9995709285627795, 'timestamp': 360864.422138, 'diameter_3d': 5.47952347618266, 'ellipse': {'center': [143.3089579009939, 179.27247278226852], 'axes': [40.86510190276369, 58.753451853337914], 'angle': -65.42024103512045}, 'location': [143.3089579009939, 179.27247278226852], 'diameter': 58.753451853337914, 'sphere': {'center': [1.765879722315946, -1.4641988726289945, 66.97337994567977], 'radius': 12.0}, 'projected_sphere': {'center': [176.3474716181845, 106.4453115287556], 'axes': [222.17782665394446, 222.17782665394446], 'angle': 90.0}, 'model_confidence': 0.9587653281966202, 'model_id': 32, 'model_birth_timestamp': 360848.025353, 'theta': 2.1985591165950633, 'phi': -1.922903996523827, 'norm_pos': [0.44784049344060595, 0.25303136340721444], 'topic': 'pupil.1', 'id': 1, 'method': '3d c++'}"
1581495767.845797,"{'circle_3d': {'center': [-1.5813184728224348, 5.588188967704099, 57.859649096461965], 'normal': [-0.2789331829281984, 0.5876989866944244, -0.7594775707681504], 'radius': 2.7175508443902707}, 'confidence': 0.9991357893439564, 'timestamp': 360864.430538, 'diameter_3d': 5.4351016887805415, 'ellipse': {'center': [143.32942557581464, 179.32562774466453], 'axes': [40.515618252535965, 58.27418003312151], 'angle': -65.44937893819237}, 'location': [143.32942557581464, 179.32562774466453], 'diameter': 58.27418003312151, 'sphere': {'center': [1.765879722315946, -1.4641988726289945, 66.97337994567977], 'radius': 12.0}, 'projected_sphere': {'center': [176.3474716181845, 106.4453115287556], 'axes': [222.17782665394446, 222.17782665394446], 'angle': 90.0}, 'model_confidence': 0.9585483575115683, 'model_id': 32, 'model_birth_timestamp': 360848.025353, 'theta': 2.1990082314994153, 'phi': -1.9227726809619354, 'norm_pos': [0.44790445492442077, 0.2528098843972312], 'topic': 'pupil.1', 'id': 1, 'method': '3d c++'}"
1581495767.85363,"{'circle_3d': {'center': [-1.6040263692964658, 5.599997887716027, 57.87717980139729], 'normal': [-0.28082550763436764, 0.5886830633620851, -0.7580166786902062], 'radius': 2.7516659327209454}, 'confidence': 0.998967290601089, 'timestamp': 360864.438938, 'diameter_3d': 5.503331865441891, 'ellipse': {'center': [143.09919439195096, 179.42085854272483], 'axes': [40.90570852849547, 58.988627609547216], 'angle': -65.32842940257109}, 'location': [143.09919439195096, 179.42085854272483], 'diameter': 58.988627609547216, 'sphere': {'center': [1.765879722315946, -1.4641988726289945, 66.97337994567977], 'radius': 12.0}, 'projected_sphere': {'center': [176.3474716181845, 106.4453115287556], 'axes': [222.17782665394446, 222.17782665394446], 'angle': 90.0}, 'model_confidence': 0.9582650510168711, 'model_id': 32, 'model_birth_timestamp': 360848.025353, 'theta': 2.200225061004513, 'phi': -1.9255931472732108, 'norm_pos': [0.4471849824748467, 0.25241308940531326], 'topic': 'pupil.1', 'id': 1, 'method': '3d c++'}"
1581495767.8611789,"{'circle_3d': {'center': [-1.620684741619691, 5.614444300183746, 57.89461395224212], 'normal': [-0.28221370532796974, 0.5898869310677284, -0.7565638327864708], 'radius': 2.772045798249655}, 'confidence': 0.999310365961827, 'timestamp': 360864.447338, 'diameter_3d': 5.54409159649931, 'ellipse': {'center': [142.93065611562295, 179.54974831074412], 'axes': [41.089106585218936, 59.40814745751188], 'angle': -65.25778930488757}, 'location': [142.93065611562295, 179.54974831074412], 'diameter': 59.40814745751188, 'sphere': {'center': [1.765879722315946, -1.4641988726289945, 66.97337994567977], 'radius': 12.0}, 'projected_sphere': {'center': [176.3474716181845, 106.4453115287556], 'axes': [222.17782665394446, 222.17782665394446], 'angle': 90.0}, 'model_confidence': 0.9581817606241438, 'model_id': 32, 'model_birth_timestamp': 360848.025353, 'theta': 2.2017151345118506, 'phi': -1.9278302844848092, 'norm_pos': [0.4466583003613217, 0.25187604870523284], 'topic': 'pupil.1', 'id': 1, 'method': '3d c++'}"
1581495767.868928,"{'circle_3d': {'center': [-1.6236825141850388, 5.592920895845106, 57.878990003616664], 'normal': [-0.2824635197084154, 0.5880933140395084, -0.7578658285052584], 'radius': 2.7599413314467443}, 'confidence': 0.9993726536623709, 'timestamp': 360864.455738, 'diameter_3d': 5.5198826628934885, 'ellipse': {'center': [142.89233785838337, 179.34049485825938], 'axes': [41.01821705910707, 59.16428891300668], 'angle': -65.1711821793728}, 'location': [142.89233785838337, 179.34049485825938], 'diameter': 59.16428891300668, 'sphere': {'center': [1.765879722315946, -1.4641988726289945, 66.97337994567977], 'radius': 12.0}, 'projected_sphere': {'center': [176.3474716181845, 106.4453115287556], 'axes': [222.17782665394446, 222.17782665394446], 'angle': 90.0}, 'model_confidence': 0.9580883274358354, 'model_id': 32, 'model_birth_timestamp': 360848.025353, 'theta': 2.1994956954706377, 'phi': -1.927557059059926, 'norm_pos': [0.44653855580744806, 0.25274793809058593], 'topic': 'pupil.1', 'id': 1, 'method': '3d c++'}"
1581495767.8816772,"{'circle_3d': {'center': [-1.6258813737245876, 5.585103796980036, 57.87374871471063], 'normal': [-0.2826467580033778, 0.5874418891340859, -0.7583026025807615], 'radius': 2.750356968041671}, 'confidence': 0.9992934824677777, 'timestamp': 360864.464138, 'diameter_3d': 5.500713936083342, 'ellipse': {'center': [142.86564735917202, 179.26620377405152], 'axes': [40.91203163992229, 58.96391433806847], 'angle': -65.13195787022315}, 'location': [142.86564735917202, 179.26620377405152], 'diameter': 58.96391433806847, 'sphere': {'center': [1.765879722315946, -1.4641988726289945, 66.97337994567977], 'radius': 12.0}, 'projected_sphere': {'center': [176.3474716181845, 106.4453115287556], 'axes': [222.17782665394446, 222.17782665394446], 'angle': 90.0}, 'model_confidence': 0.9580022780489528, 'model_id': 32, 'model_birth_timestamp': 360848.025353, 'theta': 2.198690502712181, 'phi': -1.9275807360839685, 'norm_pos': [0.44645514799741254, 0.25305748427478536], 'topic': 'pupil.1', 'id': 1, 'method': '3d c++'}"
1581495767.891107,"{'circle_3d': {'center': [-1.63811663819627, 5.57295938305857, 57.86891881599021], 'normal': [-0.28366636337601797, 0.5864298546406304, -0.758705094140796], 'radius': 2.7371206109343023}, 'confidence': 0.9994628573502957, 'timestamp': 360864.472538, 'diameter_3d': 5.4742412218686045, 'ellipse': {'center': [142.73155652778263, 179.14697626425388], 'axes': [40.74921754230781, 58.68467752579488], 'angle': -65.01005789769529}, 'location': [142.73155652778263, 179.14697626425388], 'diameter': 58.68467752579488, 'sphere': {'center': [1.765879722315946, -1.4641988726289945, 66.97337994567977], 'radius': 12.0}, 'projected_sphere': {'center': [176.3474716181845, 106.4453115287556], 'axes': [222.17782665394446, 222.17782665394446], 'angle': 90.0}, 'model_confidence': 0.9578810333935595, 'model_id': 32, 'model_birth_timestamp': 360848.025353, 'theta': 2.1974405115032924, 'phi': -1.9285866869504182, 'norm_pos': [0.4460361141493207, 0.2535542655656088], 'topic': 'pupil.1', 'id': 1, 'method': '3d c++'}"
1581495767.898162,"{'circle_3d': {'center': [-1.7122402421453888, 5.584314779996057, 57.905792791338556], 'normal': [-0.2898433303717779, 0.5873761377187543, -0.7556322628617675], 'radius': 2.7972298510024705}, 'confidence': 0.9998101445529345, 'timestamp': 360864.480938, 'diameter_3d': 5.594459702004941, 'ellipse': {'center': [141.96577757194711, 179.20865038368507], 'axes': [41.39304668370666, 59.93656934175959], 'angle': -64.53691966735948}, 'location': [141.96577757194711, 179.20865038368507], 'diameter': 59.93656934175959, 'sphere': {'center': [1.765879722315946, -1.4641988726289945, 66.97337994567977], 'radius': 12.0}, 'projected_sphere': {'center': [176.3474716181845, 106.4453115287556], 'axes': [222.17782665394446, 222.17782665394446], 'angle': 90.0}, 'model_confidence': 0.9578674259244968, 'model_id': 32, 'model_birth_timestamp': 360848.025353, 'theta': 2.1986092569313507, 'phi': -1.9370654744715372, 'norm_pos': [0.44364305491233474, 0.25329729006797885], 'topic': 'pupil.1', 'id': 1, 'method': '3d c++'}"
1581495767.906367,"{'circle_3d': {'center': [-1.6729361033069823, 5.57180209150856, 57.881117512704094], 'normal': [-0.28656798546857737, 0.5863334136781295, -0.757688536081306], 'radius': 2.74815213225064}, 'confidence': 0.9990614457395426, 'timestamp': 360864.489338, 'diameter_3d': 5.49630426450128, 'ellipse': {'center': [142.36670108406474, 179.1188172816785], 'axes': [40.83249076852964, 58.908978639512576], 'angle': -64.76687291861248}, 'location': [142.36670108406474, 179.1188172816785], 'diameter': 58.908978639512576, 'sphere': {'center': [1.765879722315946, -1.4641988726289945, 66.97337994567977], 'radius': 12.0}, 'projected_sphere': {'center': [176.3474716181845, 106.4453115287556], 'axes': [222.17782665394446, 222.17782665394446], 'angle': 90.0}, 'model_confidence': 0.9576252068745794, 'model_id': 32, 'model_birth_timestamp': 360848.025353, 'theta': 2.197321453719838, 'phi': -1.9323812763262804, 'norm_pos': [0.44489594088770235, 0.2536715946596729], 'topic': 'pupil.1', 'id': 1, 'method': '3d c++'}"
1581495767.913794,"{'circle_3d': {'center': [-1.691186145931107, 5.562017957693866, 57.880472124971966], 'normal': [-0.2880888223539211, 0.5855180691935717, -0.7577423183923165], 'radius': 2.7605305284396806}, 'confidence': 0.9994126132193534, 'timestamp': 360864.497738, 'diameter_3d': 5.521061056879361, 'ellipse': {'center': [142.17506994022773, 179.0102821494358], 'axes': [41.02293577665289, 59.175157074793695], 'angle': -64.61096686863509}, 'location': [142.17506994022773, 179.0102821494358], 'diameter': 59.175157074793695, 'sphere': {'center': [1.765879722315946, -1.4641988726289945, 66.97337994567977], 'radius': 12.0}, 'projected_sphere': {'center': [176.3474716181845, 106.4453115287556], 'axes': [222.17782665394446, 222.17782665394446], 'angle': 90.0}, 'model_confidence': 0.9575191169523767, 'model_id': 32, 'model_birth_timestamp': 360848.025353, 'theta': 2.1963153085556364, 'phi': -1.9341125464321367, 'norm_pos': [0.4442970935632117, 0.2541238243773508], 'topic': 'pupil.1', 'id': 1, 'method': '3d c++'}"
1581495767.9218829,"{'circle_3d': {'center': [-1.719767110370211, 5.528203960014476, 57.865330276083945], 'normal': [-0.2904705693905131, 0.5827002360536225, -0.759004139132985], 'radius': 2.7583876466704096}, 'confidence': 0.9995414263741831, 'timestamp': 360864.506138, 'diameter_3d': 5.516775293340819, 'ellipse': {'center': [141.86663818741096, 178.66553997278822], 'axes': [41.098909149725344, 59.14439181049647], 'angle': -64.30787321841672}, 'location': [141.86663818741096, 178.66553997278822], 'diameter': 59.14439181049647, 'sphere': {'center': [1.765879722315946, -1.4641988726289945, 66.97337994567977], 'radius': 12.0}, 'projected_sphere': {'center': [176.3474716181845, 106.4453115287556], 'axes': [222.17782665394446, 222.17782665394446], 'angle': 90.0}, 'model_confidence': 0.9574008281549196, 'model_id': 32, 'model_birth_timestamp': 360848.025353, 'theta': 2.1928436772470095, 'phi': -1.936300172371649, 'norm_pos': [0.44333324433565924, 0.25556025011338235], 'topic': 'pupil.1', 'id': 1, 'method': '3d c++'}"
1581495767.929261,"{'circle_3d': {'center': [-1.710024572783946, 5.56587356059222, 57.89063967002676], 'normal': [-0.28965869125832433, 0.5858393694351012, -0.7568950229710839], 'radius': 2.7808696304727136}, 'confidence': 0.9996620162362775, 'timestamp': 360864.514538, 'diameter_3d': 5.561739260945427, 'ellipse': {'center': [141.98179676235534, 179.03346424153114], 'axes': [41.256310217973784, 59.60112876001502], 'angle': -64.49404920109023}, 'location': [141.98179676235534, 179.03346424153114], 'diameter': 59.60112876001502, 'sphere': {'center': [1.765879722315946, -1.4641988726289945, 66.97337994567977], 'radius': 12.0}, 'projected_sphere': {'center': [176.3474716181845, 106.4453115287556], 'axes': [222.17782665394446, 222.17782665394446], 'angle': 90.0}, 'model_confidence': 0.9573629389045157, 'model_id': 32, 'model_birth_timestamp': 360848.025353, 'theta': 2.196711709645828, 'phi': -1.9362947327102646, 'norm_pos': [0.44369311488236046, 0.25402723232695357], 'topic': 'pupil.1', 'id': 1, 'method': '3d c++'}"
1581495767.937796,"{'circle_3d': {'center': [-1.7397170268564401, 5.5677117312494655, 57.90348332602342], 'normal': [-0.29213306243103215, 0.585992550323205, -0.7558247183046959], 'radius': 2.782108794497221}, 'confidence': 0.9996620561028792, 'timestamp': 360864.522937, 'diameter_3d': 5.564217588994442, 'ellipse': {'center': [141.66991731994892, 179.04062597352288], 'axes': [41.18753339958026, 59.61449141319233], 'angle': -64.29703692250675}, 'location': [141.66991731994892, 179.04062597352288], 'diameter': 59.61449141319233, 'sphere': {'center': [1.765879722315946, -1.4641988726289945, 66.97337994567977], 'radius': 12.0}, 'projected_sphere': {'center': [176.3474716181845, 106.4453115287556], 'axes': [222.17782665394446, 222.17782665394446], 'angle': 90.0}, 'model_confidence': 0.9573850921580029, 'model_id': 32, 'model_birth_timestamp': 360848.025353, 'theta': 2.196900735084221, 'phi': -1.9396187133165808, 'norm_pos': [0.4427184916248404, 0.253997391776988], 'topic': 'pupil.1', 'id': 1, 'method': '3d c++'}"
1581495767.9463801,"{'circle_3d': {'center': [-1.7703047889272592, 5.552177682258717, 57.90332707138705], 'normal': [-0.2946820426036004, 0.5846980462406427, -0.7558377395243935], 'radius': 2.7527056671190353}, 'confidence': 0.9994773236580873, 'timestamp': 360864.531337, 'diameter_3d': 5.505411334238071, 'ellipse': {'center': [141.33847137169187, 178.88776271819287], 'axes': [40.755234142296906, 58.98386887730361], 'angle': -64.03917492055484}, 'location': [141.33847137169187, 178.88776271819287], 'diameter': 58.98386887730361, 'sphere': {'center': [1.765879722315946, -1.4641988726289945, 66.97337994567977], 'radius': 12.0}, 'projected_sphere': {'center': [176.3474716181845, 106.4453115287556], 'axes': [222.17782665394446, 222.17782665394446], 'angle': 90.0}, 'model_confidence': 0.9572422516917811, 'model_id': 32, 'model_birth_timestamp': 360848.025353, 'theta': 2.195304127047052, 'phi': -1.9425436733198531, 'norm_pos': [0.4416827230365371, 0.25463432200752967], 'topic': 'pupil.1', 'id': 1, 'method': '3d c++'}"
1581495767.9533298,"{'circle_3d': {'center': [-1.7920579856519707, 5.563902172403124, 57.92092862203055], 'normal': [-0.2964948089973264, 0.5856750870860099, -0.7543709436374347], 'radius': 2.7726860447566324}, 'confidence': 0.9992382126503108, 'timestamp': 360864.539737, 'diameter_3d': 5.545372089513265, 'ellipse': {'center': [141.11649738510067, 178.98792322767795], 'axes': [40.930893548588486, 59.394446717667925], 'angle': -63.929002757424705}, 'location': [141.11649738510067, 178.98792322767795], 'diameter': 59.394446717667925, 'sphere': {'center': [1.765879722315946, -1.4641988726289945, 66.97337994567977], 'radius': 12.0}, 'projected_sphere': {'center': [176.3474716181845, 106.4453115287556], 'axes': [222.17782665394446, 222.17782665394446], 'angle': 90.0}, 'model_confidence': 0.9570320411340094, 'model_id': 32, 'model_birth_timestamp': 360848.025353, 'theta': 2.1965090136885834, 'phi': -1.945284728658039, 'norm_pos': [0.4409890543284396, 0.25421698655134184], 'topic': 'pupil.1', 'id': 1, 'method': '3d c++'}"
1581495767.9654589,"{'circle_3d': {'center': [-1.806146575329956, 5.562321897461677, 57.92525118905774], 'normal': [-0.2976688581371585, 0.585543397507556, -0.7540107297185024], 'radius': 2.7691687904173508}, 'confidence': 0.9988944899207735, 'timestamp': 360864.548137, 'diameter_3d': 5.5383375808347015, 'ellipse': {'center': [140.9672617913388, 178.96858691724577], 'axes': [40.850060795664724, 59.31458706615076], 'angle': -63.82847691311791}, 'location': [140.9672617913388, 178.96858691724577], 'diameter': 59.31458706615076, 'sphere': {'center': [1.765879722315946, -1.4641988726289945, 66.97337994567977], 'radius': 12.0}, 'projected_sphere': {'center': [176.3474716181845, 106.4453115287556], 'axes': [222.17782665394446, 222.17782665394446], 'angle': 90.0}, 'model_confidence': 0.9567352791185479, 'model_id': 32, 'model_birth_timestamp': 360848.025353, 'theta': 2.1963465529983393, 'phi': -1.946795196139472, 'norm_pos': [0.4405226930979338, 0.25429755451147595], 'topic': 'pupil.1', 'id': 1, 'method': '3d c++'}"
1581495767.97379,"{'circle_3d': {'center': [-1.8087834112958598, 5.583405697834404, 57.942707030576486], 'normal': [-0.2978885944676505, 0.5873003808719499, -0.7525560762586069], 'radius': 2.77250155401957}, 'confidence': 0.9994185309474165, 'timestamp': 360864.556537, 'diameter_3d': 5.54500310803914, 'ellipse': {'center': [140.9449134630545, 179.17506151014268], 'axes': [40.77803296439588, 59.368308438845084], 'angle': -63.87828974792867}, 'location': [140.9449134630545, 179.17506151014268], 'diameter': 59.368308438845084, 'sphere': {'center': [1.765879722315946, -1.4641988726289945, 66.97337994567977], 'radius': 12.0}, 'projected_sphere': {'center': [176.3474716181845, 106.4453115287556], 'axes': [222.17782665394446, 222.17782665394446], 'angle': 90.0}, 'model_confidence': 0.9565718763695608, 'model_id': 32, 'model_birth_timestamp': 360848.025353, 'theta': 2.1985156538716133, 'phi': -1.9477076813745484, 'norm_pos': [0.4404528545720453, 0.2534372437077388], 'topic': 'pupil.1', 'id': 1, 'method': '3d c++'}"
1581495767.981761,"{'circle_3d': {'center': [-1.846204572785054, 5.556471833663455, 57.93662002417628], 'normal': [-0.30100702459175, 0.5850558921910375, -0.7530633267919576], 'radius': 2.7578523827895776}, 'confidence': 0.998931453986832, 'timestamp': 360864.564937, 'diameter_3d': 5.515704765579155, 'ellipse': {'center': [140.54248043294967, 178.90056898306256], 'axes': [40.607623268687014, 59.06031405986133], 'angle': -63.53894209833436}, 'location': [140.54248043294967, 178.90056898306256], 'diameter': 59.06031405986133, 'sphere': {'center': [1.765879722315946, -1.4641988726289945, 66.97337994567977], 'radius': 12.0}, 'projected_sphere': {'center': [176.3474716181845, 106.4453115287556], 'axes': [222.17782665394446, 222.17782665394446], 'angle': 90.0}, 'model_confidence': 0.9562798459285204, 'model_id': 32, 'model_birth_timestamp': 360848.025353, 'theta': 2.1957453010617156, 'phi': -1.9510527730727014, 'norm_pos': [0.4391952513529677, 0.2545809625705727], 'topic': 'pupil.1', 'id': 1, 'method': '3d c++'}"
1581495767.989584,"{'circle_3d': {'center': [-1.8634324580014934, 5.547874722665073, 57.936847591287446], 'normal': [-0.30244268169311994, 0.5843394662745056, -0.7530443628660267], 'radius': 2.7554381876079277}, 'confidence': 0.9987723542198318, 'timestamp': 360864.573337, 'diameter_3d': 5.510876375215855, 'ellipse': {'center': [140.35899810293034, 178.81000883345808], 'axes': [40.57195551492494, 59.00826606708614], 'angle': -63.39489093146465}, 'location': [140.35899810293034, 178.81000883345808], 'diameter': 59.00826606708614, 'sphere': {'center': [1.765879722315946, -1.4641988726289945, 66.97337994567977], 'radius': 12.0}, 'projected_sphere': {'center': [176.3474716181845, 106.4453115287556], 'axes': [222.17782665394446, 222.17782665394446], 'angle': 90.0}, 'model_confidence': 0.9560564657606685, 'model_id': 32, 'model_birth_timestamp': 360848.025353, 'theta': 2.1948621887608324, 'phi': -1.9527041978465343, 'norm_pos': [0.43862186907165734, 0.254958296527258], 'topic': 'pupil.1', 'id': 1, 'method': '3d c++'}"
1581495767.9974751,"{'circle_3d': {'center': [-1.860299574454111, 5.57339251710404, 57.95544608371162], 'normal': [-0.30218160806417144, 0.5864659491444195, -0.7514944884973453], 'radius': 2.7730019352512825}, 'confidence': 0.9995625644850845, 'timestamp': 360864.581737, 'diameter_3d': 5.546003870502565, 'ellipse': {'center': [140.4015500418304, 179.05672782666275], 'axes': [40.701397849584254, 59.36590043739273], 'angle': -63.49895377985417}, 'location': [140.4015500418304, 179.05672782666275], 'diameter': 59.36590043739273, 'sphere': {'center': [1.765879722315946, -1.4641988726289945, 66.97337994567977], 'radius': 12.0}, 'projected_sphere': {'center': [176.3474716181845, 106.4453115287556], 'axes': [222.17782665394446, 222.17782665394446], 'angle': 90.0}, 'model_confidence': 0.9559571731451943, 'model_id': 32, 'model_birth_timestamp': 360848.025353, 'theta': 2.197485073337059, 'phi': -1.9531182364594095, 'norm_pos': [0.43875484388072, 0.25393030072223854], 'topic': 'pupil.1', 'id': 1, 'method': '3d c++'}"
1581495768.005486,"{'circle_3d': {'center': [-1.8840170895718786, 5.5503823722552825, 57.94709038565075], 'normal': [-0.30415806765731873, 0.5845484370736898, -0.7521907966690848], 'radius': 2.8173473840088654}, 'confidence': 0.9998351257886668, 'timestamp': 360864.590137, 'diameter_3d': 5.634694768017731, 'ellipse': {'center': [140.1570538007507, 178.8017983175929], 'axes': [41.41480439515673, 60.32476297441752], 'angle': -63.26472955366811}, 'location': [140.1570538007507, 178.8017983175929], 'diameter': 60.32476297441752, 'sphere': {'center': [1.765879722315946, -1.4641988726289945, 66.97337994567977], 'radius': 12.0}, 'projected_sphere': {'center': [176.3474716181845, 106.4453115287556], 'axes': [222.17782665394446, 222.17782665394446], 'angle': 90.0}, 'model_confidence': 0.9559429785203077, 'model_id': 32, 'model_birth_timestamp': 360848.025353, 'theta': 2.1951197214497173, 'phi': -1.955058175041372, 'norm_pos': [0.43799079312734596, 0.2549925070100296], 'topic': 'pupil.1', 'id': 1, 'method': '3d c++'}"
1581495768.013985,"{'circle_3d': {'center': [-1.8740593499780218, 5.562740047231236, 57.95268302323851], 'normal': [-0.3033282560244973, 0.5855782433216858, -0.751724743536772], 'radius': 2.7802880284017615}, 'confidence': 0.9988371589705556, 'timestamp': 360864.598537, 'diameter_3d': 5.560576056803523, 'ellipse': {'center': [140.256215619437, 178.94316882858504], 'axes': [40.82904769691307, 59.524799222766475], 'angle': -63.371914332112205}, 'location': [140.256215619437, 178.94316882858504], 'diameter': 59.524799222766475, 'sphere': {'center': [1.765879722315946, -1.4641988726289945, 66.97337994567977], 'radius': 12.0}, 'projected_sphere': {'center': [176.3474716181845, 106.4453115287556], 'axes': [222.17782665394446, 222.17782665394446], 'angle': 90.0}, 'model_confidence': 0.9556437073415025, 'model_id': 32, 'model_birth_timestamp': 360848.025353, 'theta': 2.1963895391691706, 'phi': -1.9543246755098804, 'norm_pos': [0.4383006738107406, 0.254403463214229], 'topic': 'pupil.1', 'id': 1, 'method': '3d c++'}"
1581495768.022208,"{'circle_3d': {'center': [-1.9032887088456654, 5.543005059075561, 57.94917382639862], 'normal': [-0.3057640359301343, 0.5839336609753797, -0.752017176606762], 'radius': 2.7493995785786103}, 'confidence': 0.9987121016176751, 'timestamp': 360864.606937, 'diameter_3d': 5.498799157157221, 'ellipse': {'center': [139.93794737394, 178.74937536305998], 'axes': [40.40131271953667, 58.866258429737265], 'angle': -63.11113496883482}, 'location': [139.93794737394, 178.74937536305998], 'diameter': 58.866258429737265, 'sphere': {'center': [1.765879722315946, -1.4641988726289945, 66.97337994567977], 'radius': 12.0}, 'projected_sphere': {'center': [176.3474716181845, 106.4453115287556], 'axes': [222.17782665394446, 222.17782665394446], 'angle': 90.0}, 'model_confidence': 0.9553901351505134, 'model_id': 32, 'model_birth_timestamp': 360848.025353, 'theta': 2.1943622163414775, 'phi': -1.9569723630107183, 'norm_pos': [0.43730608554356254, 0.2552109359872501], 'topic': 'pupil.1', 'id': 1, 'method': '3d c++'}"
1581495768.0295548,"{'circle_3d': {'center': [-1.9033975473855549, 5.526053790151245, 57.936081011344044], 'normal': [-0.3057731058084584, 0.5825210552316866, -0.7531082445279772], 'radius': 2.760063335098462}, 'confidence': 0.9993366695295474, 'timestamp': 360864.615337, 'diameter_3d': 5.520126670196924, 'ellipse': {'center': [139.9352108631561, 178.57701680371915], 'axes': [40.64901728794398, 59.108032342943325], 'angle': -63.05451751976565}, 'location': [139.9352108631561, 178.57701680371915], 'diameter': 59.108032342943325, 'sphere': {'center': [1.765879722315946, -1.4641988726289945, 66.97337994567977], 'radius': 12.0}, 'projected_sphere': {'center': [176.3474716181845, 106.4453115287556], 'axes': [222.17782665394446, 222.17782665394446], 'angle': 90.0}, 'model_confidence': 0.9552708753865602, 'model_id': 32, 'model_birth_timestamp': 360848.025353, 'theta': 2.1926232152173983, 'phi': -1.9564771122752087, 'norm_pos': [0.4372975339473628, 0.25592909665117025], 'topic': 'pupil.1', 'id': 1, 'method': '3d c++'}"
1581495768.0376241,"{'circle_3d': {'center': [-1.9288196204812553, 5.521824355480673, 57.943170854930756], 'normal': [-0.30789161189976677, 0.5821686023424723, -0.7525174242290844], 'radius': 2.7642339073975934}, 'confidence': 0.9994157420052154, 'timestamp': 360864.623737, 'diameter_3d': 5.528467814795187, 'ellipse': {'center': [139.6682195726382, 178.52389585396742], 'axes': [40.663591321389276, 59.1901607519035], 'angle': -62.87003316819396}, 'location': [139.6682195726382, 178.52389585396742], 'diameter': 59.1901607519035, 'sphere': {'center': [1.765879722315946, -1.4641988726289945, 66.97337994567977], 'radius': 12.0}, 'projected_sphere': {'center': [176.3474716181845, 106.4453115287556], 'axes': [222.17782665394446, 222.17782665394446], 'angle': 90.0}, 'model_confidence': 0.9551387766686958, 'model_id': 32, 'model_birth_timestamp': 360848.025353, 'theta': 2.1921896628259403, 'phi': -1.9591646477564713, 'norm_pos': [0.4364631861644944, 0.2561504339418025], 'topic': 'pupil.1', 'id': 1, 'method': '3d c++'}"
1581495768.051402,"{'circle_3d': {'center': [-1.9724243947828917, 5.517501747097173, 57.95778574537344], 'normal': [-0.3115253430915698, 0.5818083849771806, -0.7512995166921941], 'radius': 2.7812550753707628}, 'confidence': 0.9996497565739643, 'timestamp': 360864.632137, 'diameter_3d': 5.5625101507415255, 'ellipse': {'center': [139.21341890476364, 178.45769860388887], 'axes': [40.81632934224048, 59.539950575139386], 'angle': -62.56432299973852}, 'location': [139.21341890476364, 178.45769860388887], 'diameter': 59.539950575139386, 'sphere': {'center': [1.765879722315946, -1.4641988726289945, 66.97337994567977], 'radius': 12.0}, 'projected_sphere': {'center': [176.3474716181845, 106.4453115287556], 'axes': [222.17782665394446, 222.17782665394446], 'angle': 90.0}, 'model_confidence': 0.9550594279768787, 'model_id': 32, 'model_birth_timestamp': 360848.025353, 'theta': 2.191746698373382, 'phi': -1.9638667363580713, 'norm_pos': [0.4350419340773864, 0.25642625581712974], 'topic': 'pupil.1', 'id': 1, 'method': '3d c++'}"
1581495768.058144,"{'circle_3d': {'center': [-1.987199685350398, 5.497027451821897, 57.948097511344386], 'normal': [-0.3127566173055287, 0.580102193704241, -0.7521068695279485], 'radius': 2.7575453450092824}, 'confidence': 0.9992742549242757, 'timestamp': 360864.640537, 'diameter_3d': 5.515090690018565, 'ellipse': {'center': [139.04813875107703, 178.2587069312636], 'axes': [40.535951669331524, 59.041602484385756], 'angle': -62.39694007086844}, 'location': [139.04813875107703, 178.2587069312636], 'diameter': 59.041602484385756, 'sphere': {'center': [1.765879722315946, -1.4641988726289945, 66.97337994567977], 'radius': 12.0}, 'projected_sphere': {'center': [176.3474716181845, 106.4453115287556], 'axes': [222.17782665394446, 222.17782665394446], 'angle': 90.0}, 'model_confidence': 0.954929382014913, 'model_id': 32, 'model_birth_timestamp': 360848.025353, 'theta': 2.189650473153469, 'phi': -1.9648834241494346, 'norm_pos': [0.4345254335971157, 0.25725538778640167], 'topic': 'pupil.1', 'id': 1, 'method': '3d c++'}"
1581495768.0676138,"{'circle_3d': {'center': [-1.9835435234331154, 5.482979194695846, 57.93576177355514], 'normal': [-0.3124519371457551, 0.5789315056104034, -0.7531348476770522], 'radius': 2.7808107707136043}, 'confidence': 0.9989850047605616, 'timestamp': 360864.648937, 'diameter_3d': 5.5616215414272085, 'ellipse': {'center': [139.08836553782692, 178.11129572041722], 'axes': [40.9643994607354, 59.55280702495544], 'angle': -62.373831800641106}, 'location': [139.08836553782692, 178.11129572041722], 'diameter': 59.55280702495544, 'sphere': {'center': [1.765879722315946, -1.4641988726289945, 66.97337994567977], 'radius': 12.0}, 'projected_sphere': {'center': [176.3474716181845, 106.4453115287556], 'axes': [222.17782665394446, 222.17782665394446], 'angle': 90.0}, 'model_confidence': 0.9548174160224798, 'model_id': 32, 'model_birth_timestamp': 360848.025353, 'theta': 2.188213975684158, 'phi': -1.964054317516989, 'norm_pos': [0.4346511423057091, 0.2578696011649283], 'topic': 'pupil.1', 'id': 1, 'method': '3d c++'}"
1581495768.073011,"{'circle_3d': {'center': [-2.0381872380928048, 5.4971873930290505, 57.96959319670386], 'normal': [-0.31700558003406254, 0.5801155221381704, -0.7503155624146586], 'radius': 2.7734711514095283}, 'confidence': 0.9991129230768447, 'timestamp': 360864.657337, 'diameter_3d': 5.5469423028190565, 'ellipse': {'center': [138.5171212422685, 178.23438827245468], 'axes': [40.62543645609829, 59.36091842899544], 'angle': -62.05877654135876}, 'location': [138.5171212422685, 178.23438827245468], 'diameter': 59.36091842899544, 'sphere': {'center': [1.765879722315946, -1.4641988726289945, 66.97337994567977], 'radius': 12.0}, 'projected_sphere': {'center': [176.3474716181845, 106.4453115287556], 'axes': [222.17782665394446, 222.17782665394446], 'angle': 90.0}, 'model_confidence': 0.9546040760269103, 'model_id': 32, 'model_birth_timestamp': 360848.025353, 'theta': 2.1896668363167167, 'phi': -1.9705444431138308, 'norm_pos': [0.43286600388208907, 0.2573567155314388], 'topic': 'pupil.1', 'id': 1, 'method': '3d c++'}"
1581495768.083068,"{'circle_3d': {'center': [-2.028229638328998, 5.472895576042867, 57.94667208679387], 'normal': [-0.31617578005374536, 0.5780912040559885, -0.7522256549071583], 'radius': 2.7810020002955413}, 'confidence': 0.9994406246172151, 'timestamp': 360864.665737, 'diameter_3d': 5.562004000591083, 'ellipse': {'center': [138.61722548276967, 177.99421389883057], 'axes': [40.8949149415542, 59.54562766243709], 'angle': -62.041904288827396}, 'location': [138.61722548276967, 177.99421389883057], 'diameter': 59.54562766243709, 'sphere': {'center': [1.765879722315946, -1.4641988726289945, 66.97337994567977], 'radius': 12.0}, 'projected_sphere': {'center': [176.3474716181845, 106.4453115287556], 'axes': [222.17782665394446, 222.17782665394446], 'angle': 90.0}, 'model_confidence': 0.9544518221427767, 'model_id': 32, 'model_birth_timestamp': 360848.025353, 'theta': 2.1871837830975736, 'phi': -1.9686966343411803, 'norm_pos': [0.4331788296336552, 0.258357442088206], 'topic': 'pupil.1', 'id': 1, 'method': '3d c++'}"
1581495768.0894568,"{'circle_3d': {'center': [-2.066729315957195, 5.476908173942899, 57.96604177462296], 'normal': [-0.31938408652276173, 0.5784255872143245, -0.750611514254734], 'radius': 2.772257936479096}, 'confidence': 0.9989095905341953, 'timestamp': 360864.674137, 'diameter_3d': 5.544515872958192, 'ellipse': {'center': [138.2126468468896, 178.02279134282588], 'axes': [40.63471136495298, 59.33842092316306], 'angle': -61.80050798123732}, 'location': [138.2126468468896, 178.02279134282588], 'diameter': 59.33842092316306, 'sphere': {'center': [1.765879722315946, -1.4641988726289945, 66.97337994567977], 'radius': 12.0}, 'projected_sphere': {'center': [176.3474716181845, 106.4453115287556], 'axes': [222.17782665394446, 222.17782665394446], 'angle': 90.0}, 'model_confidence': 0.9541640821164488, 'model_id': 32, 'model_birth_timestamp': 360848.025353, 'theta': 2.1875936398797675, 'phi': -1.9730891472453138, 'norm_pos': [0.43191452139653, 0.2582383694048922], 'topic': 'pupil.1', 'id': 1, 'method': '3d c++'}"
1581495768.099908,"{'circle_3d': {'center': [-2.062771319286152, 5.48232998860786, 57.968538582188536], 'normal': [-0.31905425346684146, 0.5788774051030712, -0.7504034469576025], 'radius': 2.792556697566388}, 'confidence': 0.9992602500952341, 'timestamp': 360864.682537, 'diameter_3d': 5.585113395132776, 'ellipse': {'center': [138.26016142549662, 178.06988289382485], 'axes': [40.91503933921432, 59.77080656689771], 'angle': -61.845323004334034}, 'location': [138.26016142549662, 178.06988289382485], 'diameter': 59.77080656689771, 'sphere': {'center': [1.765879722315946, -1.4641988726289945, 66.97337994567977], 'radius': 12.0}, 'projected_sphere': {'center': [176.3474716181845, 106.4453115287556], 'axes': [222.17782665394446, 222.17782665394446], 'angle': 90.0}, 'model_confidence': 0.9540288043374145, 'model_id': 32, 'model_birth_timestamp': 360848.025353, 'theta': 2.1881476268815447, 'phi': -1.9728168481443302, 'norm_pos': [0.43206300445467694, 0.2580421546090631], 'topic': 'pupil.1', 'id': 1, 'method': '3d c++'}"
1581495768.1064188,"{'circle_3d': {'center': [-2.070617478756235, 5.491040041180022, 57.97860697033447], 'normal': [-0.3197081000893484, 0.579603242817418, -0.7495644146121081], 'radius': 2.7918709228568184}, 'confidence': 0.9998117296031382, 'timestamp': 360864.690937, 'diameter_3d': 5.583741845713637, 'ellipse': {'center': [138.17999358048388, 178.1534871836301], 'axes': [40.835238066665056, 59.745803626827644], 'angle': -61.82338733406756}, 'location': [138.17999358048388, 178.1534871836301], 'diameter': 59.745803626827644, 'sphere': {'center': [1.765879722315946, -1.4641988726289945, 66.97337994567977], 'radius': 12.0}, 'projected_sphere': {'center': [176.3474716181845, 106.4453115287556], 'axes': [222.17782665394446, 222.17782665394446], 'angle': 90.0}, 'model_confidence': 0.9539864434472745, 'model_id': 32, 'model_birth_timestamp': 360848.025353, 'theta': 2.189038054040607, 'phi': -1.9739581094707281, 'norm_pos': [0.4318124799390121, 0.25769380340154124], 'topic': 'pupil.1', 'id': 1, 'method': '3d c++'}"
1581495768.1145658,"{'circle_3d': {'center': [-2.076838693901771, 5.510957048995122, 57.996703776702006], 'normal': [-0.32022653468480977, 0.5812629934686764, -0.7480563474148134], 'radius': 2.775795639784176}, 'confidence': 0.9994024728689557, 'timestamp': 360864.699337, 'diameter_3d': 5.551591279568352, 'ellipse': {'center': [138.11618482924197, 178.35490734111121], 'axes': [40.474460761501724, 59.38305895804708], 'angle': -61.85055563790376}, 'location': [138.11618482924197, 178.35490734111121], 'diameter': 59.38305895804708, 'sphere': {'center': [1.765879722315946, -1.4641988726289945, 66.97337994567977], 'radius': 12.0}, 'projected_sphere': {'center': [176.3474716181845, 106.4453115287556], 'axes': [222.17782665394446, 222.17782665394446], 'angle': 90.0}, 'model_confidence': 0.9539008077299349, 'model_id': 32, 'model_birth_timestamp': 360848.025353, 'theta': 2.191076289611226, 'phi': -1.9752712551747575, 'norm_pos': [0.4316130775913812, 0.25685455274536995], 'topic': 'pupil.1', 'id': 1, 'method': '3d c++'}"
1581495768.12287,"{'circle_3d': {'center': [-2.075950010946335, 5.52317028987539, 58.00582640597315], 'normal': [-0.32015247777185674, 0.5822807635420321, -0.7472961283088846], 'radius': 2.774727199305475}, 'confidence': 0.99924711450728, 'timestamp': 360864.707737, 'diameter_3d': 5.54945439861095, 'ellipse': {'center': [138.12836195971903, 178.47661238136936], 'axes': [40.39548242585102, 59.35093168223451], 'angle': -61.89807335861864}, 'location': [138.12836195971903, 178.47661238136936], 'diameter': 59.35093168223451, 'sphere': {'center': [1.765879722315946, -1.4641988726289945, 66.97337994567977], 'radius': 12.0}, 'projected_sphere': {'center': [176.3474716181845, 106.4453115287556], 'axes': [222.17782665394446, 222.17782665394446], 'angle': 90.0}, 'model_confidence': 0.9537298947754347, 'model_id': 32, 'model_birth_timestamp': 360848.025353, 'theta': 2.1923276177415594, 'phi': -1.9755555060386045, 'norm_pos': [0.43165113112412196, 0.256347448410961], 'topic': 'pupil.1', 'id': 1, 'method': '3d c++'}"
1581495768.134203,"{'circle_3d': {'center': [-2.0801010405945295, 5.536704136434539, 58.018169784605504], 'normal': [-0.3204983969092063, 0.5834085840886277, -0.7462675134228554], 'radius': 2.8054771634417444}, 'confidence': 0.9997764971819272, 'timestamp': 360864.716137, 'diameter_3d': 5.610954326883489, 'ellipse': {'center': [138.09544184236128, 178.5964630810405], 'axes': [40.75789440698451, 59.99668066563989], 'angle': -61.91687054694513}, 'location': [138.09544184236128, 178.5964630810405], 'diameter': 59.99668066563989, 'sphere': {'center': [1.765879722315946, -1.4641988726289945, 66.97337994567977], 'radius': 12.0}, 'projected_sphere': {'center': [176.3474716181845, 106.4453115287556], 'axes': [222.17782665394446, 222.17782665394446], 'angle': 90.0}, 'model_confidence': 0.9536725902310472, 'model_id': 32, 'model_birth_timestamp': 360848.025353, 'theta': 2.1937155620645723, 'phi': -1.9764457458291327, 'norm_pos': [0.431548255757379, 0.2558480704956646], 'topic': 'pupil.1', 'id': 1, 'method': '3d c++'}"
1581495768.141716,"{'circle_3d': {'center': [-2.107255294919133, 5.537107085460196, 58.03019594782463], 'normal': [-0.32276125143625656, 0.5834421631740992, -0.7452653331545949], 'radius': 2.80122468058758}, 'confidence': 0.9997168849474953, 'timestamp': 360864.724537, 'diameter_3d': 5.60244936117516, 'ellipse': {'center': [137.81041521327293, 178.59147773157204], 'axes': [40.61417632009487, 59.89324342642892], 'angle': -61.740239420599735}, 'location': [137.81041521327293, 178.59147773157204], 'diameter': 59.89324342642892, 'sphere': {'center': [1.765879722315946, -1.4641988726289945, 66.97337994567977], 'radius': 12.0}, 'projected_sphere': {'center': [176.3474716181845, 106.4453115287556], 'axes': [222.17782665394446, 222.17782665394446], 'angle': 90.0}, 'model_confidence': 0.9536261742846164, 'model_id': 32, 'model_birth_timestamp': 360848.025353, 'theta': 2.1937569071274994, 'phi': -1.979492819667821, 'norm_pos': [0.4306575475414779, 0.25586884278511646], 'topic': 'pupil.1', 'id': 1, 'method': '3d c++'}"
1581495768.151226,"{'circle_3d': {'center': [-2.117523888405236, 5.5359020373440035, 58.03370636962382], 'normal': [-0.3236169675600985, 0.5833417424977498, -0.7449727980046621], 'radius': 2.793254929925325}, 'confidence': 0.999420859432619, 'timestamp': 360864.732937, 'diameter_3d': 5.58650985985065, 'ellipse': {'center': [137.70083471844578, 178.5787165790744], 'axes': [40.47478050202926, 59.71904800395937], 'angle': -61.66895674037117}, 'location': [137.70083471844578, 178.5787165790744], 'diameter': 59.71904800395937, 'sphere': {'center': [1.765879722315946, -1.4641988726289945, 66.97337994567977], 'radius': 12.0}, 'projected_sphere': {'center': [176.3474716181845, 106.4453115287556], 'axes': [222.17782665394446, 222.17782665394446], 'angle': 90.0}, 'model_confidence': 0.9534632538469978, 'model_id': 32, 'model_birth_timestamp': 360848.025353, 'theta': 2.193633265390171, 'phi': -1.9806027271626567, 'norm_pos': [0.43031510849514304, 0.25592201425385663], 'topic': 'pupil.1', 'id': 1, 'method': '3d c++'}"
1581495768.1577,"{'circle_3d': {'center': [-2.1320956248804652, 5.508482938314009, 58.0186327936942], 'normal': [-0.32483127893303426, 0.5810568175785836, -0.7462289293321306], 'radius': 2.791750395869841}, 'confidence': 0.9997503630229054, 'timestamp': 360864.741337, 'diameter_3d': 5.583500791739682, 'ellipse': {'center': [137.54087705555446, 178.30224814710135], 'axes': [40.55922115570289, 59.702158797605485], 'angle': -61.47951732912389}, 'location': [137.54087705555446, 178.30224814710135], 'diameter': 59.702158797605485, 'sphere': {'center': [1.765879722315946, -1.4641988726289945, 66.97337994567977], 'radius': 12.0}, 'projected_sphere': {'center': [176.3474716181845, 106.4453115287556], 'axes': [222.17782665394446, 222.17782665394446], 'angle': 90.0}, 'model_confidence': 0.9534016554619607, 'model_id': 32, 'model_birth_timestamp': 360848.025353, 'theta': 2.1908229367227254, 'phi': -1.9813562709066117, 'norm_pos': [0.42981524079860767, 0.25707396605374433], 'topic': 'pupil.1', 'id': 1, 'method': '3d c++'}"
1581495768.1665542,"{'circle_3d': {'center': [-2.1078320062366966, 5.500202014269007, 58.00167566329016], 'normal': [-0.3228093107127202, 0.5803667405748335, -0.7476420235324673], 'radius': 2.733017051874696}, 'confidence': 0.9986777983616291, 'timestamp': 360864.749737, 'diameter_3d': 5.466034103749392, 'ellipse': {'center': [137.77912196424077, 178.2533075645079], 'axes': [39.81805142913307, 58.46190626547895], 'angle': -61.60988911589024}, 'location': [137.77912196424077, 178.2533075645079], 'diameter': 58.46190626547895, 'sphere': {'center': [1.765879722315946, -1.4641988726289945, 66.97337994567977], 'radius': 12.0}, 'projected_sphere': {'center': [176.3474716181845, 106.4453115287556], 'axes': [222.17782665394446, 222.17782665394446], 'angle': 90.0}, 'model_confidence': 0.9531085671849904, 'model_id': 32, 'model_birth_timestamp': 360848.025353, 'theta': 2.189975289951187, 'phi': -1.9783871253351988, 'norm_pos': [0.4305597561382524, 0.25727788514788374], 'topic': 'pupil.1', 'id': 1, 'method': '3d c++'}"
1581495768.175114,"{'circle_3d': {'center': [-2.11798202682476, 5.511555095598357, 58.014893773991936], 'normal': [-0.3236551457617255, 0.5813128306856127, -0.746540514307319], 'radius': 2.7803416015835385}, 'confidence': 0.999711122753492, 'timestamp': 360864.758137, 'diameter_3d': 5.560683203167077, 'ellipse': {'center': [137.68669675721816, 178.342839957104], 'axes': [40.41792210884607, 59.461779130273406], 'angle': -61.58245370927553}, 'location': [137.68669675721816, 178.342839957104], 'diameter': 59.461779130273406, 'sphere': {'center': [1.765879722315946, -1.4641988726289945, 66.97337994567977], 'radius': 12.0}, 'projected_sphere': {'center': [176.3474716181845, 106.4453115287556], 'axes': [222.17782665394446, 222.17782665394446], 'angle': 90.0}, 'model_confidence': 0.9532142513103525, 'model_id': 32, 'model_birth_timestamp': 360848.025353, 'theta': 2.191137537420196, 'phi': -1.9798781045269014, 'norm_pos': [0.43027092736630673, 0.2569048335120667], 'topic': 'pupil.1', 'id': 1, 'method': '3d c++'}"
1581495768.1811452,"{'circle_3d': {'center': [-2.127107373847106, 5.490728841544111, 58.00267027700055], 'normal': [-0.32441559134692094, 0.5795773095144254, -0.7475591390566017], 'radius': 2.773703235598731}, 'confidence': 0.9995914018151457, 'timestamp': 360864.766537, 'diameter_3d': 5.547406471197462, 'ellipse': {'center': [137.5842340895357, 178.13565567458744], 'axes': [40.406717853828255, 59.33201692845071], 'angle': -61.450804249664685}, 'location': [137.5842340895357, 178.13565567458744], 'diameter': 59.33201692845071, 'sphere': {'center': [1.765879722315946, -1.4641988726289945, 66.97337994567977], 'radius': 12.0}, 'projected_sphere': {'center': [176.3474716181845, 106.4453115287556], 'axes': [222.17782665394446, 222.17782665394446], 'angle': 90.0}, 'model_confidence': 0.9532092332789732, 'model_id': 32, 'model_birth_timestamp': 360848.025353, 'theta': 2.189006230446092, 'phi': -1.9802370651091965, 'norm_pos': [0.42995073152979907, 0.2577681013558857], 'topic': 'pupil.1', 'id': 1, 'method': '3d c++'}"
1581495768.189929,"{'circle_3d': {'center': [-2.0975883894667646, 5.512611933369975, 58.00690209054991], 'normal': [-0.32195567598189256, 0.5814009004999141, -0.7472064879274881], 'radius': 2.7668555863883864}, 'confidence': 0.9991260787259603, 'timestamp': 360864.774937, 'diameter_3d': 5.533711172776773, 'ellipse': {'center': [137.89730583638135, 178.3667577684197], 'axes': [40.275031626554046, 59.18122215519474], 'angle': -61.71979722868144}, 'location': [137.89730583638135, 178.3667577684197], 'diameter': 59.18122215519474, 'sphere': {'center': [1.765879722315946, -1.4641988726289945, 66.97337994567977], 'radius': 12.0}, 'projected_sphere': {'center': [176.3474716181845, 106.4453115287556], 'axes': [222.17782665394446, 222.17782665394446], 'angle': 90.0}, 'model_confidence': 0.9529742946768782, 'model_id': 32, 'model_birth_timestamp': 360848.025353, 'theta': 2.1912457780100483, 'phi': -1.9776360866422684, 'norm_pos': [0.43092908073869174, 0.2568051759649179], 'topic': 'pupil.1', 'id': 1, 'method': '3d c++'}"
1581495768.197849,"{'circle_3d': {'center': [-2.1074884268528296, 5.549050241068716, 58.03965977711488], 'normal': [-0.32278067909739794, 0.5844374261414759, -0.7444766807137411], 'radius': 2.7523984240602286}, 'confidence': 0.9983851063220205, 'timestamp': 360864.783337, 'diameter_3d': 5.504796848120457, 'ellipse': {'center': [137.7998751995903, 178.72910284958715], 'axes': [39.839845670560045, 58.83871950930158], 'angle': -61.77936912082346}, 'location': [137.7998751995903, 178.72910284958715], 'diameter': 58.83871950930158, 'sphere': {'center': [1.765879722315946, -1.4641988726289945, 66.97337994567977], 'radius': 12.0}, 'projected_sphere': {'center': [176.3474716181845, 106.4453115287556], 'axes': [222.17782665394446, 222.17782665394446], 'angle': 90.0}, 'model_confidence': 0.9525399848843596, 'model_id': 32, 'model_birth_timestamp': 360848.025353, 'theta': 2.19498290718229, 'phi': -1.9799010436132927, 'norm_pos': [0.4306246099987197, 0.25529540479338686], 'topic': 'pupil.1', 'id': 1, 'method': '3d c++'}"
1581495768.205528,"{'circle_3d': {'center': [-2.093217454918248, 5.647741475748051, 58.111795806385615], 'normal': [-0.3215914314361828, 0.5926616956980871, -0.7384653449411793], 'radius': 2.7533522058226834}, 'confidence': 0.9983397845453099, 'timestamp': 360864.791737, 'diameter_3d': 5.506704411645367, 'ellipse': {'center': [137.9753315448885, 179.70805788980732], 'axes': [39.358018427513244, 58.78676679934637], 'angle': -62.20390958381257}, 'location': [137.9753315448885, 179.70805788980732], 'diameter': 58.78676679934637, 'sphere': {'center': [1.765879722315946, -1.4641988726289945, 66.97337994567977], 'radius': 12.0}, 'projected_sphere': {'center': [176.3474716181845, 106.4453115287556], 'axes': [222.17782665394446, 222.17782665394446], 'angle': 90.0}, 'model_confidence': 0.9521331713871373, 'model_id': 32, 'model_birth_timestamp': 360848.025353, 'theta': 2.205155766457619, 'phi': -1.9815152072918216, 'norm_pos': [0.43117291107777656, 0.25121642545913614], 'topic': 'pupil.1', 'id': 1, 'method': '3d c++'}"
1581495768.218656,"{'circle_3d': {'center': [-2.067631354066493, 5.718486431335663, 58.15786948675209], 'normal': [-0.3194592563652032, 0.5985571086637215, -0.7346258715773065], 'radius': 2.781663560498395}, 'confidence': 0.9992724905153705, 'timestamp': 360864.800137, 'diameter_3d': 5.56332712099679, 'ellipse': {'center': [138.26770785851252, 180.4026512725071], 'axes': [39.44339382329185, 59.345331665712756], 'angle': -62.60201932321158}, 'location': [138.26770785851252, 180.4026512725071], 'diameter': 59.345331665712756, 'sphere': {'center': [1.765879722315946, -1.4641988726289945, 66.97337994567977], 'radius': 12.0}, 'projected_sphere': {'center': [176.3474716181845, 106.4453115287556], 'axes': [222.17782665394446, 222.17782665394446], 'angle': 90.0}, 'model_confidence': 0.9519307564355595, 'model_id': 32, 'model_birth_timestamp': 360848.025353, 'theta': 2.212495038679596, 'phi': -1.9809885810504417, 'norm_pos': [0.43208658705785163, 0.24832228636455378], 'topic': 'pupil.1', 'id': 1, 'method': '3d c++'}"
1581495768.2264478,"{'circle_3d': {'center': [-2.093529550544586, 5.716440312688288, 58.16750798687613], 'normal': [-0.32161743940504434, 0.5983865987764402, -0.733822663233636], 'radius': 2.776029706962327}, 'confidence': 0.9986579859564042, 'timestamp': 360864.808537, 'diameter_3d': 5.552059413924654, 'ellipse': {'center': [137.99548768039858, 180.37417942289056], 'axes': [39.29928444765792, 59.21518754780595], 'angle': -62.4278965647823}, 'location': [137.99548768039858, 180.37417942289056], 'diameter': 59.21518754780595, 'sphere': {'center': [1.765879722315946, -1.4641988726289945, 66.97337994567977], 'radius': 12.0}, 'projected_sphere': {'center': [176.3474716181845, 106.4453115287556], 'axes': [222.17782665394446, 222.17782665394446], 'angle': 90.0}, 'model_confidence': 0.9515912155054762, 'model_id': 32, 'model_birth_timestamp': 360848.025353, 'theta': 2.2122822056261153, 'phi': -1.9838585744694244, 'norm_pos': [0.4312358990012456, 0.2484409190712893], 'topic': 'pupil.1', 'id': 1, 'method': '3d c++'}"
1581495768.233591,"{'circle_3d': {'center': [-2.0872898707865346, 5.663660155149616, 58.122012267919146], 'normal': [-0.32109746609187334, 0.5939882523148842, -0.7376139731467184], 'radius': 2.7730939222218702}, 'confidence': 0.9992712433915205, 'timestamp': 360864.816937, 'diameter_3d': 5.5461878444437405, 'ellipse': {'center': [138.04592109028843, 179.85923905297832], 'axes': [39.56993342601522, 59.198414242428036], 'angle': -62.29507810656203}, 'location': [138.04592109028843, 179.85923905297832], 'diameter': 59.198414242428036, 'sphere': {'center': [1.765879722315946, -1.4641988726289945, 66.97337994567977], 'radius': 12.0}, 'projected_sphere': {'center': [176.3474716181845, 106.4453115287556], 'axes': [222.17782665394446, 222.17782665394446], 'angle': 90.0}, 'model_confidence': 0.9514010090888481, 'model_id': 32, 'model_birth_timestamp': 360848.025353, 'theta': 2.2068037390559683, 'phi': -1.9813747946510527, 'norm_pos': [0.4313935034071513, 0.25058650394592363], 'topic': 'pupil.1', 'id': 1, 'method': '3d c++'}"
1581495768.2417338,"{'circle_3d': {'center': [-2.051087828473799, 5.602908639519578, 58.05784574250656], 'normal': [-0.3180806292324787, 0.5889256260123811, -0.7429611835977673], 'radius': 2.7831445685784155}, 'confidence': 0.9993744753264716, 'timestamp': 360864.825337, 'diameter_3d': 5.566289137156831, 'ellipse': {'center': [138.41089848006857, 179.27110626943096], 'axes': [40.154787973723586, 59.478400920407644], 'angle': -62.32981251951253}, 'location': [138.41089848006857, 179.27110626943096], 'diameter': 59.478400920407644, 'sphere': {'center': [1.765879722315946, -1.4641988726289945, 66.97337994567977], 'radius': 12.0}, 'projected_sphere': {'center': [176.3474716181845, 106.4453115287556], 'axes': [222.17782665394446, 222.17782665394446], 'angle': 90.0}, 'model_confidence': 0.9512254815076671, 'model_id': 32, 'model_birth_timestamp': 360848.025353, 'theta': 2.200525159947255, 'phi': -1.9753113206681472, 'norm_pos': [0.43253405775021425, 0.25303705721070435], 'topic': 'pupil.1', 'id': 1, 'method': '3d c++'}"
1581495768.2493792,"{'circle_3d': {'center': [-2.0200997313488074, 5.564619260949624, 58.01446956430499], 'normal': [-0.31549828780539607, 0.5857348444648849, -0.7465758651145646], 'radius': 2.8027259603140173}, 'confidence': 0.9995148713105829, 'timestamp': 360864.833737, 'diameter_3d': 5.605451920628035, 'ellipse': {'center': [138.7300838558969, 178.8970852801825], 'axes': [40.73858814256874, 59.94179755416983], 'angle': -62.405896595827954}, 'location': [138.7300838558969, 178.8970852801825], 'diameter': 59.94179755416983, 'sphere': {'center': [1.765879722315946, -1.4641988726289945, 66.97337994567977], 'radius': 12.0}, 'projected_sphere': {'center': [176.3474716181845, 106.4453115287556], 'axes': [222.17782665394446, 222.17782665394446], 'angle': 90.0}, 'model_confidence': 0.9511977172347419, 'model_id': 32, 'model_birth_timestamp': 360848.025353, 'theta': 2.1965827405053324, 'phi': -1.970627087109262, 'norm_pos': [0.4335315120496778, 0.25459547799923965], 'topic': 'pupil.1', 'id': 1, 'method': '3d c++'}"
1581495768.257354,"{'circle_3d': {'center': [-1.980548859778074, 5.54778372240287, 57.98469967735121], 'normal': [-0.31220238184116833, 0.584331882919322, -0.74905668902738], 'radius': 2.7402264473160236}, 'confidence': 0.9981143023496999, 'timestamp': 360864.842137, 'diameter_3d': 5.480452894632047, 'ellipse': {'center': [139.12637715962398, 178.77109724929718], 'axes': [40.02897021852125, 58.633751447192644], 'angle': -62.6114521017409}, 'location': [139.12637715962398, 178.77109724929718], 'diameter': 58.633751447192644, 'sphere': {'center': [1.765879722315946, -1.4641988726289945, 66.97337994567977], 'radius': 12.0}, 'projected_sphere': {'center': [176.3474716181845, 106.4453115287556], 'axes': [222.17782665394446, 222.17782665394446], 'angle': 90.0}, 'model_confidence': 0.9506831404356153, 'model_id': 32, 'model_birth_timestamp': 360848.025353, 'theta': 2.1948528440380843, 'phi': -1.9656959934487637, 'norm_pos': [0.43476992862382496, 0.25512042812792834], 'topic': 'pupil.1', 'id': 1, 'method': '3d c++'}"
1581495768.2651992,"{'circle_3d': {'center': [-2.006542258507385, 5.5349494010502305, 57.98556842998507], 'normal': [-0.31436849840194425, 0.5832623561399354, -0.7489842929745577], 'radius': 2.7703387011940896}, 'confidence': 0.9991885883566465, 'timestamp': 360864.850537, 'diameter_3d': 5.540677402388179, 'ellipse': {'center': [138.85744846890034, 178.62193535119542], 'axes': [40.46593859981132, 59.27774033600987], 'angle': -62.39612831560791}, 'location': [138.85744846890034, 178.62193535119542], 'diameter': 59.27774033600987, 'sphere': {'center': [1.765879722315946, -1.4641988726289945, 66.97337994567977], 'radius': 12.0}, 'projected_sphere': {'center': [176.3474716181845, 106.4453115287556], 'axes': [222.17782665394446, 222.17782665394446], 'angle': 90.0}, 'model_confidence': 0.9504772957588004, 'model_id': 32, 'model_birth_timestamp': 360848.025353, 'theta': 2.1935355296720114, 'phi': -1.9681917414609251, 'norm_pos': [0.4339295264653136, 0.2557419360366857], 'topic': 'pupil.1', 'id': 1, 'method': '3d c++'}"
1581495768.273636,"{'circle_3d': {'center': [-1.9627626696011935, 5.587486052110293, 58.00839441109004], 'normal': [-0.3107201993264283, 0.5876404103949406, -0.7470821278824775], 'radius': 2.7810080730302875}, 'confidence': 0.9990925970437207, 'timestamp': 360864.858937, 'diameter_3d': 5.562016146060575, 'ellipse': {'center': [139.33157954268637, 179.15413507208538], 'axes': [40.45951805149243, 59.48323227331826], 'angle': -62.8609797605732}, 'location': [139.33157954268637, 179.15413507208538], 'diameter': 59.48323227331826, 'sphere': {'center': [1.765879722315946, -1.4641988726289945, 66.97337994567977], 'radius': 12.0}, 'projected_sphere': {'center': [176.3474716181845, 106.4453115287556], 'axes': [222.17782665394446, 222.17782665394446], 'angle': 90.0}, 'model_confidence': 0.9502421627084034, 'model_id': 32, 'model_birth_timestamp': 360848.025353, 'theta': 2.1989358347230974, 'phi': -1.9649439905948507, 'norm_pos': [0.4354111860708949, 0.25352443719964424], 'topic': 'pupil.1', 'id': 1, 'method': '3d c++'}"
1581495768.2814221,"{'circle_3d': {'center': [-1.930315672610411, 5.646315253981037, 58.04148605592691], 'normal': [-0.30801628291052974, 0.5925428438841692, -0.7443244908127379], 'radius': 2.815696013751351}, 'confidence': 0.9996977191307863, 'timestamp': 360864.867337, 'diameter_3d': 5.631392027502702, 'ellipse': {'center': [139.69354688720867, 179.73318674822158], 'axes': [40.72964066048383, 60.1920520945282], 'angle': -63.267659482943166}, 'location': [139.69354688720867, 179.73318674822158], 'diameter': 60.1920520945282, 'sphere': {'center': [1.765879722315946, -1.4641988726289945, 66.97337994567977], 'radius': 12.0}, 'projected_sphere': {'center': [176.3474716181845, 106.4453115287556], 'axes': [222.17782665394446, 222.17782665394446], 'angle': 90.0}, 'model_confidence': 0.9502298326623304, 'model_id': 32, 'model_birth_timestamp': 360848.025353, 'theta': 2.2050082152230326, 'phi': -1.9631593459282837, 'norm_pos': [0.43654233402252707, 0.25111172188241004], 'topic': 'pupil.1', 'id': 1, 'method': '3d c++'}"
1581495768.2917278,"{'circle_3d': {'center': [-1.92741050378538, 5.713973628728975, 58.09455981874102], 'normal': [-0.3077741855084438, 0.5981810417798308, -0.7399016772448961], 'radius': 2.782975445822425}, 'confidence': 0.9996744483184749, 'timestamp': 360864.875737, 'diameter_3d': 5.56595089164485, 'ellipse': {'center': [139.73313538074768, 180.4140102914536], 'axes': [39.887144720468854, 59.438002822387276], 'angle': -63.503162809378956}, 'location': [139.73313538074768, 180.4140102914536], 'diameter': 59.438002822387276, 'sphere': {'center': [1.765879722315946, -1.4641988726289945, 66.97337994567977], 'radius': 12.0}, 'projected_sphere': {'center': [176.3474716181845, 106.4453115287556], 'axes': [222.17782665394446, 222.17782665394446], 'angle': 90.0}, 'model_confidence': 0.950354278731047, 'model_id': 32, 'model_birth_timestamp': 360848.025353, 'theta': 2.2120256712006117, 'phi': -1.9649905618920926, 'norm_pos': [0.4366660480648365, 0.24827495711894332], 'topic': 'pupil.1', 'id': 1, 'method': '3d c++'}"
1581495768.303061,"{'circle_3d': {'center': [-1.9169908605370185, 5.728928925827786, 58.10233847666247], 'normal': [-0.3069058819044137, 0.599427316538065, -0.7392534557514414], 'radius': 2.7898576544857097}, 'confidence': 0.9993258713850778, 'timestamp': 360864.884137, 'diameter_3d': 5.579715308971419, 'ellipse': {'center': [139.8473660682358, 180.5623023919575], 'axes': [39.93109423436362, 59.57727905926818], 'angle': -63.6190613440546}, 'location': [139.8473660682358, 180.5623023919575], 'diameter': 59.57727905926818, 'sphere': {'center': [1.765879722315946, -1.4641988726289945, 66.97337994567977], 'radius': 12.0}, 'projected_sphere': {'center': [176.3474716181845, 106.4453115287556], 'axes': [222.17782665394446, 222.17782665394446], 'angle': 90.0}, 'model_confidence': 0.9503161403460414, 'model_id': 32, 'model_birth_timestamp': 360848.025353, 'theta': 2.2135817732643743, 'phi': -1.9642999930085612, 'norm_pos': [0.43702301896323686, 0.24765707336684373], 'topic': 'pupil.1', 'id': 1, 'method': '3d c++'}"
1581495768.310134,"{'circle_3d': {'center': [-1.9031177437268434, 5.746011990299204, 58.11046186491856], 'normal': [-0.30574978883689913, 0.6008509052440165, -0.7385765067301], 'radius': 2.7801723163226804}, 'confidence': 0.9992703571742929, 'timestamp': 360864.892537, 'diameter_3d': 5.560344632645361, 'ellipse': {'center': [139.99465703197717, 180.7395381002219], 'axes': [39.73480459650678, 59.36206136041401], 'angle': -63.76407497261521}, 'location': [139.99465703197717, 180.7395381002219], 'diameter': 59.36206136041401, 'sphere': {'center': [1.765879722315946, -1.4641988726289945, 66.97337994567977], 'radius': 12.0}, 'projected_sphere': {'center': [176.3474716181845, 106.4453115287556], 'axes': [222.17782665394446, 222.17782665394446], 'angle': 90.0}, 'model_confidence': 0.9502542253197244, 'model_id': 32, 'model_birth_timestamp': 360848.025353, 'theta': 2.21536149192491, 'phi': -1.9632889677723588, 'norm_pos': [0.4374833032249287, 0.24691859124907545], 'topic': 'pupil.1', 'id': 1, 'method': '3d c++'}"
1581495768.31773,"{'circle_3d': {'center': [-1.903955948249122, 5.701702907330128, 58.074944249950605], 'normal': [-0.30581963921375566, 0.5971584816632602, -0.7415363079774301], 'radius': 2.79518546397688}, 'confidence': 0.9993218948582222, 'timestamp': 360864.900937, 'diameter_3d': 5.59037092795376, 'ellipse': {'center': [139.97846630187885, 180.29745867718333], 'axes': [40.19686836909476, 59.719125692588506], 'angle': -63.619020308337504}, 'location': [139.97846630187885, 180.29745867718333], 'diameter': 59.719125692588506, 'sphere': {'center': [1.765879722315946, -1.4641988726289945, 66.97337994567977], 'radius': 12.0}, 'projected_sphere': {'center': [176.3474716181845, 106.4453115287556], 'axes': [222.17782665394446, 222.17782665394446], 'angle': 90.0}, 'model_confidence': 0.9510643973962951, 'model_id': 32, 'model_birth_timestamp': 360848.025353, 'theta': 2.2107502486741724, 'phi': -1.9619580453784327, 'norm_pos': [0.4374327071933714, 0.24876058884506946], 'topic': 'pupil.1', 'id': 1, 'method': '3d c++'}"
1581495768.325147,"{'circle_3d': {'center': [-1.9044865411625878, 5.683347396440066, 58.06041221189796], 'normal': [-0.3058638552898778, 0.5956288557557551, -0.7427473111484839], 'radius': 2.760678669053552}, 'confidence': 0.9992326138892427, 'timestamp': 360864.909337, 'diameter_3d': 5.521357338107104, 'ellipse': {'center': [139.96101057733887, 180.13063222299428], 'axes': [39.799611341810454, 58.99576145630168], 'angle': -63.557223019682446}, 'location': [139.96101057733887, 180.13063222299428], 'diameter': 58.99576145630168, 'sphere': {'center': [1.765879722315946, -1.4641988726289945, 66.97337994567977], 'radius': 12.0}, 'projected_sphere': {'center': [176.3474716181845, 106.4453115287556], 'axes': [222.17782665394446, 222.17782665394446], 'angle': 90.0}, 'model_confidence': 0.9510261410809462, 'model_id': 32, 'model_birth_timestamp': 360848.025353, 'theta': 2.2088446281496625, 'phi': -1.9614341376608464, 'norm_pos': [0.43737815805418395, 0.24945569907085718], 'topic': 'pupil.1', 'id': 1, 'method': '3d c++'}"
1581495768.33405,"{'circle_3d': {'center': [-1.890804950404125, 5.661531154890718, 58.03735013489701], 'normal': [-0.3047237227266726, 0.5938108356266427, -0.7446691508985627], 'radius': 2.781605726141767}, 'confidence': 0.9992350949704832, 'timestamp': 360864.917737, 'diameter_3d': 5.563211452283534, 'ellipse': {'center': [140.10376997026913, 179.91240899751296], 'axes': [40.26069836274816, 59.46689175082557], 'angle': -63.578485852417614}, 'location': [140.10376997026913, 179.91240899751296], 'diameter': 59.46689175082557, 'sphere': {'center': [1.765879722315946, -1.4641988726289945, 66.97337994567977], 'radius': 12.0}, 'projected_sphere': {'center': [176.3474716181845, 106.4453115287556], 'axes': [222.17782665394446, 222.17782665394446], 'angle': 90.0}, 'model_confidence': 0.9508624430125345, 'model_id': 32, 'model_birth_timestamp': 360848.025353, 'theta': 2.20658321942413, 'phi': -1.9592143661998043, 'norm_pos': [0.43782428115709104, 0.25036496251036267], 'topic': 'pupil.1', 'id': 1, 'method': '3d c++'}"
1581495768.341685,"{'circle_3d': {'center': [-1.9471294021930026, 5.602368546002337, 58.01362614553261], 'normal': [-0.3094174270424124, 0.5888806182192776, -0.746646150012263], 'radius': 2.7557816755824676}, 'confidence': 0.9989015644352405, 'timestamp': 360864.926137, 'diameter_3d': 5.511563351164935, 'ellipse': {'center': [139.49347757741668, 179.31742701701523], 'axes': [40.05438395251523, 58.93791282565072], 'angle': -63.01345836171775}, 'location': [139.49347757741668, 179.31742701701523], 'diameter': 58.93791282565072, 'sphere': {'center': [1.765879722315946, -1.4641988726289945, 66.97337994567977], 'radius': 12.0}, 'projected_sphere': {'center': [176.3474716181845, 106.4453115287556], 'axes': [222.17782665394446, 222.17782665394446], 'angle': 90.0}, 'model_confidence': 0.9505576220039447, 'model_id': 32, 'model_birth_timestamp': 360848.025353, 'theta': 2.2004694712677337, 'phi': -1.963662833691543, 'norm_pos': [0.4359171174294271, 0.2528440540957698], 'topic': 'pupil.1', 'id': 1, 'method': '3d c++'}"
1581495768.349268,"{'circle_3d': {'center': [-1.944239004773692, 5.572767407196826, 57.98916464285598], 'normal': [-0.3091765605908032, 0.5864138566521517, -0.7486846085686489], 'radius': 2.8039082704072547}, 'confidence': 0.9998028211728922, 'timestamp': 360864.934537, 'diameter_3d': 5.607816540814509, 'ellipse': {'center': [139.52736706420262, 179.00632156084194], 'axes': [40.92659177434255, 59.99332533653532], 'angle': -62.93561389054822}, 'location': [139.52736706420262, 179.00632156084194], 'diameter': 59.99332533653532, 'sphere': {'center': [1.765879722315946, -1.4641988726289945, 66.97337994567977], 'radius': 12.0}, 'projected_sphere': {'center': [176.3474716181845, 106.4453115287556], 'axes': [222.17782665394446, 222.17782665394446], 'angle': 90.0}, 'model_confidence': 0.950518193375971, 'model_id': 32, 'model_birth_timestamp': 360848.025353, 'theta': 2.197420761041823, 'phi': -1.9624246834918335, 'norm_pos': [0.4360230220756332, 0.25414032682982524], 'topic': 'pupil.1', 'id': 1, 'method': '3d c++'}"
1581495768.361343,"{'circle_3d': {'center': [-1.962234894872808, 5.506024551565463, 57.94469527858044], 'normal': [-0.3106762180990628, 0.5808519520162048, -0.7523903889249438], 'radius': 2.785209059314766}, 'confidence': 0.9997411171894234, 'timestamp': 360864.942937, 'diameter_3d': 5.570418118629532, 'ellipse': {'center': [139.31846755244734, 178.3461514997453], 'axes': [40.96503021351721, 59.63806475661097], 'angle': -62.593812568815196}, 'location': [139.31846755244734, 178.3461514997453], 'diameter': 59.63806475661097, 'sphere': {'center': [1.765879722315946, -1.4641988726289945, 66.97337994567977], 'radius': 12.0}, 'projected_sphere': {'center': [176.3474716181845, 106.4453115287556], 'axes': [222.17782665394446, 222.17782665394446], 'angle': 90.0}, 'model_confidence': 0.9505421420397786, 'model_id': 32, 'model_birth_timestamp': 360848.025353, 'theta': 2.1905712393727343, 'phi': -1.9623898466227507, 'norm_pos': [0.43537021110139795, 0.25689103541772795], 'topic': 'pupil.1', 'id': 1, 'method': '3d c++'}"
1581495768.3656478,"{'circle_3d': {'center': [-1.9574926406266229, 5.473439340399305, 57.917681503703854], 'normal': [-0.3102810302452141, 0.5781365177523583, -0.754641536831326], 'radius': 2.7926385619108647}, 'confidence': 0.9998185576261311, 'timestamp': 360864.951337, 'diameter_3d': 5.585277123821729, 'ellipse': {'center': [139.36219768252369, 178.0215297875107], 'axes': [41.26353920046453, 59.82495571572354], 'angle': -62.51581176784543}, 'location': [139.36219768252369, 178.0215297875107], 'diameter': 59.82495571572354, 'sphere': {'center': [1.765879722315946, -1.4641988726289945, 66.97337994567977], 'radius': 12.0}, 'projected_sphere': {'center': [176.3474716181845, 106.4453115287556], 'axes': [222.17782665394446, 222.17782665394446], 'angle': 90.0}, 'model_confidence': 0.9505278694095121, 'model_id': 32, 'model_birth_timestamp': 360848.025353, 'theta': 2.1872393175756617, 'phi': -1.9608891842317462, 'norm_pos': [0.4355068677578865, 0.2582436258853721], 'topic': 'pupil.1', 'id': 1, 'method': '3d c++'}"
1581495768.373256,"{'circle_3d': {'center': [-1.956140754171537, 5.457445995337822, 57.90489628553258], 'normal': [-0.31016837304062356, 0.5768037389972347, -0.7557069716789322], 'radius': 2.768472900341943}, 'confidence': 0.998598279688328, 'timestamp': 360864.959737, 'diameter_3d': 5.536945800683886, 'ellipse': {'center': [139.3671519857084, 177.8730063841278], 'axes': [40.994630523586245, 59.319735836660065], 'angle': -62.470702859434404}, 'location': [139.3671519857084, 177.8730063841278], 'diameter': 59.319735836660065, 'sphere': {'center': [1.765879722315946, -1.4641988726289945, 66.97337994567977], 'radius': 12.0}, 'projected_sphere': {'center': [176.3474716181845, 106.4453115287556], 'axes': [222.17782665394446, 222.17782665394446], 'angle': 90.0}, 'model_confidence': 0.9502485732538313, 'model_id': 32, 'model_birth_timestamp': 360848.025353, 'theta': 2.185606833697309, 'phi': -1.9602656538584238, 'norm_pos': [0.4355223499553388, 0.25886247339946755], 'topic': 'pupil.1', 'id': 1, 'method': '3d c++'}"
1581495768.385726,"{'circle_3d': {'center': [-1.9856614863806417, 5.433903880717256, 57.89912422062285], 'normal': [-0.31262843405804897, 0.5748418961121876, -0.7561879770880763], 'radius': 2.7995460623897612}, 'confidence': 0.9997531962305223, 'timestamp': 360864.968137, 'diameter_3d': 5.5990921247795225, 'ellipse': {'center': [139.05869262826693, 177.6153492557777], 'axes': [41.498875530419255, 59.99201089442574], 'angle': -62.192433158895554}, 'location': [139.05869262826693, 177.6153492557777], 'diameter': 59.99201089442574, 'sphere': {'center': [1.765879722315946, -1.4641988726289945, 66.97337994567977], 'radius': 12.0}, 'projected_sphere': {'center': [176.3474716181845, 106.4453115287556], 'axes': [222.17782665394446, 222.17782665394446], 'angle': 90.0}, 'model_confidence': 0.9503187397738588, 'model_id': 32, 'model_birth_timestamp': 360848.025353, 'theta': 2.18320724316799, 'phi': -1.9628237441133563, 'norm_pos': [0.43455841446333415, 0.259936044767593], 'topic': 'pupil.1', 'id': 1, 'method': '3d c++'}"
1581495768.393326,"{'circle_3d': {'center': [-1.9801934030858377, 5.431922304439434, 57.89535985039848], 'normal': [-0.31217276045014863, 0.5746767647557024, -0.7565016746067739], 'radius': 2.7546120518263004}, 'confidence': 0.9995248149720246, 'timestamp': 360864.976537, 'diameter_3d': 5.509224103652601, 'ellipse': {'center': [139.1053853714128, 177.6159283097709], 'axes': [40.857119820292844, 59.031992477070744], 'angle': -62.22225783600339}, 'location': [139.1053853714128, 177.6159283097709], 'diameter': 59.031992477070744, 'sphere': {'center': [1.765879722315946, -1.4641988726289945, 66.97337994567977], 'radius': 12.0}, 'projected_sphere': {'center': [176.3474716181845, 106.4453115287556], 'axes': [222.17782665394446, 222.17782665394446], 'angle': 90.0}, 'model_confidence': 0.9504762850944815, 'model_id': 32, 'model_birth_timestamp': 360848.025353, 'theta': 2.183005450650471, 'phi': -1.9621627352620221, 'norm_pos': [0.43470432928566505, 0.2599336320426212], 'topic': 'pupil.1', 'id': 1, 'method': '3d c++'}"
1581495768.401037,"{'circle_3d': {'center': [-2.0074146299741598, 5.449950989483863, 57.92038146919584], 'normal': [-0.3144411960241755, 0.5761791551760714, -0.7544165397069941], 'radius': 2.794391525469361}, 'confidence': 0.9998869911608761, 'timestamp': 360864.984937, 'diameter_3d': 5.588783050938722, 'ellipse': {'center': [138.8330419167755, 177.76881858893725], 'axes': [41.274854020573905, 59.85959019864008], 'angle': -62.101955813113435}, 'location': [138.8330419167755, 177.76881858893725], 'diameter': 59.85959019864008, 'sphere': {'center': [1.765879722315946, -1.4641988726289945, 66.97337994567977], 'radius': 12.0}, 'projected_sphere': {'center': [176.3474716181845, 106.4453115287556], 'axes': [222.17782665394446, 222.17782665394446], 'angle': 90.0}, 'model_confidence': 0.9505190716932121, 'model_id': 32, 'model_birth_timestamp': 360848.025353, 'theta': 2.18484244570791, 'phi': -1.965701482300259, 'norm_pos': [0.4338532559899234, 0.25929658921276144], 'topic': 'pupil.1', 'id': 1, 'method': '3d c++'}"
1581495768.409909,"{'circle_3d': {'center': [-1.9844298382286534, 5.45753951101903, 57.91663020041125], 'normal': [-0.31252579671204994, 0.5768115319706687, -0.7547291454390432], 'radius': 2.7785180265763287}, 'confidence': 0.9992619067011564, 'timestamp': 360864.993337, 'diameter_3d': 5.5570360531526575, 'ellipse': {'center': [139.0724442459094, 177.85929863817768], 'axes': [41.06414661503345, 59.523126679805415], 'angle': -62.2814662198226}, 'location': [139.0724442459094, 177.85929863817768], 'diameter': 59.523126679805415, 'sphere': {'center': [1.765879722315946, -1.4641988726289945, 66.97337994567977], 'radius': 12.0}, 'projected_sphere': {'center': [176.3474716181845, 106.4453115287556], 'axes': [222.17782665394446, 222.17782665394446], 'angle': 90.0}, 'model_confidence': 0.9503162316855995, 'model_id': 32, 'model_birth_timestamp': 360848.025353, 'theta': 2.1856163736215737, 'phi': -1.9633899423201802, 'norm_pos': [0.43460138826846684, 0.25891958900759304], 'topic': 'pupil.1', 'id': 1, 'method': '3d c++'}"
1581495768.4176981,"{'circle_3d': {'center': [-2.02897243320196, 5.4080858301882575, 57.89754389156414], 'normal': [-0.31623767962649213, 0.5726903919014377, -0.7563196711763023], 'radius': 2.7774510834628185}, 'confidence': 0.999525990248965, 'timestamp': 360865.001737, 'diameter_3d': 5.554902166925637, 'ellipse': {'center': [138.59277735899937, 177.35135929011275], 'axes': [41.185435168616976, 59.51950910471095], 'angle': -61.813458837486515}, 'location': [138.59277735899937, 177.35135929011275], 'diameter': 59.51950910471095, 'sphere': {'center': [1.765879722315946, -1.4641988726289945, 66.97337994567977], 'radius': 12.0}, 'projected_sphere': {'center': [176.3474716181845, 106.4453115287556], 'axes': [222.17782665394446, 222.17782665394446], 'angle': 90.0}, 'model_confidence': 0.9501940521231766, 'model_id': 32, 'model_birth_timestamp': 360848.025353, 'theta': 2.1805803135415567, 'phi': -1.9668311137924603, 'norm_pos': [0.43310242924687303, 0.26103600295786356], 'topic': 'pupil.1', 'id': 1, 'method': '3d c++'}"
1581495768.425575,"{'circle_3d': {'center': [-2.0200621199477773, 5.427624190342538, 57.90864502204904], 'normal': [-0.31549515352197693, 0.5743185885809611, -0.7553945769692267], 'radius': 2.8016860023809307}, 'confidence': 0.9997996145981214, 'timestamp': 360865.010137, 'diameter_3d': 5.603372004761861, 'ellipse': {'center': [138.6966235795637, 177.53918277207492], 'axes': [41.466541457861055, 60.028005050709766], 'angle': -61.940696346120546}, 'location': [138.6966235795637, 177.53918277207492], 'diameter': 60.028005050709766, 'sphere': {'center': [1.765879722315946, -1.4641988726289945, 66.97337994567977], 'radius': 12.0}, 'projected_sphere': {'center': [176.3474716181845, 106.4453115287556], 'axes': [222.17782665394446, 222.17782665394446], 'angle': 90.0}, 'model_confidence': 0.950211734155193, 'model_id': 32, 'model_birth_timestamp': 360848.025353, 'theta': 2.18256785326091, 'phi': -1.9664302183166376, 'norm_pos': [0.4334269486861365, 0.26025340511635453], 'topic': 'pupil.1', 'id': 1, 'method': '3d c++'}"
1581495768.433874,"{'circle_3d': {'center': [-1.9884876293455205, 5.444050060923287, 57.90801605552885], 'normal': [-0.31286394597178885, 0.5756874111293567, -0.7554469908459102], 'radius': 2.8118268298627327}, 'confidence': 0.9996555611310386, 'timestamp': 360865.018537, 'diameter_3d': 5.623653659725465, 'ellipse': {'center': [139.0342695543266, 177.7101272534208], 'axes': [41.61865272985194, 60.24626852593705], 'angle': -62.208273823622406}, 'location': [139.0342695543266, 177.7101272534208], 'diameter': 60.24626852593705, 'sphere': {'center': [1.765879722315946, -1.4641988726289945, 66.97337994567977], 'radius': 12.0}, 'projected_sphere': {'center': [176.3474716181845, 106.4453115287556], 'axes': [222.17782665394446, 222.17782665394446], 'angle': 90.0}, 'model_confidence': 0.9501221513834257, 'model_id': 32, 'model_birth_timestamp': 360848.025353, 'theta': 2.184240921486966, 'phi': -1.9634361531817077, 'norm_pos': [0.43448209235727064, 0.25954113644407995], 'topic': 'pupil.1', 'id': 1, 'method': '3d c++'}"
1581495768.441961,"{'circle_3d': {'center': [-2.014910150533053, 5.434531733220038, 57.91174963070419], 'normal': [-0.31506582273741657, 0.5748942171540861, -0.7551358595812976], 'radius': 2.776281715376009}, 'confidence': 0.99943330094736, 'timestamp': 360865.026937, 'diameter_3d': 5.552563430752018, 'ellipse': {'center': [138.74650009341414, 177.62012561016886], 'axes': [41.0676916995387, 59.48002124953129], 'angle': -61.99890256580175}, 'location': [138.74650009341414, 177.62012561016886], 'diameter': 59.48002124953129, 'sphere': {'center': [1.765879722315946, -1.4641988726289945, 66.97337994567977], 'radius': 12.0}, 'projected_sphere': {'center': [176.3474716181845, 106.4453115287556], 'axes': [222.17782665394446, 222.17782665394446], 'angle': 90.0}, 'model_confidence': 0.9500330641188381, 'model_id': 32, 'model_birth_timestamp': 360848.025353, 'theta': 2.1832711860825524, 'phi': -1.9660679009500455, 'norm_pos': [0.4335828127919192, 0.25991614329096313], 'topic': 'pupil.1', 'id': 1, 'method': '3d c++'}"
1581495768.449197,"{'circle_3d': {'center': [-2.02376350503512, 5.461287953254143, 57.93588934076563], 'normal': [-0.31580360227925547, 0.5771239021569281, -0.7531242170761782], 'radius': 2.8199556590029196}, 'confidence': 0.9990370928445185, 'timestamp': 360865.035337, 'diameter_3d': 5.639911318005839, 'ellipse': {'center': [138.67020915028525, 177.86478429017455], 'axes': [41.54481625227432, 60.39168746142062], 'angle': -62.03188737990536}, 'location': [138.67020915028525, 177.86478429017455], 'diameter': 60.39168746142062, 'sphere': {'center': [1.765879722315946, -1.4641988726289945, 66.97337994567977], 'radius': 12.0}, 'projected_sphere': {'center': [176.3474716181845, 106.4453115287556], 'axes': [222.17782665394446, 222.17782665394446], 'angle': 90.0}, 'model_confidence': 0.9498097640544323, 'model_id': 32, 'model_birth_timestamp': 360848.025353, 'theta': 2.1859988207692513, 'phi': -1.967850158450314, 'norm_pos': [0.4333444035946414, 0.25889673212427267], 'topic': 'pupil.1', 'id': 1, 'method': '3d c++'}"
1581495768.4574232,"{'circle_3d': {'center': [-2.0377383688511674, 5.4802258571834255, 57.95631531307809], 'normal': [-0.3169681742639261, 0.5787020608177017, -0.7514220527168061], 'radius': 2.796981561839959}, 'confidence': 0.9987533480113332, 'timestamp': 360865.043737, 'diameter_3d': 5.593963123679918, 'ellipse': {'center': [138.52301254376144, 178.05682365686738], 'axes': [41.0635453493261, 59.87821344323215], 'angle': -62.003873276904}, 'location': [138.52301254376144, 178.05682365686738], 'diameter': 59.87821344323215, 'sphere': {'center': [1.765879722315946, -1.4641988726289945, 66.97337994567977], 'radius': 12.0}, 'projected_sphere': {'center': [176.3474716181845, 106.4453115287556], 'axes': [222.17782665394446, 222.17782665394446], 'angle': 90.0}, 'model_confidence': 0.9494798201846955, 'model_id': 32, 'model_birth_timestamp': 360848.025353, 'theta': 2.187932606317162, 'phi': -1.9699741606796448, 'norm_pos': [0.4328844141992545, 0.2580965680963859], 'topic': 'pupil.1', 'id': 1, 'method': '3d c++'}"
1581495768.469665,"{'circle_3d': {'center': [-1.993934553907234, 5.520571400921931, 57.969115354163826], 'normal': [-0.31331785635193166, 0.5820641894625771, -0.7503553826263283], 'radius': 2.798522994506945}, 'confidence': 0.999447511824464, 'timestamp': 360865.052137, 'diameter_3d': 5.59704598901389, 'ellipse': {'center': [138.99248746878115, 178.47289957325248], 'axes': [40.99266820914016, 59.898307789054925], 'angle': -62.43150586976334}, 'location': [138.99248746878115, 178.47289957325248], 'diameter': 59.898307789054925, 'sphere': {'center': [1.765879722315946, -1.4641988726289945, 66.97337994567977], 'radius': 12.0}, 'projected_sphere': {'center': [176.3474716181845, 106.4453115287556], 'axes': [222.17782665394446, 222.17782665394446], 'angle': 90.0}, 'model_confidence': 0.949376098049326, 'model_id': 32, 'model_birth_timestamp': 360848.025353, 'theta': 2.1920612503576646, 'phi': -1.9663477787856043, 'norm_pos': [0.4343515233399411, 0.2563629184447813], 'topic': 'pupil.1', 'id': 1, 'method': '3d c++'}"
1581495768.482164,"{'circle_3d': {'center': [-1.9856522142403532, 5.534246475180799, 57.97628203342397], 'normal': [-0.3126276613796916, 0.5832037789841494, -0.7497581593546496], 'radius': 2.793352554375589}, 'confidence': 0.9990472257140708, 'timestamp': 360865.060537, 'diameter_3d': 5.586705108751178, 'ellipse': {'center': [139.08147433346278, 178.6136284766012], 'axes': [40.86591422410316, 59.78023929129625], 'angle': -62.532402197463554}, 'location': [139.08147433346278, 178.6136284766012], 'diameter': 59.78023929129625, 'sphere': {'center': [1.765879722315946, -1.4641988726289945, 66.97337994567977], 'radius': 12.0}, 'projected_sphere': {'center': [176.3474716181845, 106.4453115287556], 'axes': [222.17782665394446, 222.17782665394446], 'angle': 90.0}, 'model_confidence': 0.9494065816538999, 'model_id': 32, 'model_birth_timestamp': 360848.025353, 'theta': 2.193463417391813, 'phi': -1.9658470183133752, 'norm_pos': [0.4346296072920712, 0.2557765480141616], 'topic': 'pupil.1', 'id': 1, 'method': '3d c++'}"
1581495768.485709,"{'circle_3d': {'center': [-2.025451329036602, 5.534874471153264, 57.9934700804636], 'normal': [-0.31594425427937894, 0.5832561119818549, -0.7483258221013471], 'radius': 2.797792547376893}, 'confidence': 0.9996292135152389, 'timestamp': 360865.068937, 'diameter_3d': 5.595585094753786, 'ellipse': {'center': [138.66550357641444, 178.60275811817334], 'axes': [40.81408541340697, 59.85762369957667], 'angle': -62.27074597840088}, 'location': [138.66550357641444, 178.60275811817334], 'diameter': 59.85762369957667, 'sphere': {'center': [1.765879722315946, -1.4641988726289945, 66.97337994567977], 'radius': 12.0}, 'projected_sphere': {'center': [176.3474716181845, 106.4453115287556], 'axes': [222.17782665394446, 222.17782665394446], 'angle': 90.0}, 'model_confidence': 0.9496871866000678, 'model_id': 32, 'model_birth_timestamp': 360848.025353, 'theta': 2.1935278425303983, 'phi': -1.970294199332699, 'norm_pos': [0.4333296986762951, 0.25582184117427775], 'topic': 'pupil.1', 'id': 1, 'method': '3d c++'}"
1581495768.493671,"{'circle_3d': {'center': [-2.0313606078296225, 5.505939537171575, 57.973483478312005], 'normal': [-0.31643669417879733, 0.5808448674833808, -0.7499913722806469], 'radius': 2.8264431867292696}, 'confidence': 0.9995464436668634, 'timestamp': 360865.077337, 'diameter_3d': 5.652886373458539, 'ellipse': {'center': [138.60302078061153, 178.30215451982053], 'axes': [41.37482787687783, 60.49185847828101], 'angle': -62.13380742537654}, 'location': [138.60302078061153, 178.30215451982053], 'diameter': 60.49185847828101, 'sphere': {'center': [1.765879722315946, -1.4641988726289945, 66.97337994567977], 'radius': 12.0}, 'projected_sphere': {'center': [176.3474716181845, 106.4453115287556], 'axes': [222.17782665394446, 222.17782665394446], 'angle': 90.0}, 'model_confidence': 0.9496746394013988, 'model_id': 32, 'model_birth_timestamp': 360848.025353, 'theta': 2.190562536141059, 'phi': -1.9700556752687, 'norm_pos': [0.43313443993941103, 0.2570743561674145], 'topic': 'pupil.1', 'id': 1, 'method': '3d c++'}"
1581495768.501299,"{'circle_3d': {'center': [-1.9814249324712774, 5.562965381049171, 57.99692906707313], 'normal': [-0.3122753878989353, 0.5855970211398471, -0.7480375732172195], 'radius': 2.7821874923218948}, 'confidence': 0.9993454694791953, 'timestamp': 360865.085737, 'diameter_3d': 5.5643749846437895, 'ellipse': {'center': [139.13026138587514, 178.90403784765056], 'axes': [40.558102175521086, 59.52006977541134], 'angle': -62.65618357632589}, 'location': [139.13026138587514, 178.90403784765056], 'diameter': 59.52006977541134, 'sphere': {'center': [1.765879722315946, -1.4641988726289945, 66.97337994567977], 'radius': 12.0}, 'projected_sphere': {'center': [176.3474716181845, 106.4453115287556], 'axes': [222.17782665394446, 222.17782665394446], 'angle': 90.0}, 'model_confidence': 0.9496180303482538, 'model_id': 32, 'model_birth_timestamp': 360848.025353, 'theta': 2.196412704240956, 'phi': -1.9662628027200557, 'norm_pos': [0.43478206683085985, 0.2545665089681227], 'topic': 'pupil.1', 'id': 1, 'method': '3d c++'}"
1581495768.510172,"{'circle_3d': {'center': [-1.9962465977043136, 5.556147633041756, 57.997794143486836], 'normal': [-0.31351052666835494, 0.5850288754725625, -0.7479654835160775], 'radius': 2.7959245724797155}, 'confidence': 0.9998776458576748, 'timestamp': 360865.094137, 'diameter_3d': 5.591849144959431, 'ellipse': {'center': [138.97634920440885, 178.82529691706875], 'axes': [40.75400910078398, 59.813310756694754], 'angle': -62.53529337451331}, 'location': [138.97634920440885, 178.82529691706875], 'diameter': 59.813310756694754, 'sphere': {'center': [1.765879722315946, -1.4641988726289945, 66.97337994567977], 'radius': 12.0}, 'projected_sphere': {'center': [176.3474716181845, 106.4453115287556], 'axes': [222.17782665394446, 222.17782665394446], 'angle': 90.0}, 'model_confidence': 0.9496012894223749, 'model_id': 32, 'model_birth_timestamp': 360848.025353, 'theta': 2.1957119883269147, 'phi': -1.9677024589576433, 'norm_pos': [0.43430109126377764, 0.2548945961788802], 'topic': 'pupil.1', 'id': 1, 'method': '3d c++'}"
1581495768.5173619,"{'circle_3d': {'center': [-1.980495799690661, 5.545746710781185, 57.98308888444388], 'normal': [-0.31219796016721724, 0.5841621319508483, -0.7491909217696571], 'radius': 2.8059074983931596}, 'confidence': 0.9997876086664631, 'timestamp': 360865.102537, 'diameter_3d': 5.611814996786319, 'ellipse': {'center': [139.14117125290923, 178.72432021361533], 'axes': [41.00169296909388, 60.04223794641871], 'angle': -62.60507931046904}, 'location': [139.14117125290923, 178.72432021361533], 'diameter': 60.04223794641871, 'sphere': {'center': [1.765879722315946, -1.4641988726289945, 66.97337994567977], 'radius': 12.0}, 'projected_sphere': {'center': [176.3474716181845, 106.4453115287556], 'axes': [222.17782665394446, 222.17782665394446], 'angle': 90.0}, 'model_confidence': 0.9497076552024253, 'model_id': 32, 'model_birth_timestamp': 360848.025353, 'theta': 2.1946436818756956, 'phi': -1.9656273386332146, 'norm_pos': [0.43481616016534136, 0.2553153324432694], 'topic': 'pupil.1', 'id': 1, 'method': '3d c++'}"
1581495768.525842,"{'circle_3d': {'center': [-1.9933407287392935, 5.52809876550207, 57.97471141416052], 'normal': [-0.31326837092126997, 0.5826914698442553, -0.7498890442932707], 'radius': 2.79035779614641}, 'confidence': 0.9997790930402807, 'timestamp': 360865.110937, 'diameter_3d': 5.58071559229282, 'ellipse': {'center': [138.9986897352954, 178.55102852200355], 'axes': [40.83365565954359, 59.71765712244251], 'angle': -62.46072744559442}, 'location': [138.9986897352954, 178.55102852200355], 'diameter': 59.71765712244251, 'sphere': {'center': [1.765879722315946, -1.4641988726289945, 66.97337994567977], 'radius': 12.0}, 'projected_sphere': {'center': [176.3474716181845, 106.4453115287556], 'axes': [222.17782665394446, 222.17782665394446], 'angle': 90.0}, 'model_confidence': 0.9497746840911647, 'model_id': 32, 'model_birth_timestamp': 360848.025353, 'theta': 2.192832890592807, 'phi': -1.9665126918509965, 'norm_pos': [0.4343709054227981, 0.25603738115831853], 'topic': 'pupil.1', 'id': 1, 'method': '3d c++'}"
1581495768.533568,"{'circle_3d': {'center': [-2.000774089775595, 5.5344630285167415, 57.982770919962576], 'normal': [-0.3138878176742951, 0.583221825095478, -0.7492174188097658], 'radius': 2.7821056934409887}, 'confidence': 0.9994901247147027, 'timestamp': 360865.119337, 'diameter_3d': 5.564211386881977, 'ellipse': {'center': [138.92044928618463, 178.61456726538796], 'axes': [40.65714883088154, 59.53264387263597], 'angle': -62.43274427127773}, 'location': [138.92044928618463, 178.61456726538796], 'diameter': 59.53264387263597, 'sphere': {'center': [1.765879722315946, -1.4641988726289945, 66.97337994567977], 'radius': 12.0}, 'projected_sphere': {'center': [176.3474716181845, 106.4453115287556], 'axes': [222.17782665394446, 222.17782665394446], 'angle': 90.0}, 'model_confidence': 0.9496613172793711, 'model_id': 32, 'model_birth_timestamp': 360848.025353, 'theta': 2.1934856329280383, 'phi': -1.9675350410336665, 'norm_pos': [0.434126404019327, 0.2557726363942169], 'topic': 'pupil.1', 'id': 1, 'method': '3d c++'}"
1581495768.54147,"{'circle_3d': {'center': [-1.9960401832615309, 5.521046906872916, 57.97036378308344], 'normal': [-0.31349332546478975, 0.5821038149584926, -0.7502513468830272], 'radius': 2.819329929854217}, 'confidence': 0.999937658914415, 'timestamp': 360865.127737, 'diameter_3d': 5.638659859708434, 'ellipse': {'center': [138.9752835074485, 178.4682701544312], 'axes': [41.289442118276234, 60.34281377821477], 'angle': -62.41913584742534}, 'location': [138.9752835074485, 178.4682701544312], 'diameter': 60.34281377821477, 'sphere': {'center': [1.765879722315946, -1.4641988726289945, 66.97337994567977], 'radius': 12.0}, 'projected_sphere': {'center': [176.3474716181845, 106.4453115287556], 'axes': [222.17782665394446, 222.17782665394446], 'angle': 90.0}, 'model_confidence': 0.9497570399618294, 'model_id': 32, 'model_birth_timestamp': 360848.025353, 'theta': 2.1921099824931494, 'phi': -1.9665962147559823, 'norm_pos': [0.43429776096077655, 0.25638220768986997], 'topic': 'pupil.1', 'id': 1, 'method': '3d c++'}"
1581495768.553258,"{'circle_3d': {'center': [-1.99298874721839, 5.521611209031697, 57.96952714081293], 'normal': [-0.31323903912786133, 0.5821508401383909, -0.7503210670722367], 'radius': 2.8076780593810295}, 'confidence': 0.9999240741872628, 'timestamp': 360865.136137, 'diameter_3d': 5.615356118762059, 'ellipse': {'center': [139.00474452651872, 178.47981238058085], 'axes': [41.124067034986524, 60.09404017677735], 'angle': -62.44129531192264}, 'location': [139.00474452651872, 178.47981238058085], 'diameter': 60.09404017677735, 'sphere': {'center': [1.765879722315946, -1.4641988726289945, 66.97337994567977], 'radius': 12.0}, 'projected_sphere': {'center': [176.3474716181845, 106.4453115287556], 'axes': [222.17782665394446, 222.17782665394446], 'angle': 90.0}, 'model_confidence': 0.9500256992358236, 'model_id': 32, 'model_birth_timestamp': 360848.025353, 'theta': 2.192167817096914, 'phi': -1.96627458935623, 'norm_pos': [0.434389826645371, 0.2563341150809131], 'topic': 'pupil.1', 'id': 1, 'method': '3d c++'}"
1581495768.561549,"{'circle_3d': {'center': [-2.0086096644764764, 5.489345421417189, 57.95110464397626], 'normal': [-0.3145407822327018, 0.5794620245038486, -0.751856275141959], 'radius': 2.8377973674201544}, 'confidence': 0.9998253984289912, 'timestamp': 360865.144537, 'diameter_3d': 5.675594734840309, 'ellipse': {'center': [138.84007684286655, 178.1416018566917], 'axes': [41.698558095869224, 60.75843381734475], 'angle': -62.22846254419621}, 'location': [138.84007684286655, 178.1416018566917], 'diameter': 60.75843381734475, 'sphere': {'center': [1.765879722315946, -1.4641988726289945, 66.97337994567977], 'radius': 12.0}, 'projected_sphere': {'center': [176.3474716181845, 106.4453115287556], 'axes': [222.17782665394446, 222.17782665394446], 'angle': 90.0}, 'model_confidence': 0.9499857375689591, 'model_id': 32, 'model_birth_timestamp': 360848.025353, 'theta': 2.1888647691991245, 'phi': -1.9670228434248829, 'norm_pos': [0.43387524013395795, 0.257743325597118], 'topic': 'pupil.1', 'id': 1, 'method': '3d c++'}"
1581495768.569689,"{'circle_3d': {'center': [-2.023294355756053, 5.5159019295332605, 57.97780588963859], 'normal': [-0.3157645065059999, 0.5816750668468545, -0.7496311713367645], 'radius': 2.7850396523265744}, 'confidence': 0.9996584066811594, 'timestamp': 360865.152937, 'diameter_3d': 5.570079304653149, 'ellipse': {'center': [138.68049463875582, 178.42089325085843], 'axes': [40.736670946423615, 59.60046061256872], 'angle': -62.22095902402575}, 'location': [138.68049463875582, 178.42089325085843], 'diameter': 59.60046061256872, 'sphere': {'center': [1.765879722315946, -1.4641988726289945, 66.97337994567977], 'radius': 12.0}, 'projected_sphere': {'center': [176.3474716181845, 106.4453115287556], 'axes': [222.17782665394446, 222.17782665394446], 'angle': 90.0}, 'model_confidence': 0.9499458839398289, 'model_id': 32, 'model_birth_timestamp': 360848.025353, 'theta': 2.1915827907476295, 'phi': -1.9694664399971502, 'norm_pos': [0.43337654574611195, 0.2565796114547566], 'topic': 'pupil.1', 'id': 1, 'method': '3d c++'}"
1581495768.5779462,"{'circle_3d': {'center': [-2.023630117535184, 5.508255382311168, 57.97201911320347], 'normal': [-0.31579248665426085, 0.5810378545783469, -0.7501134027063576], 'radius': 2.7700502336881265}, 'confidence': 0.9995486604452084, 'timestamp': 360865.161337, 'diameter_3d': 5.540100467376253, 'ellipse': {'center': [138.67167416504455, 178.35106755041275], 'axes': [40.557155120512256, 59.28522340119364], 'angle': -62.19282695634125}, 'location': [138.67167416504455, 178.35106755041275], 'diameter': 59.28522340119364, 'sphere': {'center': [1.765879722315946, -1.4641988726289945, 66.97337994567977], 'radius': 12.0}, 'projected_sphere': {'center': [176.3474716181845, 106.4453115287556], 'axes': [222.17782665394446, 222.17782665394446], 'angle': 90.0}, 'model_confidence': 0.9498870099061696, 'model_id': 32, 'model_birth_timestamp': 360848.025353, 'theta': 2.1907996369257927, 'phi': -1.9692681138508608, 'norm_pos': [0.4333489817657642, 0.25687055187328023], 'topic': 'pupil.1', 'id': 1, 'method': '3d c++'}"
1581495768.585453,"{'circle_3d': {'center': [-2.0344896822630014, 5.536987234494877, 57.998939267723514], 'normal': [-0.3166974503815789, 0.5834321755936559, -0.7478700564963547], 'radius': 2.7975864563123247}, 'confidence': 0.9989207865399005, 'timestamp': 360865.169737, 'diameter_3d': 5.595172912624649, 'ellipse': {'center': [138.5712939859439, 178.62025921121287], 'axes': [40.77358073876453, 59.84758404880837], 'angle': -62.21814978003137}, 'location': [138.5712939859439, 178.62025921121287], 'diameter': 59.84758404880837, 'sphere': {'center': [1.765879722315946, -1.4641988726289945, 66.97337994567977], 'radius': 12.0}, 'projected_sphere': {'center': [176.3474716181845, 106.4453115287556], 'axes': [222.17782665394446, 222.17782665394446], 'angle': 90.0}, 'model_confidence': 0.9495930638924177, 'model_id': 32, 'model_birth_timestamp': 360848.025353, 'theta': 2.1937446095486806, 'phi': -1.971366842141798, 'norm_pos': [0.4330352937060747, 0.25574891995327975], 'topic': 'pupil.1', 'id': 1, 'method': '3d c++'}"
1581495768.593324,"{'circle_3d': {'center': [-2.0038922628622373, 5.567014683764851, 58.009516096638485], 'normal': [-0.31414766543151523, 0.5859344630328205, -0.7469886540867733], 'radius': 2.785083206441966}, 'confidence': 0.9998119221085884, 'timestamp': 360865.178137, 'diameter_3d': 5.570166412883932, 'ellipse': {'center': [138.89646018374307, 178.93424237386165], 'axes': [40.51469613340119, 59.569186781642806], 'angle': -62.52091171035255}, 'location': [138.89646018374307, 178.93424237386165], 'diameter': 59.569186781642806, 'sphere': {'center': [1.765879722315946, -1.4641988726289945, 66.97337994567977], 'radius': 12.0}, 'projected_sphere': {'center': [176.3474716181845, 106.4453115287556], 'axes': [222.17782665394446, 222.17782665394446], 'angle': 90.0}, 'model_confidence': 0.949628763633148, 'model_id': 32, 'model_birth_timestamp': 360848.025353, 'theta': 2.196829052242663, 'phi': -1.9688935597455057, 'norm_pos': [0.4340514380741971, 0.2544406567755765], 'topic': 'pupil.1', 'id': 1, 'method': '3d c++'}"
1581495768.601623,"{'circle_3d': {'center': [-2.0105778985114418, 5.582582568024822, 58.02456778060715], 'normal': [-0.31470480173561566, 0.5872317867211514, -0.7457343470893848], 'radius': 2.806761427763826}, 'confidence': 0.9991617992311752, 'timestamp': 360865.186537, 'diameter_3d': 5.613522855527652, 'ellipse': {'center': [138.83519372378973, 179.076682584227], 'axes': [40.725738059634075, 60.01787962290215], 'angle': -62.528567420982064}, 'location': [138.83519372378973, 179.076682584227], 'diameter': 60.01787962290215, 'sphere': {'center': [1.765879722315946, -1.4641988726289945, 66.97337994567977], 'radius': 12.0}, 'projected_sphere': {'center': [176.3474716181845, 106.4453115287556], 'axes': [222.17782665394446, 222.17782665394446], 'angle': 90.0}, 'model_confidence': 0.949532795085295, 'model_id': 32, 'model_birth_timestamp': 360848.025353, 'theta': 2.1984309063245493, 'phi': -1.970128791314088, 'norm_pos': [0.4338599803868429, 0.25384715589905416], 'topic': 'pupil.1', 'id': 1, 'method': '3d c++'}"
1581495768.609576,"{'circle_3d': {'center': [-2.002755656264921, 5.559430581380801, 58.003094739730365], 'normal': [-0.31405294821507224, 0.5853024545008163, -0.7475237671624502], 'radius': 2.760058382495377}, 'confidence': 0.9992956925805779, 'timestamp': 360865.194937, 'diameter_3d': 5.520116764990754, 'ellipse': {'center': [138.90087090315302, 178.86980737486715], 'axes': [40.19413652763512, 59.0398811998876], 'angle': -62.503124468418605}, 'location': [138.90087090315302, 178.86980737486715], 'diameter': 59.0398811998876, 'sphere': {'center': [1.765879722315946, -1.4641988726289945, 66.97337994567977], 'radius': 12.0}, 'projected_sphere': {'center': [176.3474716181845, 106.4453115287556], 'axes': [222.17782665394446, 222.17782665394446], 'angle': 90.0}, 'model_confidence': 0.9494441881817917, 'model_id': 32, 'model_birth_timestamp': 360848.025353, 'theta': 2.196049359624891, 'phi': -1.9685300304587237, 'norm_pos': [0.43406522157235317, 0.25470913593805355], 'topic': 'pupil.1', 'id': 1, 'method': '3d c++'}"
1581495768.6174111,"{'circle_3d': {'center': [-2.0052959938643884, 5.559677988449769, 58.004356166131956], 'normal': [-0.3142646430150278, 0.5853230717565636, -0.7474186482956509], 'radius': 2.8322710389329053}, 'confidence': 0.9994126095965179, 'timestamp': 360865.203337, 'diameter_3d': 5.664542077865811, 'ellipse': {'center': [138.89068932048767, 178.84180225378432], 'axes': [41.23923098275859, 60.5848599004409], 'angle': -62.48721822144322}, 'location': [138.89068932048767, 178.84180225378432], 'diameter': 60.5848599004409, 'sphere': {'center': [1.765879722315946, -1.4641988726289945, 66.97337994567977], 'radius': 12.0}, 'projected_sphere': {'center': [176.3474716181845, 106.4453115287556], 'axes': [222.17782665394446, 222.17782665394446], 'angle': 90.0}, 'model_confidence': 0.9493475053803824, 'model_id': 32, 'model_birth_timestamp': 360848.025353, 'theta': 2.1960747876742444, 'phi': -1.9688209601479585, 'norm_pos': [0.43403340412652397, 0.25482582394256537], 'topic': 'pupil.1', 'id': 1, 'method': '3d c++'}"
1581495768.626164,"{'circle_3d': {'center': [-2.043353747593021, 5.557354376573034, 58.01863090730099], 'normal': [-0.31743612249241393, 0.5851294374335024, -0.7462290865315652], 'radius': 2.811321657036983}, 'confidence': 0.9997512892270298, 'timestamp': 360865.211737, 'diameter_3d': 5.622643314073966, 'ellipse': {'center': [138.48671428758223, 178.81269185106584], 'axes': [40.836579066518446, 60.12146377324784], 'angle': -62.22828200514133}, 'location': [138.48671428758223, 178.81269185106584], 'diameter': 60.12146377324784, 'sphere': {'center': [1.765879722315946, -1.4641988726289945, 66.97337994567977], 'radius': 12.0}, 'projected_sphere': {'center': [176.3474716181845, 106.4453115287556], 'axes': [222.17782665394446, 222.17782665394446], 'angle': 90.0}, 'model_confidence': 0.949362542826615, 'model_id': 32, 'model_birth_timestamp': 360848.025353, 'theta': 2.1958359894533963, 'phi': -1.9729946870734294, 'norm_pos': [0.43277098214869447, 0.25494711728722563], 'topic': 'pupil.1', 'id': 1, 'method': '3d c++'}"
1581495768.64106,"{'circle_3d': {'center': [-2.0296114697307406, 5.585040295827813, 58.03456158098579], 'normal': [-0.3162909326705572, 0.5874365973714006, -0.744901530391165], 'radius': 2.787000901497629}, 'confidence': 0.9990692945775145, 'timestamp': 360865.220137, 'diameter_3d': 5.574001802995258, 'ellipse': {'center': [138.63202083433004, 179.10159073750327], 'axes': [40.37053616511628, 59.58465872405771], 'angle': -62.41133494786636}, 'location': [138.63202083433004, 179.10159073750327], 'diameter': 59.58465872405771, 'sphere': {'center': [1.765879722315946, -1.4641988726289945, 66.97337994567977], 'radius': 12.0}, 'projected_sphere': {'center': [176.3474716181845, 106.4453115287556], 'axes': [222.17782665394446, 222.17782665394446], 'angle': 90.0}, 'model_confidence': 0.9491865626725215, 'model_id': 32, 'model_birth_timestamp': 360848.025353, 'theta': 2.1986839637647506, 'phi': -1.972334653789347, 'norm_pos': [0.43322506510728137, 0.25374337192706975], 'topic': 'pupil.1', 'id': 1, 'method': '3d c++'}"
1581495768.645385,"{'circle_3d': {'center': [-2.0539891798958196, 5.603549926717051, 58.05959688351935], 'normal': [-0.31832240851764715, 0.5889790666121705, -0.7428152551800351], 'radius': 2.7995524773090157}, 'confidence': 0.9993158514291771, 'timestamp': 360865.228537, 'diameter_3d': 5.599104954618031, 'ellipse': {'center': [138.3844297012506, 179.26962852574553], 'axes': [40.3800438362625, 59.82761907558525], 'angle': -62.31295609363882}, 'location': [138.3844297012506, 179.26962852574553], 'diameter': 59.82761907558525, 'sphere': {'center': [1.765879722315946, -1.4641988726289945, 66.97337994567977], 'radius': 12.0}, 'projected_sphere': {'center': [176.3474716181845, 106.4453115287556], 'axes': [222.17782665394446, 222.17782665394446], 'angle': 90.0}, 'model_confidence': 0.9491709160929562, 'model_id': 32, 'model_birth_timestamp': 360848.025353, 'theta': 2.2005912855739327, 'phi': -1.975657419997592, 'norm_pos': [0.4324513428164082, 0.25304321447606026], 'topic': 'pupil.1', 'id': 1, 'method': '3d c++'}"
1581495768.655185,"{'circle_3d': {'center': [-2.051998081095957, 5.624802688951296, 58.07563495393456], 'normal': [-0.3181564836176585, 0.5907501301316909, -0.7414787493121006], 'radius': 2.8302041999294887}, 'confidence': 0.9997583257618069, 'timestamp': 360865.236937, 'diameter_3d': 5.660408399858977, 'ellipse': {'center': [138.41769862330523, 179.4675040051518], 'axes': [40.70985963521189, 60.46681410997347], 'angle': -62.39658794889295}, 'location': [138.41769862330523, 179.4675040051518], 'diameter': 60.46681410997347, 'sphere': {'center': [1.765879722315946, -1.4641988726289945, 66.97337994567977], 'radius': 12.0}, 'projected_sphere': {'center': [176.3474716181845, 106.4453115287556], 'axes': [222.17782665394446, 222.17782665394446], 'angle': 90.0}, 'model_confidence': 0.949160214837208, 'model_id': 32, 'model_birth_timestamp': 360848.025353, 'theta': 2.202784548337986, 'phi': -1.9761208575574605, 'norm_pos': [0.43255530819782884, 0.2522187333118675], 'topic': 'pupil.1', 'id': 1, 'method': '3d c++'}"
1581495768.663844,"{'circle_3d': {'center': [-2.0338064867962427, 5.621013888444004, 58.06483658311981], 'normal': [-0.3166405174260157, 0.5904343967560832, -0.7423786135466627], 'radius': 2.7998476943298076}, 'confidence': 0.9997598118425651, 'timestamp': 360865.245337, 'diameter_3d': 5.599695388659615, 'ellipse': {'center': [138.60011600130025, 179.4497773870214], 'axes': [40.346011305145126, 59.82866059557604], 'angle': -62.50313743603892}, 'location': [138.60011600130025, 179.4497773870214], 'diameter': 59.82866059557604, 'sphere': {'center': [1.765879722315946, -1.4641988726289945, 66.97337994567977], 'radius': 12.0}, 'projected_sphere': {'center': [176.3474716181845, 106.4453115287556], 'axes': [222.17782665394446, 222.17782665394446], 'angle': 90.0}, 'model_confidence': 0.9490966868253681, 'model_id': 32, 'model_birth_timestamp': 360848.025353, 'theta': 2.202393290505615, 'phi': -1.9739550807070487, 'norm_pos': [0.4331253625040633, 0.2522925942207441], 'topic': 'pupil.1', 'id': 1, 'method': '3d c++'}"
1581495768.672101,"{'circle_3d': {'center': [-2.060804346803752, 5.647001319082519, 58.09715772738512], 'normal': [-0.31889033909330816, 0.5926000159759595, -0.7396851848578877], 'radius': 2.801193307706068}, 'confidence': 0.9995776255716551, 'timestamp': 360865.253737, 'diameter_3d': 5.602386615412136, 'ellipse': {'center': [138.32471503255636, 179.69459818335295], 'axes': [40.14244074127189, 59.824346180135464], 'angle': -62.41242932642562}, 'location': [138.32471503255636, 179.69459818335295], 'diameter': 59.824346180135464, 'sphere': {'center': [1.765879722315946, -1.4641988726289945, 66.97337994567977], 'radius': 12.0}, 'projected_sphere': {'center': [176.3474716181845, 106.4453115287556], 'axes': [222.17782665394446, 222.17782665394446], 'angle': 90.0}, 'model_confidence': 0.9490246115155809, 'model_id': 32, 'model_birth_timestamp': 360848.025353, 'theta': 2.2050791907919676, 'phi': -1.9778361070532848, 'norm_pos': [0.43226473447673863, 0.2512725075693627], 'topic': 'pupil.1', 'id': 1, 'method': '3d c++'}"
1581495768.677789,"{'circle_3d': {'center': [-2.050824496442379, 5.629217451228932, 58.078650395944244], 'normal': [-0.31805868489652706, 0.5911180269881605, -0.7412274624779603], 'radius': 2.8113676585767386}, 'confidence': 0.99880967586956, 'timestamp': 360865.262137, 'diameter_3d': 5.622735317153477, 'ellipse': {'center': [138.42679812377213, 179.51921340600367], 'axes': [40.41713307758039, 60.060862662238094], 'angle': -62.418854105804165}, 'location': [138.42679812377213, 179.51921340600367], 'diameter': 60.060862662238094, 'sphere': {'center': [1.765879722315946, -1.4641988726289945, 66.97337994567977], 'radius': 12.0}, 'projected_sphere': {'center': [176.3474716181845, 106.4453115287556], 'axes': [222.17782665394446, 222.17782665394446], 'angle': 90.0}, 'model_confidence': 0.948796942697705, 'model_id': 32, 'model_birth_timestamp': 360848.025353, 'theta': 2.2032405887654507, 'phi': -1.97613227872854, 'norm_pos': [0.4325837441367879, 0.25200327747498474], 'topic': 'pupil.1', 'id': 1, 'method': '3d c++'}"
1581495768.6853938,"{'circle_3d': {'center': [-2.0350142854848725, 5.6378117890249, 58.07873833945312], 'normal': [-0.31674116731673485, 0.5918342218044912, -0.741220133852221], 'radius': 2.8173516938564003}, 'confidence': 0.9993776061851741, 'timestamp': 360865.270537, 'diameter_3d': 5.6347033877128005, 'ellipse': {'center': [138.59571976664824, 179.6077525212411], 'axes': [40.501348136210005, 60.18880816527556], 'angle': -62.55064313321705}, 'location': [138.59571976664824, 179.6077525212411], 'diameter': 60.18880816527556, 'sphere': {'center': [1.765879722315946, -1.4641988726289945, 66.97337994567977], 'radius': 12.0}, 'projected_sphere': {'center': [176.3474716181845, 106.4453115287556], 'axes': [222.17782665394446, 222.17782665394446], 'angle': 90.0}, 'model_confidence': 0.9487635301142494, 'model_id': 32, 'model_birth_timestamp': 360848.025353, 'theta': 2.2041288126048184, 'phi': -1.9746337921322128, 'norm_pos': [0.43311162427077576, 0.2516343644948287], 'topic': 'pupil.1', 'id': 1, 'method': '3d c++'}"
1581495768.6930869,"{'circle_3d': {'center': [-2.0818701000227735, 5.592290130665674, 58.06266817550822], 'normal': [-0.3206458185282266, 0.5880407502745557, -0.7425593141809623], 'radius': 2.7933602991010247}, 'confidence': 0.998970696126326, 'timestamp': 360865.278937, 'diameter_3d': 5.586720598202049, 'ellipse': {'center': [138.0884665505394, 179.14994769946983], 'axes': [40.271557086409636, 59.69191897881191], 'angle': -62.092928008532375}, 'location': [138.0884665505394, 179.14994769946983], 'diameter': 59.69191897881191, 'sphere': {'center': [1.765879722315946, -1.4641988726289945, 66.97337994567977], 'radius': 12.0}, 'projected_sphere': {'center': [176.3474716181845, 106.4453115287556], 'axes': [222.17782665394446, 222.17782665394446], 'angle': 90.0}, 'model_confidence': 0.9485813830173329, 'model_id': 32, 'model_birth_timestamp': 360848.025353, 'theta': 2.199430706632258, 'phi': -1.9784223903630023, 'norm_pos': [0.43152645797043565, 0.2535418845855424], 'topic': 'pupil.1', 'id': 1, 'method': '3d c++'}"
1581495768.705815,"{'circle_3d': {'center': [-2.059900551062646, 5.570478022845235, 58.03600190309321], 'normal': [-0.31881502278154933, 0.5862230746228524, -0.7447815035488796], 'radius': 2.821239849172008}, 'confidence': 0.9994485215973009, 'timestamp': 360865.287337, 'diameter_3d': 5.642479698344016, 'ellipse': {'center': [138.31911025045366, 178.93187564112316], 'axes': [40.860027630059776, 60.315838362690485], 'angle': -62.16361067348294}, 'location': [138.31911025045366, 178.93187564112316], 'diameter': 60.315838362690485, 'sphere': {'center': [1.765879722315946, -1.4641988726289945, 66.97337994567977], 'radius': 12.0}, 'projected_sphere': {'center': [176.3474716181845, 106.4453115287556], 'axes': [222.17782665394446, 222.17782665394446], 'angle': 90.0}, 'model_confidence': 0.9485372481094712, 'model_id': 32, 'model_birth_timestamp': 360848.025353, 'theta': 2.1971852511196706, 'phi': -1.9752603355885483, 'norm_pos': [0.4322472195326677, 0.2544505181619868], 'topic': 'pupil.1', 'id': 1, 'method': '3d c++'}"
1581495768.711031,"{'circle_3d': {'center': [-2.062698296439332, 5.547137910995292, 58.01887566789303], 'normal': [-0.31904816822960647, 0.5842780653020239, -0.7462086898155614], 'radius': 2.807399570552707}, 'confidence': 0.9993015761198247, 'timestamp': 360865.295737, 'diameter_3d': 5.614799141105414, 'ellipse': {'center': [138.28070687234407, 178.70570559781834], 'axes': [40.77943944548908, 60.03717689205177], 'angle': -62.0665726592433}, 'location': [138.28070687234407, 178.70570559781834], 'diameter': 60.03717689205177, 'sphere': {'center': [1.765879722315946, -1.4641988726289945, 66.97337994567977], 'radius': 12.0}, 'projected_sphere': {'center': [176.3474716181845, 106.4453115287556], 'axes': [222.17782665394446, 222.17782665394446], 'angle': 90.0}, 'model_confidence': 0.9484281960527308, 'model_id': 32, 'model_birth_timestamp': 360848.025353, 'theta': 2.1947865281393866, 'phi': -1.9748323893663324, 'norm_pos': [0.4321272089760752, 0.25539289334242354], 'topic': 'pupil.1', 'id': 1, 'method': '3d c++'}"
1581495768.722889,"{'circle_3d': {'center': [-2.032808535389253, 5.58918559822899, 58.039190837146634], 'normal': [-0.31655735480876657, 0.5877820392381654, -0.7445157590444278], 'radius': 2.7509031191486524}, 'confidence': 0.9980773935838966, 'timestamp': 360865.304137, 'diameter_3d': 5.501806238297305, 'ellipse': {'center': [138.59148136699397, 179.15583087472658], 'axes': [39.815089263568595, 58.80746777545363], 'angle': -62.40407640961096}, 'location': [138.59148136699397, 179.15583087472658], 'diameter': 58.80746777545363, 'sphere': {'center': [1.765879722315946, -1.4641988726289945, 66.97337994567977], 'radius': 12.0}, 'projected_sphere': {'center': [176.3474716181845, 106.4453115287556], 'axes': [222.17782665394446, 222.17782665394446], 'angle': 90.0}, 'model_confidence': 0.9479396175321453, 'model_id': 32, 'model_birth_timestamp': 360848.025353, 'theta': 2.1991108859650454, 'phi': -1.972824140266455, 'norm_pos': [0.4330983792718562, 0.25351737135530594], 'topic': 'pupil.1', 'id': 1, 'method': '3d c++'}"
1581495768.7313778,"{'circle_3d': {'center': [-2.0850405429148218, 5.615293927509411, 58.082306062080356], 'normal': [-0.320910022102564, 0.5899577333448671, -0.7409228236332841], 'radius': 2.7972393186454436}, 'confidence': 0.9993837554297312, 'timestamp': 360865.312537, 'diameter_3d': 5.594478637290887, 'ellipse': {'center': [138.06218603938277, 179.3740331900691], 'axes': [40.19108584500823, 59.75485930842139], 'angle': -62.149205688128056}, 'location': [138.06218603938277, 179.3740331900691], 'diameter': 59.75485930842139, 'sphere': {'center': [1.765879722315946, -1.4641988726289945, 66.97337994567977], 'radius': 12.0}, 'projected_sphere': {'center': [176.3474716181845, 106.4453115287556], 'axes': [222.17782665394446, 222.17782665394446], 'angle': 90.0}, 'model_confidence': 0.9480425644685986, 'model_id': 32, 'model_birth_timestamp': 360848.025353, 'theta': 2.201802819694672, 'phi': -1.9795262720192879, 'norm_pos': [0.43144433137307114, 0.25260819504137877], 'topic': 'pupil.1', 'id': 1, 'method': '3d c++'}"
1581495768.737178,"{'circle_3d': {'center': [-2.044736250203081, 5.692755855915573, 58.12706970221971], 'normal': [-0.3175513310432522, 0.5964128940453807, -0.7371925202883385], 'radius': 2.8070277662201826}, 'confidence': 0.9993175090440524, 'timestamp': 360865.320937, 'diameter_3d': 5.614055532440365, 'ellipse': {'center': [138.50584430966325, 180.14890097398742], 'axes': [40.01623362195755, 59.91857389081511], 'angle': -62.667016429226514}, 'location': [138.50584430966325, 180.14890097398742], 'diameter': 59.91857389081511, 'sphere': {'center': [1.765879722315946, -1.4641988726289945, 66.97337994567977], 'radius': 12.0}, 'projected_sphere': {'center': [176.3474716181845, 106.4453115287556], 'axes': [222.17782665394446, 222.17782665394446], 'angle': 90.0}, 'model_confidence': 0.9479882602090428, 'model_id': 32, 'model_birth_timestamp': 360848.025353, 'theta': 2.2098210524350423, 'phi': -1.9775336456517958, 'norm_pos': [0.43283076346769767, 0.2493795792750524], 'topic': 'pupil.1', 'id': 1, 'method': '3d c++'}"
1581495768.745136,"{'circle_3d': {'center': [-2.0026732872768536, 5.747690387761482, 58.15370526291773], 'normal': [-0.31404608413273327, 0.6009907716992063, -0.7349728902301694], 'radius': 2.8158292838428727}, 'confidence': 0.9983725581081465, 'timestamp': 360865.329337, 'diameter_3d': 5.631658567685745, 'ellipse': {'center': [138.9615321926129, 180.70179542784922], 'axes': [39.95223853777376, 60.079530119187964], 'angle': -63.11772217693378}, 'location': [138.9615321926129, 180.70179542784922], 'diameter': 60.079530119187964, 'sphere': {'center': [1.765879722315946, -1.4641988726289945, 66.97337994567977], 'radius': 12.0}, 'projected_sphere': {'center': [176.3474716181845, 106.4453115287556], 'axes': [222.17782665394446, 222.17782665394446], 'angle': 90.0}, 'model_confidence': 0.9475852435782528, 'model_id': 32, 'model_birth_timestamp': 360848.025353, 'theta': 2.2155364762372978, 'phi': -1.9746044700695593, 'norm_pos': [0.4342547881019153, 0.24707585238396157], 'topic': 'pupil.1', 'id': 1, 'method': '3d c++'}"
1581495768.753674,"{'circle_3d': {'center': [-2.0333757193091344, 5.773529142834989, 58.18811095358567], 'normal': [-0.31660462013542334, 0.6031440012886653, -0.7321057493411747], 'radius': 2.8100891052062926}, 'confidence': 0.9985632028168058, 'timestamp': 360865.337737, 'diameter_3d': 5.620178210412585, 'ellipse': {'center': [138.64623588281972, 180.9449753163264], 'axes': [39.63394941585562, 59.921674508076016], 'angle': -63.000834042522115}, 'location': [138.64623588281972, 180.9449753163264], 'diameter': 59.921674508076016, 'sphere': {'center': [1.765879722315946, -1.4641988726289945, 66.97337994567977], 'radius': 12.0}, 'projected_sphere': {'center': [176.3474716181845, 106.4453115287556], 'axes': [222.17782665394446, 222.17782665394446], 'angle': 90.0}, 'model_confidence': 0.9472635887133096, 'model_id': 32, 'model_birth_timestamp': 360848.025353, 'theta': 2.218233256359863, 'phi': -1.9789665465629274, 'norm_pos': [0.43326948713381164, 0.24606260284864], 'topic': 'pupil.1', 'id': 1, 'method': '3d c++'}"
1581495768.763021,"{'circle_3d': {'center': [-2.021595512290636, 5.822640902214047, 58.22369438315769], 'normal': [-0.31562293621721516, 0.6072366479035868, -0.7291404635435061], 'radius': 2.801661567355967}, 'confidence': 0.999504249008986, 'timestamp': 360865.346137, 'diameter_3d': 5.603323134711934, 'ellipse': {'center': [138.780227339514, 181.4338993087346], 'axes': [39.267467138089074, 59.705630025869006], 'angle': -63.23235075690615}, 'location': [138.780227339514, 181.4338993087346], 'diameter': 59.705630025869006, 'sphere': {'center': [1.765879722315946, -1.4641988726289945, 66.97337994567977], 'radius': 12.0}, 'projected_sphere': {'center': [176.3474716181845, 106.4453115287556], 'axes': [222.17782665394446, 222.17782665394446], 'angle': 90.0}, 'model_confidence': 0.9472804215748476, 'model_id': 32, 'model_birth_timestamp': 360848.025353, 'theta': 2.2233742657101865, 'phi': -1.9793138944668898, 'norm_pos': [0.43368821043598127, 0.24402541954693924], 'topic': 'pupil.1', 'id': 1, 'method': '3d c++'}"
1581495768.769589,"{'circle_3d': {'center': [-2.0101671950162565, 5.808360047820781, 58.20688940346777], 'normal': [-0.3146705764443502, 0.606046576704148, -0.7305408785176662], 'radius': 2.8373109221051487}, 'confidence': 0.9995885878521891, 'timestamp': 360865.354537, 'diameter_3d': 5.674621844210297, 'ellipse': {'center': [138.90366254538904, 181.28434009345554], 'axes': [39.884950246973894, 60.48353011007849], 'angle': -63.26130205986118}, 'location': [138.90366254538904, 181.28434009345554], 'diameter': 60.48353011007849, 'sphere': {'center': [1.765879722315946, -1.4641988726289945, 66.97337994567977], 'radius': 12.0}, 'projected_sphere': {'center': [176.3474716181845, 106.4453115287556], 'axes': [222.17782665394446, 222.17782665394446], 'angle': 90.0}, 'model_confidence': 0.9473089376838773, 'model_id': 32, 'model_birth_timestamp': 360848.025353, 'theta': 2.2218772741793518, 'phi': -1.9775157388033398, 'norm_pos': [0.43407394545434075, 0.2446485829439352], 'topic': 'pupil.1', 'id': 1, 'method': '3d c++'}"
1581495768.777038,"{'circle_3d': {'center': [-2.049241593076384, 5.769517606408634, 58.19168334139318], 'normal': [-0.3179267762826941, 0.602809706586469, -0.7318080503572155], 'radius': 2.782681428384437}, 'confidence': 0.9986787241527276, 'timestamp': 360865.362937, 'diameter_3d': 5.565362856768874, 'ellipse': {'center': [138.47346226842163, 180.91026614656244], 'axes': [39.223358396736664, 59.33294604040922], 'angle': -62.885417510865715}, 'location': [138.47346226842163, 180.91026614656244], 'diameter': 59.33294604040922, 'sphere': {'center': [1.765879722315946, -1.4641988726289945, 66.97337994567977], 'radius': 12.0}, 'projected_sphere': {'center': [176.3474716181845, 106.4453115287556], 'axes': [222.17782665394446, 222.17782665394446], 'angle': 90.0}, 'model_confidence': 0.946956502053764, 'model_id': 32, 'model_birth_timestamp': 360848.025353, 'theta': 2.2178142139643824, 'phi': -1.9806355912142217, 'norm_pos': [0.4327295695888176, 0.2462072243893232], 'topic': 'pupil.1', 'id': 1, 'method': '3d c++'}"
1581495768.785683,"{'circle_3d': {'center': [-2.0389966051791966, 5.702920549508843, 58.13283045363564], 'normal': [-0.31707302729126186, 0.5972599518448197, -0.7367124576703439], 'radius': 2.7656584391252603}, 'confidence': 0.9985211812063716, 'timestamp': 360865.371337, 'diameter_3d': 5.531316878250521, 'ellipse': {'center': [138.5592383585359, 180.26787409338354], 'axes': [39.38521901078312, 59.02880982409328], 'angle': -62.73734448135838}, 'location': [138.5592383585359, 180.26787409338354], 'diameter': 59.02880982409328, 'sphere': {'center': [1.765879722315946, -1.4641988726289945, 66.97337994567977], 'radius': 12.0}, 'projected_sphere': {'center': [176.3474716181845, 106.4453115287556], 'axes': [222.17782665394446, 222.17782665394446], 'angle': 90.0}, 'model_confidence': 0.9466965866433363, 'model_id': 32, 'model_birth_timestamp': 360848.025353, 'theta': 2.2108767566107614, 'phi': -1.9772227388327588, 'norm_pos': [0.43299761987042473, 0.2488838579442353], 'topic': 'pupil.1', 'id': 1, 'method': '3d c++'}"
1581495768.793205,"{'circle_3d': {'center': [-2.070139024524222, 5.658493389357619, 58.11041119277722], 'normal': [-0.31966822890334734, 0.5935576884988845, -0.7385807294085451], 'radius': 2.7967331854539523}, 'confidence': 0.9995435341657548, 'timestamp': 360865.379737, 'diameter_3d': 5.593466370907905, 'ellipse': {'center': [138.22911934845715, 179.80580248530003], 'axes': [39.9870655196444, 59.715458166836754], 'angle': -62.38951505427975}, 'location': [138.22911934845715, 179.80580248530003], 'diameter': 59.715458166836754, 'sphere': {'center': [1.765879722315946, -1.4641988726289945, 66.97337994567977], 'radius': 12.0}, 'projected_sphere': {'center': [176.3474716181845, 106.4453115287556], 'axes': [222.17782665394446, 222.17782665394446], 'angle': 90.0}, 'model_confidence': 0.9465829884415689, 'model_id': 32, 'model_birth_timestamp': 360848.025353, 'theta': 2.206268632950793, 'phi': -1.979267011866699, 'norm_pos': [0.4319659979639286, 0.2508091563112499], 'topic': 'pupil.1', 'id': 1, 'method': '3d c++'}"
1581495768.805898,"{'circle_3d': {'center': [-2.0674336091766508, 5.59877396513116, 58.06158306762743], 'normal': [-0.31944277762438306, 0.5885810698133462, -0.7426497398376948], 'radius': 2.7800427525980145}, 'confidence': 0.9989612858850351, 'timestamp': 360865.388137, 'diameter_3d': 5.560085505196029, 'ellipse': {'center': [138.23811851140968, 179.22506857099324], 'axes': [40.08544980832386, 59.408193478228476], 'angle': -62.209004080272244}, 'location': [138.23811851140968, 179.22506857099324], 'diameter': 59.408193478228476, 'sphere': {'center': [1.765879722315946, -1.4641988726289945, 66.97337994567977], 'radius': 12.0}, 'projected_sphere': {'center': [176.3474716181845, 106.4453115287556], 'axes': [222.17782665394446, 222.17782665394446], 'angle': 90.0}, 'model_confidence': 0.9463131776474953, 'model_id': 32, 'model_birth_timestamp': 360848.025353, 'theta': 2.2000988939907833, 'phi': -1.9770118718205383, 'norm_pos': [0.43199412034815526, 0.2532288809541948], 'topic': 'pupil.1', 'id': 1, 'method': '3d c++'}"
1581495768.8132439,"{'circle_3d': {'center': [-2.0786492851374403, 5.56108864824415, 58.036661758340884], 'normal': [-0.3203774172877822, 0.5854406267394286, -0.7447265156115735], 'radius': 2.8193178834978943}, 'confidence': 0.999488041911772, 'timestamp': 360865.396537, 'diameter_3d': 5.6386357669957885, 'ellipse': {'center': [138.1200827825236, 178.83249986712377], 'axes': [40.82910882666988, 60.27395533045316], 'angle': -62.00901412545301}, 'location': [138.1200827825236, 178.83249986712377], 'diameter': 60.27395533045316, 'sphere': {'center': [1.765879722315946, -1.4641988726289945, 66.97337994567977], 'radius': 12.0}, 'projected_sphere': {'center': [176.3474716181845, 106.4453115287556], 'axes': [222.17782665394446, 222.17782665394446], 'angle': 90.0}, 'model_confidence': 0.9462141028357962, 'model_id': 32, 'model_birth_timestamp': 360848.025353, 'theta': 2.1962197816463425, 'phi': -1.9770587107931001, 'norm_pos': [0.43162525869538626, 0.2548645838869843], 'topic': 'pupil.1', 'id': 1, 'method': '3d c++'}"
1581495768.821374,"{'circle_3d': {'center': [-2.0509861624433254, 5.515066158508688, 57.98887136463319], 'normal': [-0.3180721570632726, 0.5816054192614736, -0.748709048420548], 'radius': 2.804482883786023}, 'confidence': 0.9996754747795257, 'timestamp': 360865.404937, 'diameter_3d': 5.608965767572046, 'ellipse': {'center': [138.39459137318676, 178.39402173110034], 'axes': [40.946352874581336, 60.00552511871134], 'angle': -62.03502149565091}, 'location': [138.39459137318676, 178.39402173110034], 'diameter': 60.00552511871134, 'sphere': {'center': [1.765879722315946, -1.4641988726289945, 66.97337994567977], 'radius': 12.0}, 'projected_sphere': {'center': [176.3474716181845, 106.4453115287556], 'axes': [222.17782665394446, 222.17782665394446], 'angle': 90.0}, 'model_confidence': 0.9461753608142276, 'model_id': 32, 'model_birth_timestamp': 360848.025353, 'theta': 2.1914971703460466, 'phi': -1.972520815147491, 'norm_pos': [0.4324830980412086, 0.25669157612041527], 'topic': 'pupil.1', 'id': 1, 'method': '3d c++'}"
1581495768.8292239,"{'circle_3d': {'center': [-2.042235719880553, 5.507289405524643, 57.97912578168868], 'normal': [-0.3173429535163749, 0.5809573565128031, -0.7495211803325904], 'radius': 2.812582609830997}, 'confidence': 0.9991665346713606, 'timestamp': 360865.413337, 'diameter_3d': 5.625165219661994, 'ellipse': {'center': [138.48619259854053, 178.31704649624825], 'axes': [41.13270994282257, 60.18906194366726], 'angle': -62.066407454151225}, 'location': [138.48619259854053, 178.31704649624825], 'diameter': 60.18906194366726, 'sphere': {'center': [1.765879722315946, -1.4641988726289945, 66.97337994567977], 'radius': 12.0}, 'projected_sphere': {'center': [176.3474716181845, 106.4453115287556], 'axes': [222.17782665394446, 222.17782665394446], 'angle': 90.0}, 'model_confidence': 0.9460264594940426, 'model_id': 32, 'model_birth_timestamp': 360848.025353, 'theta': 2.190700733442833, 'phi': -1.9713060986624575, 'norm_pos': [0.43276935187043913, 0.2570123062656323], 'topic': 'pupil.1', 'id': 1, 'method': '3d c++'}"
1581495768.838122,"{'circle_3d': {'center': [-2.032816460658899, 5.54326636260339, 58.003132552967465], 'normal': [-0.3165580152479037, 0.5839554362693654, -0.7475206160593586], 'radius': 2.825835919855367}, 'confidence': 0.9998872895930573, 'timestamp': 360865.421737, 'diameter_3d': 5.651671839710734, 'ellipse': {'center': [138.59687710293485, 178.67147742685182], 'axes': [41.156385999958765, 60.448219983564904], 'angle': -62.250378789943895}, 'location': [138.59687710293485, 178.67147742685182], 'diameter': 60.448219983564904, 'sphere': {'center': [1.765879722315946, -1.4641988726289945, 66.97337994567977], 'radius': 12.0}, 'projected_sphere': {'center': [176.3474716181845, 106.4453115287556], 'axes': [222.17782665394446, 222.17782665394446], 'angle': 90.0}, 'model_confidence': 0.9460130361623187, 'model_id': 32, 'model_birth_timestamp': 360848.025353, 'theta': 2.194389040025958, 'phi': -1.9713765304787878, 'norm_pos': [0.4331152409466714, 0.25553551072145075], 'topic': 'pupil.1', 'id': 1, 'method': '3d c++'}"
1581495768.8455412,"{'circle_3d': {'center': [-2.0285520287345546, 5.594425211293578, 58.04152046802966], 'normal': [-0.31620264592087505, 0.5882186736602144, -0.7443216231375088], 'radius': 2.799850158919264}, 'confidence': 0.998902792868511, 'timestamp': 360865.430137, 'diameter_3d': 5.599700317838528, 'ellipse': {'center': [138.64838663665896, 179.18946321425557], 'axes': [40.50833849844601, 59.85254680608688], 'angle': -62.449535300937214}, 'location': [138.64838663665896, 179.18946321425557], 'diameter': 59.85254680608688, 'sphere': {'center': [1.765879722315946, -1.4641988726289945, 66.97337994567977], 'radius': 12.0}, 'projected_sphere': {'center': [176.3474716181845, 106.4453115287556], 'axes': [222.17782665394446, 222.17782665394446], 'angle': 90.0}, 'model_confidence': 0.9458320886616578, 'model_id': 32, 'model_birth_timestamp': 360848.025353, 'theta': 2.1996507001170205, 'phi': -1.9725144275986763, 'norm_pos': [0.43327620823955926, 0.2533772366072685], 'topic': 'pupil.1', 'id': 1, 'method': '3d c++'}"
1581495768.853585,"{'circle_3d': {'center': [-1.9950835205179664, 5.625221663872974, 58.05176171003012], 'normal': [-0.3134136035694927, 0.5907850447084974, -0.7434681863041375], 'radius': 2.7623055704184316}, 'confidence': 0.9984737102694831, 'timestamp': 360865.438537, 'diameter_3d': 5.524611140836863, 'ellipse': {'center': [138.99809609744486, 179.52174986384526], 'axes': [39.89060408116547, 59.03893834926557], 'angle': -62.7713546892657}, 'location': [138.99809609744486, 179.52174986384526], 'diameter': 59.03893834926557, 'sphere': {'center': [1.765879722315946, -1.4641988726289945, 66.97337994567977], 'radius': 12.0}, 'projected_sphere': {'center': [176.3474716181845, 106.4453115287556], 'axes': [222.17782665394446, 222.17782665394446], 'angle': 90.0}, 'model_confidence': 0.9454660054233344, 'model_id': 32, 'model_birth_timestamp': 360848.025353, 'theta': 2.2028278214773884, 'phi': -1.9697464096619521, 'norm_pos': [0.43436905030451517, 0.25199270890064474], 'topic': 'pupil.1', 'id': 1, 'method': '3d c++'}"
1581495768.863828,"{'circle_3d': {'center': [-1.984287754802746, 5.661016754651871, 58.075765312627055], 'normal': [-0.31251395642655766, 0.5937679689400721, -0.7414678860877261], 'radius': 2.8150426869426783}, 'confidence': 0.9992221910354432, 'timestamp': 360865.446937, 'diameter_3d': 5.630085373885357, 'ellipse': {'center': [139.13179207231985, 179.85735944697637], 'axes': [40.484460147195605, 60.14267061067353], 'angle': -62.95917580430357}, 'location': [139.13179207231985, 179.85735944697637], 'diameter': 60.14267061067353, 'sphere': {'center': [1.765879722315946, -1.4641988726289945, 66.97337994567977], 'radius': 12.0}, 'projected_sphere': {'center': [176.3474716181845, 106.4453115287556], 'axes': [222.17782665394446, 222.17782665394446], 'angle': 90.0}, 'model_confidence': 0.9454242667269463, 'model_id': 32, 'model_birth_timestamp': 360848.025353, 'theta': 2.2065299437659873, 'phi': -1.969681810958927, 'norm_pos': [0.43478685022599955, 0.2505943356375985], 'topic': 'pupil.1', 'id': 1, 'method': '3d c++'}"
1581495768.8699179,"{'circle_3d': {'center': [-1.9857173274416746, 5.648240568378469, 58.066151152488736], 'normal': [-0.31263308747980173, 0.592703286750622, -0.7422690660992526], 'radius': 2.8308898048411453}, 'confidence': 0.9996405581786931, 'timestamp': 360865.455337, 'diameter_3d': 5.6617796096822905, 'ellipse': {'center': [139.11723062012524, 179.72438129750873], 'axes': [40.78076280760089, 60.49151752677839], 'angle': -62.90826816002917}, 'location': [139.11723062012524, 179.72438129750873], 'diameter': 60.49151752677839, 'sphere': {'center': [1.765879722315946, -1.4641988726289945, 66.97337994567977], 'radius': 12.0}, 'projected_sphere': {'center': [176.3474716181845, 106.4453115287556], 'axes': [222.17782665394446, 222.17782665394446], 'angle': 90.0}, 'model_confidence': 0.9453674778663101, 'model_id': 32, 'model_birth_timestamp': 360848.025353, 'theta': 2.2052074043810115, 'phi': -1.969431764109095, 'norm_pos': [0.43474134568789136, 0.25114841126038034], 'topic': 'pupil.1', 'id': 1, 'method': '3d c++'}"
1581495768.879374,"{'circle_3d': {'center': [-1.9755467711804282, 5.621822973191225, 58.04085386431163], 'normal': [-0.31178554112469786, 0.5905018204850183, -0.7443771734473449], 'radius': 2.8174579402363533}, 'confidence': 0.9988342120928727, 'timestamp': 360865.463737, 'diameter_3d': 5.634915880472707, 'ellipse': {'center': [139.21417958440315, 179.47336411640978], 'axes': [40.76365105083957, 60.23023222433173], 'angle': -62.88907292564627}, 'location': [139.21417958440315, 179.47336411640978], 'diameter': 60.23023222433173, 'sphere': {'center': [1.765879722315946, -1.4641988726289945, 66.97337994567977], 'radius': 12.0}, 'projected_sphere': {'center': [176.3474716181845, 106.4453115287556], 'axes': [222.17782665394446, 222.17782665394446], 'angle': 90.0}, 'model_confidence': 0.945406625909373, 'model_id': 32, 'model_birth_timestamp': 360848.025353, 'theta': 2.2024768328045443, 'phi': -1.96744997232386, 'norm_pos': [0.43504431120125986, 0.2521943161816259], 'topic': 'pupil.1', 'id': 1, 'method': '3d c++'}"
1581495768.8896809,"{'circle_3d': {'center': [-1.9568842596883547, 5.6551955974319394, 58.05961246419601], 'normal': [-0.3102303318336917, 0.5932828725050778, -0.742813956790313], 'radius': 2.8046926719699994}, 'confidence': 0.9992295746900035, 'timestamp': 360865.472137, 'diameter_3d': 5.609385343939999, 'ellipse': {'center': [139.41493826901421, 179.81497575108023], 'axes': [40.44573019883138, 59.93793525369587], 'angle': -63.12073183550177}, 'location': [139.41493826901421, 179.81497575108023], 'diameter': 59.93793525369587, 'sphere': {'center': [1.765879722315946, -1.4641988726289945, 66.97337994567977], 'radius': 12.0}, 'projected_sphere': {'center': [176.3474716181845, 106.4453115287556], 'axes': [222.17782665394446, 222.17782665394446], 'angle': 90.0}, 'model_confidence': 0.9453666604198108, 'model_id': 32, 'model_birth_timestamp': 360848.025353, 'theta': 2.2059272011381723, 'phi': -1.9664182408787887, 'norm_pos': [0.4356716820906694, 0.250770934370499], 'topic': 'pupil.1', 'id': 1, 'method': '3d c++'}"
1581495768.899339,"{'circle_3d': {'center': [-2.008561580154062, 5.6318435521683305, 58.06272482051164], 'normal': [-0.314536775205834, 0.5913368687331104, -0.7425545937640106], 'radius': 2.797438361227099}, 'confidence': 0.9989894728720238, 'timestamp': 360865.480537, 'diameter_3d': 5.594876722454198, 'ellipse': {'center': [138.8664947944764, 179.56751208442506], 'axes': [40.323742831263324, 59.77937255059788], 'angle': -62.70447041970515}, 'location': [138.8664947944764, 179.56751208442506], 'diameter': 59.77937255059788, 'sphere': {'center': [1.765879722315946, -1.4641988726289945, 66.97337994567977], 'radius': 12.0}, 'projected_sphere': {'center': [176.3474716181845, 106.4453115287556], 'axes': [222.17782665394446, 222.17782665394446], 'angle': 90.0}, 'model_confidence': 0.9452296273339988, 'model_id': 32, 'model_birth_timestamp': 360848.025353, 'theta': 2.2035119346121004, 'phi': -1.971469887416951, 'norm_pos': [0.4339577962327388, 0.25180203298156223], 'topic': 'pupil.1', 'id': 1, 'method': '3d c++'}"
1581495768.906715,"{'circle_3d': {'center': [-1.9685116267896825, 5.603643297470339, 58.023523616649086], 'normal': [-0.3111992790921357, 0.5889868475082778, -0.745821360752557], 'radius': 2.840060990688062}, 'confidence': 0.999651469024206, 'timestamp': 360865.488937, 'diameter_3d': 5.680121981376124, 'ellipse': {'center': [139.28855791592815, 179.28726170762457], 'axes': [41.213606521676454, 60.731934034693815], 'angle': -62.87604205325595}, 'location': [139.28855791592815, 179.28726170762457], 'diameter': 60.731934034693815, 'sphere': {'center': [1.765879722315946, -1.4641988726289945, 66.97337994567977], 'radius': 12.0}, 'projected_sphere': {'center': [176.3474716181845, 106.4453115287556], 'axes': [222.17782665394446, 222.17782665394446], 'angle': 90.0}, 'model_confidence': 0.9452593238357454, 'model_id': 32, 'model_birth_timestamp': 360848.025353, 'theta': 2.200600913662614, 'phi': -1.9660904561061319, 'norm_pos': [0.43527674348727546, 0.2529697428848976], 'topic': 'pupil.1', 'id': 1, 'method': '3d c++'}"
1581495768.913622,"{'circle_3d': {'center': [-1.9886016466024115, 5.5619178368866296, 57.99910818499019], 'normal': [-0.3128734474098631, 0.5855097257929687, -0.7478559800574642], 'radius': 2.8051026822310265}, 'confidence': 0.999714312383715, 'timestamp': 360865.497337, 'diameter_3d': 5.610205364462053, 'ellipse': {'center': [139.059959135732, 178.88156147990648], 'axes': [40.87818005382078, 60.00854297435242], 'angle': -62.60515852452777}, 'location': [139.059959135732, 178.88156147990648], 'diameter': 60.00854297435242, 'sphere': {'center': [1.765879722315946, -1.4641988726289945, 66.97337994567977], 'radius': 12.0}, 'projected_sphere': {'center': [176.3474716181845, 106.4453115287556], 'axes': [222.17782665394446, 222.17782665394446], 'angle': 90.0}, 'model_confidence': 0.9454369163360621, 'model_id': 32, 'model_birth_timestamp': 360848.025353, 'theta': 2.1963050164772984, 'phi': -1.9670298963300932, 'norm_pos': [0.43456237229916245, 0.25466016050038964], 'topic': 'pupil.1', 'id': 1, 'method': '3d c++'}"
1581495768.9212391,"{'circle_3d': {'center': [-2.00418242887665, 5.5562938058382905, 58.00123895661075], 'normal': [-0.3141718459327163, 0.5850410565389405, -0.7476784157557512], 'radius': 2.810634098680603}, 'confidence': 0.9998737779913122, 'timestamp': 360865.505737, 'diameter_3d': 5.621268197361206, 'ellipse': {'center': [138.89657161847165, 178.81766672532515], 'axes': [40.9453403767199, 60.12474914813464], 'angle': -62.483265642917104}, 'location': [138.89657161847165, 178.81766672532515], 'diameter': 60.12474914813464, 'sphere': {'center': [1.765879722315946, -1.4641988726289945, 66.97337994567977], 'radius': 12.0}, 'projected_sphere': {'center': [176.3474716181845, 106.4453115287556], 'axes': [222.17782665394446, 222.17782665394446], 'angle': 90.0}, 'model_confidence': 0.9454433847373878, 'model_id': 32, 'model_birth_timestamp': 360848.025353, 'theta': 2.195727007988048, 'phi': -1.9685913331019027, 'norm_pos': [0.4340517863077239, 0.2549263886444785], 'topic': 'pupil.1', 'id': 1, 'method': '3d c++'}"
1581495768.932329,"{'circle_3d': {'center': [-1.9503161708186287, 5.5226062035470616, 57.952601547372325], 'normal': [-0.3096829910945479, 0.5822337563480047, -0.7517315331922869], 'radius': 2.7965123616163723}, 'confidence': 0.9990472596370792, 'timestamp': 360865.514137, 'diameter_3d': 5.593024723232745, 'ellipse': {'center': [139.45002346184907, 178.51040538127558], 'axes': [41.07511102108556, 59.872293434517225], 'angle': -62.728902554812606}, 'location': [139.45002346184907, 178.51040538127558], 'diameter': 59.872293434517225, 'sphere': {'center': [1.765879722315946, -1.4641988726289945, 66.97337994567977], 'radius': 12.0}, 'projected_sphere': {'center': [176.3474716181845, 106.4453115287556], 'axes': [222.17782665394446, 222.17782665394446], 'angle': 90.0}, 'model_confidence': 0.9453421568640152, 'model_id': 32, 'model_birth_timestamp': 360848.025353, 'theta': 2.192269798641993, 'phi': -1.9615699644637519, 'norm_pos': [0.43578132331827835, 0.2562066442446851], 'topic': 'pupil.1', 'id': 1, 'method': '3d c++'}"
1581495768.937954,"{'circle_3d': {'center': [-2.006723511464494, 5.530235034914631, 57.98197520818333], 'normal': [-0.31438360281503663, 0.5828694922953022, -0.7492837281247031], 'radius': 2.76871915826173}, 'confidence': 0.999181335156385, 'timestamp': 360865.522537, 'diameter_3d': 5.53743831652346, 'ellipse': {'center': [138.85402195302225, 178.575840171921], 'axes': [40.46715369889763, 59.246688860638464], 'angle': -62.37908594996261}, 'location': [138.85402195302225, 178.575840171921], 'diameter': 59.246688860638464, 'sphere': {'center': [1.765879722315946, -1.4641988726289945, 66.97337994567977], 'radius': 12.0}, 'projected_sphere': {'center': [176.3474716181845, 106.4453115287556], 'axes': [222.17782665394446, 222.17782665394446], 'angle': 90.0}, 'model_confidence': 0.9452258088324061, 'model_id': 32, 'model_birth_timestamp': 360848.025353, 'theta': 2.1930519601984546, 'phi': -1.968066263069899, 'norm_pos': [0.43391881860319453, 0.25593399928366256], 'topic': 'pupil.1', 'id': 1, 'method': '3d c++'}"
1581495768.94575,"{'circle_3d': {'center': [-1.9452840041206014, 5.566607620811445, 57.98477472310061], 'normal': [-0.3092636438697123, 0.5859005411200366, -0.74905043521493], 'radius': 2.7810362630877856}, 'confidence': 0.9990218442615871, 'timestamp': 360865.530937, 'diameter_3d': 5.562072526175571, 'ellipse': {'center': [139.50981910284878, 178.95435397412888], 'axes': [40.622716142182874, 59.507910594212774], 'angle': -62.90834586271324}, 'location': [139.50981910284878, 178.95435397412888], 'diameter': 59.507910594212774, 'sphere': {'center': [1.765879722315946, -1.4641988726289945, 66.97337994567977], 'radius': 12.0}, 'projected_sphere': {'center': [176.3474716181845, 106.4453115287556], 'axes': [222.17782665394446, 222.17782665394446], 'angle': 90.0}, 'model_confidence': 0.9450188020699968, 'model_id': 32, 'model_birth_timestamp': 360848.025353, 'theta': 2.1967871924955755, 'phi': -1.9623517010374951, 'norm_pos': [0.4359681846964024, 0.25435685844112965], 'topic': 'pupil.1', 'id': 1, 'method': '3d c++'}"
1581495768.953387,"{'circle_3d': {'center': [-1.9832745854658087, 5.52830437454789, 57.9706725576402], 'normal': [-0.31242952564847953, 0.582708603931407, -0.7502256156699642], 'radius': 2.8115481782194043}, 'confidence': 0.9996632152783128, 'timestamp': 360865.539337, 'diameter_3d': 5.623096356438809, 'ellipse': {'center': [139.1091011447416, 178.54822581699386], 'axes': [41.17195258951106, 60.17581886742554], 'angle': -62.52832823267882}, 'location': [139.1091011447416, 178.54822581699386], 'diameter': 60.17581886742554, 'sphere': {'center': [1.765879722315946, -1.4641988726289945, 66.97337994567977], 'radius': 12.0}, 'projected_sphere': {'center': [176.3474716181845, 106.4453115287556], 'axes': [222.17782665394446, 222.17782665394446], 'angle': 90.0}, 'model_confidence': 0.9450808127001498, 'model_id': 32, 'model_birth_timestamp': 360848.025353, 'theta': 2.1928539738395867, 'phi': -1.9654006222985796, 'norm_pos': [0.4347159410773175, 0.25604905909585896], 'topic': 'pupil.1', 'id': 1, 'method': '3d c++'}"
1581495768.961442,"{'circle_3d': {'center': [-1.9999973700206233, 5.552106137600777, 57.9962070204856], 'normal': [-0.31382309102804745, 0.5846920841858143, -0.7480977437661809], 'radius': 2.8415352664006384}, 'confidence': 0.999808456237931, 'timestamp': 360865.547737, 'diameter_3d': 5.683070532801277, 'ellipse': {'center': [138.9464797047293, 178.76509580666806], 'axes': [41.43184817117684, 60.791720136584594], 'angle': -62.49701178513243}, 'location': [138.9464797047293, 178.76509580666806], 'diameter': 60.791720136584594, 'sphere': {'center': [1.765879722315946, -1.4641988726289945, 66.97337994567977], 'radius': 12.0}, 'projected_sphere': {'center': [176.3474716181845, 106.4453115287556], 'axes': [222.17782665394446, 222.17782665394446], 'angle': 90.0}, 'model_confidence': 0.9453919521405174, 'model_id': 32, 'model_birth_timestamp': 360848.025353, 'theta': 2.1952967778555017, 'phi': -1.9679947696728655, 'norm_pos': [0.4342077490772791, 0.25514543413888313], 'topic': 'pupil.1', 'id': 1, 'method': '3d c++'}"
1581495768.97329,"{'circle_3d': {'center': [-2.002226729223972, 5.568502287663323, 58.00998281290213], 'normal': [-0.3140088709616598, 0.5860584300243598, -0.7469497610648029], 'radius': 2.810159449699105}, 'confidence': 0.9994627304685232, 'timestamp': 360865.556137, 'diameter_3d': 5.62031889939821, 'ellipse': {'center': [138.9199585081912, 178.93935551176548], 'axes': [40.876811554445695, 60.10561582989797], 'angle': -62.536899074750444}, 'location': [138.9199585081912, 178.93935551176548], 'diameter': 60.10561582989797, 'sphere': {'center': [1.765879722315946, -1.4641988726289945, 66.97337994567977], 'radius': 12.0}, 'projected_sphere': {'center': [176.3474716181845, 106.4453115287556], 'axes': [222.17782665394446, 222.17782665394446], 'angle': 90.0}, 'model_confidence': 0.9452509000233866, 'model_id': 32, 'model_birth_timestamp': 360848.025353, 'theta': 2.196982038677311, 'phi': -1.9687542685388284, 'norm_pos': [0.4341248703380975, 0.25441935203431043], 'topic': 'pupil.1', 'id': 1, 'method': '3d c++'}"
1581495768.982854,"{'circle_3d': {'center': [-2.007133199254403, 5.588505677856147, 58.02778147396032], 'normal': [-0.3144177434641957, 0.5877253792070951, -0.7454665393099542], 'radius': 2.8525802659992525}, 'confidence': 0.9989609255102846, 'timestamp': 360865.564537, 'diameter_3d': 5.705160531998505, 'ellipse': {'center': [138.88321916463914, 179.1176244285438], 'axes': [41.36878378708528, 60.99534985036654], 'angle': -62.570988275710754}, 'location': [138.88321916463914, 179.1176244285438], 'diameter': 60.99534985036654, 'sphere': {'center': [1.765879722315946, -1.4641988726289945, 66.97337994567977], 'radius': 12.0}, 'projected_sphere': {'center': [176.3474716181845, 106.4453115287556], 'axes': [222.17782665394446, 222.17782665394446], 'angle': 90.0}, 'model_confidence': 0.944999737066643, 'model_id': 32, 'model_birth_timestamp': 360848.025353, 'theta': 2.1990408522987916, 'phi': -1.969930600743052, 'norm_pos': [0.4340100598894973, 0.2536765648810675], 'topic': 'pupil.1', 'id': 1, 'method': '3d c++'}"
1581495768.9890308,"{'circle_3d': {'center': [-1.9940405811934443, 5.579138046499638, 58.01489768834971], 'normal': [-0.31332669195911583, 0.5869447432607194, -0.746540188110838], 'radius': 2.8034836188885466}, 'confidence': 0.9994934439641308, 'timestamp': 360865.572937, 'diameter_3d': 5.606967237777093, 'ellipse': {'center': [139.00682266034423, 179.0503949153096], 'axes': [40.7443554747422, 59.95767922224679], 'angle': -62.62633857413548}, 'location': [139.00682266034423, 179.0503949153096], 'diameter': 59.95767922224679, 'sphere': {'center': [1.765879722315946, -1.4641988726289945, 66.97337994567977], 'radius': 12.0}, 'projected_sphere': {'center': [176.3474716181845, 106.4453115287556], 'axes': [222.17782665394446, 222.17782665394446], 'angle': 90.0}, 'model_confidence': 0.9448711175181757, 'model_id': 32, 'model_birth_timestamp': 360848.025353, 'theta': 2.1980763228349596, 'phi': -1.9681735750470786, 'norm_pos': [0.4343963208135757, 0.25395668785287673], 'topic': 'pupil.1', 'id': 1, 'method': '3d c++'}"
1581495768.997611,"{'circle_3d': {'center': [-2.0216219620162335, 5.600274859887934, 58.04320403062864], 'normal': [-0.3156251403610149, 0.5887061443764107, -0.7441813262542607], 'radius': 2.7781880086528448}, 'confidence': 0.9987403140526295, 'timestamp': 360865.581337, 'diameter_3d': 5.5563760173056895, 'ellipse': {'center': [138.71751657782278, 179.25873722383977], 'axes': [40.1820214560389, 59.387317249055066], 'angle': -62.51449753928206}, 'location': [138.71751657782278, 179.25873722383977], 'diameter': 59.387317249055066, 'sphere': {'center': [1.765879722315946, -1.4641988726289945, 66.97337994567977], 'radius': 12.0}, 'projected_sphere': {'center': [176.3474716181845, 106.4453115287556], 'axes': [222.17782665394446, 222.17782665394446], 'angle': 90.0}, 'model_confidence': 0.9445271649747067, 'model_id': 32, 'model_birth_timestamp': 360848.025353, 'theta': 2.2002536140525994, 'phi': -1.9719247371409487, 'norm_pos': [0.4334922393056962, 0.2530885949006676], 'topic': 'pupil.1', 'id': 1, 'method': '3d c++'}"
1581495769.007156,"{'circle_3d': {'center': [-2.0402307621687203, 5.577156626872469, 58.032863422036606], 'normal': [-0.3171758737070555, 0.5867796249584553, -0.7450430436369302], 'radius': 2.807586318602018}, 'confidence': 0.9994340619395566, 'timestamp': 360865.589736, 'diameter_3d': 5.615172637204036, 'ellipse': {'center': [138.52354178311566, 179.01116609872537], 'axes': [40.68216185244348, 60.02692187227091], 'angle': -62.3152003396428}, 'location': [138.52354178311566, 179.01116609872537], 'diameter': 60.02692187227091, 'sphere': {'center': [1.765879722315946, -1.4641988726289945, 66.97337994567977], 'radius': 12.0}, 'projected_sphere': {'center': [176.3474716181845, 106.4453115287556], 'axes': [222.17782665394446, 222.17782665394446], 'angle': 90.0}, 'model_confidence': 0.9445733628643538, 'model_id': 32, 'model_birth_timestamp': 360848.025353, 'theta': 2.1978723942355347, 'phi': -1.9732722870280357, 'norm_pos': [0.43288606807223645, 0.254120141255311], 'topic': 'pupil.1', 'id': 1, 'method': '3d c++'}"
1581495769.0133278,"{'circle_3d': {'center': [-2.029038248113644, 5.621949442894827, 58.06354831718591], 'normal': [-0.31624316420246584, 0.5905123596269851, -0.7424859690411546], 'radius': 2.857019948287178}, 'confidence': 0.999176550369469, 'timestamp': 360865.598136, 'diameter_3d': 5.714039896574356, 'ellipse': {'center': [138.6633078290647, 179.4373448986462], 'axes': [41.18038926449443, 61.05302460606602], 'angle': -62.537550717977666}, 'location': [138.6633078290647, 179.4373448986462], 'diameter': 61.05302460606602, 'sphere': {'center': [1.765879722315946, -1.4641988726289945, 66.97337994567977], 'radius': 12.0}, 'projected_sphere': {'center': [176.3474716181845, 106.4453115287556], 'axes': [222.17782665394446, 222.17782665394446], 'angle': 90.0}, 'model_confidence': 0.9443903930623887, 'model_id': 32, 'model_birth_timestamp': 360848.025353, 'theta': 2.202489891934889, 'phi': -1.973450000335475, 'norm_pos': [0.4333228369658272, 0.25234439625564087], 'topic': 'pupil.1', 'id': 1, 'method': '3d c++'}"
1581495769.0211132,"{'circle_3d': {'center': [-2.0497188853736823, 5.616842026877253, 58.0683214369154], 'normal': [-0.3179665506408023, 0.5900867416255207, -0.7420882090636975], 'radius': 2.825169815595275}, 'confidence': 0.9993623174382328, 'timestamp': 360865.606536, 'diameter_3d': 5.65033963119055, 'ellipse': {'center': [138.43834933447806, 179.3919774373075], 'axes': [40.688543514958965, 60.36668075857731], 'angle': -62.38511248073656}, 'location': [138.43834933447806, 179.3919774373075], 'diameter': 60.36668075857731, 'sphere': {'center': [1.765879722315946, -1.4641988726289945, 66.97337994567977], 'radius': 12.0}, 'projected_sphere': {'center': [176.3474716181845, 106.4453115287556], 'axes': [222.17782665394446, 222.17782665394446], 'angle': 90.0}, 'model_confidence': 0.9443103536927677, 'model_id': 32, 'model_birth_timestamp': 360848.025353, 'theta': 2.2019626046328136, 'phi': -1.975606992267429, 'norm_pos': [0.4326198416702439, 0.2525334273445521], 'topic': 'pupil.1', 'id': 1, 'method': '3d c++'}"
1581495769.029813,"{'circle_3d': {'center': [-2.0505189110003768, 5.610972580702288, 58.0640000358551], 'normal': [-0.31803321944302687, 0.5895976211109403, -0.7424483258187223], 'radius': 2.8005104550031774}, 'confidence': 0.9982251115441547, 'timestamp': 360865.614936, 'diameter_3d': 5.601020910006355, 'ellipse': {'center': [138.4228522570241, 179.3438478458222], 'axes': [40.362865531508206, 59.84362899118651], 'angle': -62.36036917179416}, 'location': [138.4228522570241, 179.3438478458222], 'diameter': 59.84362899118651, 'sphere': {'center': [1.765879722315946, -1.4641988726289945, 66.97337994567977], 'radius': 12.0}, 'projected_sphere': {'center': [176.3474716181845, 106.4453115287556], 'axes': [222.17782665394446, 222.17782665394446], 'angle': 90.0}, 'model_confidence': 0.9441360989159042, 'model_id': 32, 'model_birth_timestamp': 360848.025353, 'theta': 2.2013568965201715, 'phi': -1.9755072647119163, 'norm_pos': [0.43257141330320026, 0.25273396730907416], 'topic': 'pupil.1', 'id': 1, 'method': '3d c++'}"
1581495769.037102,"{'circle_3d': {'center': [-2.043674360042277, 5.63313120259789, 58.07870718627666], 'normal': [-0.3174628401965186, 0.5914441729355737, -0.7412227299502591], 'radius': 2.8029680584850882}, 'confidence': 0.9985853224789933, 'timestamp': 360865.623336, 'diameter_3d': 5.6059361169701765, 'ellipse': {'center': [138.50067744388264, 179.56406164136538], 'axes': [40.29510765173192, 59.881197185927796], 'angle': -62.47853564456859}, 'location': [138.50067744388264, 179.56406164136538], 'diameter': 59.881197185927796, 'sphere': {'center': [1.765879722315946, -1.4641988726289945, 66.97337994567977], 'radius': 12.0}, 'projected_sphere': {'center': [176.3474716181845, 106.4453115287556], 'axes': [222.17782665394446, 222.17782665394446], 'angle': 90.0}, 'model_confidence': 0.9437949608107288, 'model_id': 32, 'model_birth_timestamp': 360848.025353, 'theta': 2.203645002765359, 'phi': -1.9754555254509376, 'norm_pos': [0.43281461701213325, 0.2518164098276442], 'topic': 'pupil.1', 'id': 1, 'method': '3d c++'}"
1581495769.04555,"{'circle_3d': {'center': [-2.0819519702115254, 5.579715786736358, 58.05276015008489], 'normal': [-0.32065264104395597, 0.586992888280446, -0.7433849829662392], 'radius': 2.8099116095314}, 'confidence': 0.9986504110309077, 'timestamp': 360865.631736, 'diameter_3d': 5.6198232190628, 'ellipse': {'center': [138.08815334552412, 179.0190524542008], 'axes': [40.58006678313836, 60.0561319309219], 'angle': -62.05016954463064}, 'location': [138.08815334552412, 179.0190524542008], 'diameter': 60.0561319309219, 'sphere': {'center': [1.765879722315946, -1.4641988726289945, 66.97337994567977], 'radius': 12.0}, 'projected_sphere': {'center': [176.3474716181845, 106.4453115287556], 'axes': [222.17782665394446, 222.17782665394446], 'angle': 90.0}, 'model_confidence': 0.9434590521879116, 'model_id': 32, 'model_birth_timestamp': 360848.025353, 'theta': 2.19813578979686, 'phi': -1.9780258237184576, 'norm_pos': [0.43152547920476286, 0.25408728144083004], 'topic': 'pupil.1', 'id': 1, 'method': '3d c++'}"
1581495769.057475,"{'circle_3d': {'center': [-2.0616430557388625, 5.607889334760047, 58.06632444061074], 'normal': [-0.31896023150456737, 0.5893406839490868, -0.7422546254224189], 'radius': 2.7835989211225147}, 'confidence': 0.9990359118644896, 'timestamp': 360865.640136, 'diameter_3d': 5.5671978422450294, 'ellipse': {'center': [138.3018501760934, 179.3158743386], 'axes': [40.10345559758473, 59.47947395000871], 'angle': -62.27729229188101}, 'location': [138.3018501760934, 179.3158743386], 'diameter': 59.47947395000871, 'sphere': {'center': [1.765879722315946, -1.4641988726289945, 66.97337994567977], 'radius': 12.0}, 'projected_sphere': {'center': [176.3474716181845, 106.4453115287556], 'axes': [222.17782665394446, 222.17782665394446], 'angle': 90.0}, 'model_confidence': 0.9432404912523618, 'model_id': 32, 'model_birth_timestamp': 360848.025353, 'theta': 2.201038822661471, 'phi': -1.9766564323804947, 'norm_pos': [0.43219328180029193, 0.2528505235891667], 'topic': 'pupil.1', 'id': 1, 'method': '3d c++'}"
1581495769.0672362,"{'circle_3d': {'center': [-2.0866438769746303, 5.617672257737297, 58.08489507986638], 'normal': [-0.3210436332742147, 0.5901559275305243, -0.7407070721511158], 'radius': 2.7996401968506053}, 'confidence': 0.9992702488243875, 'timestamp': 360865.648536, 'diameter_3d': 5.599280393701211, 'ellipse': {'center': [138.04659352469315, 179.3958644765273], 'axes': [40.20775488402755, 59.80355343891604], 'angle': -62.146694718170224}, 'location': [138.04659352469315, 179.3958644765273], 'diameter': 59.80355343891604, 'sphere': {'center': [1.765879722315946, -1.4641988726289945, 66.97337994567977], 'radius': 12.0}, 'projected_sphere': {'center': [176.3474716181845, 106.4453115287556], 'axes': [222.17782665394446, 222.17782665394446], 'angle': 90.0}, 'model_confidence': 0.9431845295344354, 'model_id': 32, 'model_birth_timestamp': 360848.025353, 'theta': 2.2020483034519187, 'phi': -1.9797843632832879, 'norm_pos': [0.4313956047646661, 0.2525172313478029], 'topic': 'pupil.1', 'id': 1, 'method': '3d c++'}"
1581495769.0757551,"{'circle_3d': {'center': [-2.0926944340336995, 5.611108682601834, 58.08229292108912], 'normal': [-0.32154784636247047, 0.5896089629359024, -0.7409239187158874], 'radius': 2.8290274070547974}, 'confidence': 0.9998179450609397, 'timestamp': 360865.656936, 'diameter_3d': 5.658054814109595, 'ellipse': {'center': [137.98838708338613, 179.31674083621104], 'axes': [40.64954872105359, 60.43462738357298], 'angle': -62.08537236551799}, 'location': [137.98838708338613, 179.31674083621104], 'diameter': 60.43462738357298, 'sphere': {'center': [1.765879722315946, -1.4641988726289945, 66.97337994567977], 'radius': 12.0}, 'projected_sphere': {'center': [176.3474716181845, 106.4453115287556], 'axes': [222.17782665394446, 222.17782665394446], 'angle': 90.0}, 'model_confidence': 0.9431363959987227, 'model_id': 32, 'model_birth_timestamp': 360848.025353, 'theta': 2.201370938767873, 'phi': -1.9802503740798885, 'norm_pos': [0.43121370963558164, 0.252846913182454], 'topic': 'pupil.1', 'id': 1, 'method': '3d c++'}"
1581495769.081534,"{'circle_3d': {'center': [-2.1229019426703726, 5.611963154815829, 58.09614455827372], 'normal': [-0.32406513874885984, 0.5896801689537353, -0.7397696156171706], 'radius': 2.834590115955361}, 'confidence': 0.9996513090240566, 'timestamp': 360865.665336, 'diameter_3d': 5.669180231910722, 'ellipse': {'center': [137.67424256434523, 179.3107382806058], 'axes': [40.63458793113895, 60.53917066910327], 'angle': -61.89180677286611}, 'location': [137.67424256434523, 179.3107382806058], 'diameter': 60.53917066910327, 'sphere': {'center': [1.765879722315946, -1.4641988726289945, 66.97337994567977], 'radius': 12.0}, 'projected_sphere': {'center': [176.3474716181845, 106.4453115287556], 'axes': [222.17782665394446, 222.17782665394446], 'angle': 90.0}, 'model_confidence': 0.9430646283144162, 'model_id': 32, 'model_birth_timestamp': 360848.025353, 'theta': 2.2014591018145375, 'phi': -1.983678588227144, 'norm_pos': [0.43023200801357886, 0.25287192383080925], 'topic': 'pupil.1', 'id': 1, 'method': '3d c++'}"
1581495769.088806,"{'circle_3d': {'center': [-2.1241786169793526, 5.599332831652209, 58.086650177115104], 'normal': [-0.3241715282746082, 0.5886276420234337, -0.7405608140470554], 'radius': 2.7701803482614795}, 'confidence': 0.9982493669870477, 'timestamp': 360865.673736, 'diameter_3d': 5.540360696522959, 'ellipse': {'center': [137.64269869143016, 179.21177164883483], 'axes': [39.77485556125861, 59.171696951107535], 'angle': -61.84093974474891}, 'location': [137.64269869143016, 179.21177164883483], 'diameter': 59.171696951107535, 'sphere': {'center': [1.765879722315946, -1.4641988726289945, 66.97337994567977], 'radius': 12.0}, 'projected_sphere': {'center': [176.3474716181845, 106.4453115287556], 'axes': [222.17782665394446, 222.17782665394446], 'angle': 90.0}, 'model_confidence': 0.9427917307444189, 'model_id': 32, 'model_birth_timestamp': 360848.025353, 'theta': 2.2001565028305947, 'phi': -1.9834064226876806, 'norm_pos': [0.43013343341071925, 0.25328428479652154], 'topic': 'pupil.1', 'id': 1, 'method': '3d c++'}"
1581495769.1036422,"{'circle_3d': {'center': [-2.1164401151802767, 5.605584703389313, 58.088237692027036], 'normal': [-0.3235266531246852, 0.589148631334859, -0.7404285211377275], 'radius': 2.8259547145195665}, 'confidence': 0.9994393514287285, 'timestamp': 360865.682136, 'diameter_3d': 5.651909429039133, 'ellipse': {'center': [137.73805955825165, 179.25399155733143], 'axes': [40.56554862493067, 60.36270731361226], 'angle': -61.91232626518133}, 'location': [137.73805955825165, 179.25399155733143], 'diameter': 60.36270731361226, 'sphere': {'center': [1.765879722315946, -1.4641988726289945, 66.97337994567977], 'radius': 12.0}, 'projected_sphere': {'center': [176.3474716181845, 106.4453115287556], 'axes': [222.17782665394446, 222.17782665394446], 'angle': 90.0}, 'model_confidence': 0.9427916365984834, 'model_id': 32, 'model_birth_timestamp': 360848.025353, 'theta': 2.2008011204427844, 'phi': -1.9827409655005934, 'norm_pos': [0.4304314361195364, 0.25310836851111906], 'topic': 'pupil.1', 'id': 1, 'method': '3d c++'}"
1581495769.106304,"{'circle_3d': {'center': [-2.112066807647617, 5.6217785717950255, 58.09923467033873], 'normal': [-0.3231622108302969, 0.5904981203686683, -0.7395121062784195], 'radius': 2.846421447018579}, 'confidence': 0.9990558741281752, 'timestamp': 360865.690536, 'diameter_3d': 5.692842894037158, 'ellipse': {'center': [137.79278750958736, 179.4069927380748], 'axes': [40.78175561044075, 60.78896787010159], 'angle': -61.99508411283429}, 'location': [137.79278750958736, 179.4069927380748], 'diameter': 60.78896787010159, 'sphere': {'center': [1.765879722315946, -1.4641988726289945, 66.97337994567977], 'radius': 12.0}, 'projected_sphere': {'center': [176.3474716181845, 106.4453115287556], 'axes': [222.17782665394446, 222.17782665394446], 'angle': 90.0}, 'model_confidence': 0.9425487007233446, 'model_id': 32, 'model_birth_timestamp': 360848.025353, 'theta': 2.202472247992047, 'phi': -1.982781819448013, 'norm_pos': [0.43060246096746047, 0.25247086359135507], 'topic': 'pupil.1', 'id': 1, 'method': '3d c++'}"
1581495769.114092,"{'circle_3d': {'center': [-2.156520367894947, 5.5923367534427495, 58.095312448172564], 'normal': [-0.3268666741842411, 0.5880446355059786, -0.7398389581256004], 'radius': 2.829677280200918}, 'confidence': 0.9997642875734841, 'timestamp': 360865.698936, 'diameter_3d': 5.659354560401836, 'ellipse': {'center': [137.3167088288531, 179.1056177850196], 'axes': [40.57273706657319, 60.434865405198195], 'angle': -61.60757058626538}, 'location': [137.3167088288531, 179.1056177850196], 'diameter': 60.434865405198195, 'sphere': {'center': [1.765879722315946, -1.4641988726289945, 66.97337994567977], 'radius': 12.0}, 'projected_sphere': {'center': [176.3474716181845, 106.4453115287556], 'axes': [222.17782665394446, 222.17782665394446], 'angle': 90.0}, 'model_confidence': 0.9424861560783926, 'model_id': 32, 'model_birth_timestamp': 360848.025353, 'theta': 2.199435510153332, 'phi': -1.9868168278212461, 'norm_pos': [0.42911471509016597, 0.25372659256241836], 'topic': 'pupil.1', 'id': 1, 'method': '3d c++'}"
1581495769.121387,"{'circle_3d': {'center': [-2.1359467939255987, 5.610640238213627, 58.100815412646156], 'normal': [-0.32515220968679537, 0.5895699259035517, -0.739380377752801], 'radius': 2.8176294241521593}, 'confidence': 0.9991345848857256, 'timestamp': 360865.707336, 'diameter_3d': 5.635258848304319, 'ellipse': {'center': [137.53368186071955, 179.29933964364545], 'axes': [40.3593266086786, 60.171707027509136], 'angle': -61.80273138506446}, 'location': [137.53368186071955, 179.29933964364545], 'diameter': 60.171707027509136, 'sphere': {'center': [1.765879722315946, -1.4641988726289945, 66.97337994567977], 'radius': 12.0}, 'projected_sphere': {'center': [176.3474716181845, 106.4453115287556], 'axes': [222.17782665394446, 222.17782665394446], 'angle': 90.0}, 'model_confidence': 0.9423688774523709, 'model_id': 32, 'model_birth_timestamp': 360848.025353, 'theta': 2.201322607849394, 'phi': -1.985104711892311, 'norm_pos': [0.42979275581474863, 0.2529194181514772], 'topic': 'pupil.1', 'id': 1, 'method': '3d c++'}"
1581495769.129411,"{'circle_3d': {'center': [-2.1392052686059646, 5.560204384312986, 58.06225935971869], 'normal': [-0.32542374924349254, 0.5853669380784984, -0.7425933821634232], 'radius': 2.8265297453928366}, 'confidence': 0.9998619113139932, 'timestamp': 360865.715736, 'diameter_3d': 5.653059490785673, 'ellipse': {'center': [137.48829143506748, 178.79674549245934], 'axes': [40.75856452350571, 60.40168075619136], 'angle': -61.61060131346226}, 'location': [137.48829143506748, 178.79674549245934], 'diameter': 60.40168075619136, 'sphere': {'center': [1.765879722315946, -1.4641988726289945, 66.97337994567977], 'radius': 12.0}, 'projected_sphere': {'center': [176.3474716181845, 106.4453115287556], 'axes': [222.17782665394446, 222.17782665394446], 'angle': 90.0}, 'model_confidence': 0.9424457687501109, 'model_id': 32, 'model_birth_timestamp': 360848.025353, 'theta': 2.196128891238506, 'phi': -1.9838159944126106, 'norm_pos': [0.4296509107345859, 0.2550135604480861], 'topic': 'pupil.1', 'id': 1, 'method': '3d c++'}"
1581495769.1424289,"{'circle_3d': {'center': [-2.1427037196160743, 5.596382397250636, 58.09243587374238], 'normal': [-0.32571528682766837, 0.5883817724899693, -0.7400786726614488], 'radius': 2.8250884249378134}, 'confidence': 0.9993659609489555, 'timestamp': 360865.724136, 'diameter_3d': 5.650176849875627, 'ellipse': {'center': [137.46102714656408, 179.15299058767695], 'axes': [40.52583277264074, 60.339765068371726], 'angle': -61.71079697874743}, 'location': [137.46102714656408, 179.15299058767695], 'diameter': 60.339765068371726, 'sphere': {'center': [1.765879722315946, -1.4641988726289945, 66.97337994567977], 'radius': 12.0}, 'projected_sphere': {'center': [176.3474716181845, 106.4453115287556], 'axes': [222.17782665394446, 222.17782665394446], 'angle': 90.0}, 'model_confidence': 0.9422864125944286, 'model_id': 32, 'model_birth_timestamp': 360848.025353, 'theta': 2.1998523946992052, 'phi': -1.9853945206679071, 'norm_pos': [0.42956570983301273, 0.2535292058846793], 'topic': 'pupil.1', 'id': 1, 'method': '3d c++'}"
1581495769.1495008,"{'circle_3d': {'center': [-2.1248139792942142, 5.561599875662954, 58.05706599490671], 'normal': [-0.32422447513418, 0.585483229024329, -0.7430261625644218], 'radius': 2.8038822215545656}, 'confidence': 0.9990772816692056, 'timestamp': 360865.732536, 'diameter_3d': 5.607764443109131, 'ellipse': {'center': [137.6338087090056, 178.82550476658747], 'axes': [40.46636777775688, 59.92256800834381], 'angle': -61.709037763446794}, 'location': [137.6338087090056, 178.82550476658747], 'diameter': 59.92256800834381, 'sphere': {'center': [1.765879722315946, -1.4641988726289945, 66.97337994567977], 'radius': 12.0}, 'projected_sphere': {'center': [176.3474716181845, 106.4453115287556], 'axes': [222.17782665394446, 222.17782665394446], 'angle': 90.0}, 'model_confidence': 0.9421404080773077, 'model_id': 32, 'model_birth_timestamp': 360848.025353, 'theta': 2.1962723316525916, 'phi': -1.9822467781889468, 'norm_pos': [0.43010565221564245, 0.2548937301392189], 'topic': 'pupil.1', 'id': 1, 'method': '3d c++'}"
1581495769.157969,"{'circle_3d': {'center': [-2.162716832263764, 5.608153138092057, 58.110650899398685], 'normal': [-0.3273830462149758, 0.5893626675600876, -0.7385607538567567], 'radius': 2.848640800947138}, 'confidence': 0.9993894212775714, 'timestamp': 360865.740936, 'diameter_3d': 5.697281601894276, 'ellipse': {'center': [137.26073202182786, 179.25126737864488], 'axes': [40.737168783496635, 60.824386826785855], 'angle': -61.62112656822141}, 'location': [137.26073202182786, 179.25126737864488], 'diameter': 60.824386826785855, 'sphere': {'center': [1.765879722315946, -1.4641988726289945, 66.97337994567977], 'radius': 12.0}, 'projected_sphere': {'center': [176.3474716181845, 106.4453115287556], 'axes': [222.17782665394446, 222.17782665394446], 'angle': 90.0}, 'model_confidence': 0.9419884252299893, 'model_id': 32, 'model_birth_timestamp': 360848.025353, 'theta': 2.2010660342566304, 'phi': -1.98804088893543, 'norm_pos': [0.42893978756821205, 0.25311971925564636], 'topic': 'pupil.1', 'id': 1, 'method': '3d c++'}"
1581495769.1649978,"{'circle_3d': {'center': [-2.1434834274111054, 5.61347937191967, 58.10639903726462], 'normal': [-0.3257802624772543, 0.5898065203790553, -0.7389150757012624], 'radius': 2.856410990059832}, 'confidence': 0.9994046157818901, 'timestamp': 360865.749336, 'diameter_3d': 5.712821980119664, 'ellipse': {'center': [137.46479921481586, 179.30838542173188], 'axes': [40.87705068505643, 60.994971747374], 'angle': -61.76351757301212}, 'location': [137.46479921481586, 179.30838542173188], 'diameter': 60.994971747374, 'sphere': {'center': [1.765879722315946, -1.4641988726289945, 66.97337994567977], 'radius': 12.0}, 'projected_sphere': {'center': [176.3474716181845, 106.4453115287556], 'axes': [222.17782665394446, 222.17782665394446], 'angle': 90.0}, 'model_confidence': 0.9418485663446607, 'model_id': 32, 'model_birth_timestamp': 360848.025353, 'theta': 2.201615556589138, 'phi': -1.9860485941733013, 'norm_pos': [0.42957749754629954, 0.2528817274094505], 'topic': 'pupil.1', 'id': 1, 'method': '3d c++'}"
1581495769.172713,"{'circle_3d': {'center': [-2.1522112049906434, 5.629516750467891, 58.123082654402545], 'normal': [-0.32650757727554913, 0.5911429685914071, -0.7375247742731018], 'radius': 2.825183067517806}, 'confidence': 0.9991274433708568, 'timestamp': 360865.757736, 'diameter_3d': 5.650366135035612, 'ellipse': {'center': [137.37068245679228, 179.47560326392164], 'axes': [40.312871482380956, 60.310229518061604], 'angle': -61.761048149345925}, 'location': [137.37068245679228, 179.47560326392164], 'diameter': 60.310229518061604, 'sphere': {'center': [1.765879722315946, -1.4641988726289945, 66.97337994567977], 'radius': 12.0}, 'projected_sphere': {'center': [176.3474716181845, 106.4453115287556], 'axes': [222.17782665394446, 222.17782665394446], 'angle': 90.0}, 'model_confidence': 0.9417113526758669, 'model_id': 32, 'model_birth_timestamp': 360848.025353, 'theta': 2.2032715115865393, 'phi': -1.9875690889461297, 'norm_pos': [0.4292833826774759, 0.2521849864003265], 'topic': 'pupil.1', 'id': 1, 'method': '3d c++'}"
1581495769.1814332,"{'circle_3d': {'center': [-2.1540765780078726, 5.670277850072001, 58.15673747267513], 'normal': [-0.32666302502698485, 0.5945397268917496, -0.7347202060837195], 'radius': 2.87136378143513}, 'confidence': 0.9992595610101669, 'timestamp': 360865.766136, 'diameter_3d': 5.74272756287026, 'ellipse': {'center': [137.37307504613136, 179.85691041889606], 'axes': [40.73379285921279, 61.262009708250154], 'angle': -61.88549517657752}, 'location': [137.37307504613136, 179.85691041889606], 'diameter': 61.262009708250154, 'sphere': {'center': [1.765879722315946, -1.4641988726289945, 66.97337994567977], 'radius': 12.0}, 'projected_sphere': {'center': [176.3474716181845, 106.4453115287556], 'axes': [222.17782665394446, 222.17782665394446], 'angle': 90.0}, 'model_confidence': 0.9416841265764808, 'model_id': 32, 'model_birth_timestamp': 360848.025353, 'theta': 2.207489422436196, 'phi': -1.9891578432063428, 'norm_pos': [0.4292908595191605, 0.250596206587933], 'topic': 'pupil.1', 'id': 1, 'method': '3d c++'}"
1581495769.189481,"{'circle_3d': {'center': [-2.129249614846719, 5.656160644239023, 58.134350146130394], 'normal': [-0.3245941114302221, 0.5933632930723348, -0.7365858166291143], 'radius': 2.827913729171223}, 'confidence': 0.9985803330987192, 'timestamp': 360865.774536, 'diameter_3d': 5.655827458342446, 'ellipse': {'center': [137.61820009958262, 179.7461347791584], 'axes': [40.27087746472664, 60.357076909977835], 'angle': -61.99853259033834}, 'location': [137.61820009958262, 179.7461347791584], 'diameter': 60.357076909977835, 'sphere': {'center': [1.765879722315946, -1.4641988726289945, 66.97337994567977], 'radius': 12.0}, 'projected_sphere': {'center': [176.3474716181845, 106.4453115287556], 'axes': [222.17782665394446, 222.17782665394446], 'angle': 90.0}, 'model_confidence': 0.9413294340110623, 'model_id': 32, 'model_birth_timestamp': 360848.025353, 'theta': 2.206027106879625, 'phi': -1.9858676180074095, 'norm_pos': [0.4300568753111957, 0.25105777175350663], 'topic': 'pupil.1', 'id': 1, 'method': '3d c++'}"
1581495769.197243,"{'circle_3d': {'center': [-2.1318029266905043, 5.711198751879071, 58.180101893790464], 'normal': [-0.32480688741720415, 0.5979498020423387, -0.732773170990775], 'radius': 2.8117320079002175}, 'confidence': 0.9984792107456602, 'timestamp': 360865.782936, 'diameter_3d': 5.623464015800435, 'ellipse': {'center': [137.60273823543002, 180.29247234212437], 'axes': [39.721443277901315, 59.96455866837354], 'angle': -62.16414860579829}, 'location': [137.60273823543002, 180.29247234212437], 'diameter': 59.96455866837354, 'sphere': {'center': [1.765879722315946, -1.4641988726289945, 66.97337994567977], 'radius': 12.0}, 'projected_sphere': {'center': [176.3474716181845, 106.4453115287556], 'axes': [222.17782665394446, 222.17782665394446], 'angle': 90.0}, 'model_confidence': 0.9412285018248867, 'model_id': 32, 'model_birth_timestamp': 360848.025353, 'theta': 2.2117371435034374, 'phi': -1.9880286991853826, 'norm_pos': [0.4300085569857188, 0.24878136524114847], 'topic': 'pupil.1', 'id': 1, 'method': '3d c++'}"
1581495769.2052102,"{'circle_3d': {'center': [-2.1282400281428373, 5.679625080548499, 58.15285781288659], 'normal': [-0.3245099792048986, 0.5953186627647912, -0.7350435110660981], 'radius': 2.8144303282900083}, 'confidence': 0.9988402511250581, 'timestamp': 360865.791336, 'diameter_3d': 5.6288606565800166, 'ellipse': {'center': [137.631957696014, 179.9827663328476], 'axes': [39.94921025541104, 60.05004620792519], 'angle': -62.082934862079334}, 'location': [137.631957696014, 179.9827663328476], 'diameter': 60.05004620792519, 'sphere': {'center': [1.765879722315946, -1.4641988726289945, 66.97337994567977], 'radius': 12.0}, 'projected_sphere': {'center': [176.3474716181845, 106.4453115287556], 'axes': [222.17782665394446, 222.17782665394446], 'angle': 90.0}, 'model_confidence': 0.9410292405510168, 'model_id': 32, 'model_birth_timestamp': 360848.025353, 'theta': 2.2084585156997507, 'phi': -1.9865458524414135, 'norm_pos': [0.4300998678000438, 0.25007180694646836], 'topic': 'pupil.1', 'id': 1, 'method': '3d c++'}"
1581495769.2132359,"{'circle_3d': {'center': [-2.1498118605676346, 5.678958052105658, 58.16187220997698], 'normal': [-0.32630763190696505, 0.5952630770612211, -0.7342923113085655], 'radius': 2.789812863087772}, 'confidence': 0.9979332517293498, 'timestamp': 360865.799736, 'diameter_3d': 5.579625726175544, 'ellipse': {'center': [137.40104244371767, 179.9772303922768], 'axes': [39.538558573684696, 59.51501496437788], 'angle': -61.941738621841296}, 'location': [137.40104244371767, 179.9772303922768], 'diameter': 59.51501496437788, 'sphere': {'center': [1.765879722315946, -1.4641988726289945, 66.97337994567977], 'radius': 12.0}, 'projected_sphere': {'center': [176.3474716181845, 106.4453115287556], 'axes': [222.17782665394446, 222.17782665394446], 'angle': 90.0}, 'model_confidence': 0.9404746850648182, 'model_id': 32, 'model_birth_timestamp': 360848.025353, 'theta': 2.2083893371160452, 'phi': -1.988970041629368, 'norm_pos': [0.42937825763661774, 0.2500948733655134], 'topic': 'pupil.1', 'id': 1, 'method': '3d c++'}"
1581495769.2249951,"{'circle_3d': {'center': [-2.119812465114167, 5.663504223102132, 58.13611539132532], 'normal': [-0.3238076822858428, 0.5939752579775939, -0.7364387128628704], 'radius': 2.7865115708896613}, 'confidence': 0.9981479550749239, 'timestamp': 360865.808136, 'diameter_3d': 5.573023141779323, 'ellipse': {'center': [137.7092141194729, 179.8390216481672], 'axes': [39.6670372610099, 59.47072530126252], 'angle': -62.08390011381095}, 'location': [137.7092141194729, 179.8390216481672], 'diameter': 59.47072530126252, 'sphere': {'center': [1.765879722315946, -1.4641988726289945, 66.97337994567977], 'radius': 12.0}, 'projected_sphere': {'center': [176.3474716181845, 106.4453115287556], 'axes': [222.17782665394446, 222.17782665394446], 'angle': 90.0}, 'model_confidence': 0.9400667244583438, 'model_id': 32, 'model_birth_timestamp': 360848.025353, 'theta': 2.206787586558277, 'phi': -1.9850468038879832, 'norm_pos': [0.4303412941233528, 0.2506707431326366], 'topic': 'pupil.1', 'id': 1, 'method': '3d c++'}"
1581495769.233181,"{'circle_3d': {'center': [-2.113150775724682, 5.658358255345917, 58.1290426412796], 'normal': [-0.32325254150338567, 0.5935464273312426, -0.7370281087000141], 'radius': 2.854619493786089}, 'confidence': 0.9991215768585183, 'timestamp': 360865.816536, 'diameter_3d': 5.709238987572178, 'ellipse': {'center': [137.79305713798448, 179.76336498786083], 'axes': [40.68821009186937, 60.93326512762846], 'angle': -62.10998238366061}, 'location': [137.79305713798448, 179.76336498786083], 'diameter': 60.93326512762846, 'sphere': {'center': [1.765879722315946, -1.4641988726289945, 66.97337994567977], 'radius': 12.0}, 'projected_sphere': {'center': [176.3474716181845, 106.4453115287556], 'axes': [222.17782665394446, 222.17782665394446], 'angle': 90.0}, 'model_confidence': 0.9398467333580518, 'model_id': 32, 'model_birth_timestamp': 360848.025353, 'theta': 2.2062546403697323, 'phi': -1.9841205855958781, 'norm_pos': [0.43060330355620147, 0.2509859792172465], 'topic': 'pupil.1', 'id': 1, 'method': '3d c++'}"
1581495769.241498,"{'circle_3d': {'center': [-2.131462437455305, 5.650206800179412, 58.13053221362076], 'normal': [-0.3247785133142709, 0.5928671394007006, -0.736903977671584], 'radius': 2.8110354857178765}, 'confidence': 0.9989785136735395, 'timestamp': 360865.824936, 'diameter_3d': 5.622070971435753, 'ellipse': {'center': [137.58960428049062, 179.6935164551836], 'axes': [40.05682487271717, 60.00034866210325], 'angle': -61.96437679895499}, 'location': [137.58960428049062, 179.6935164551836], 'diameter': 60.00034866210325, 'sphere': {'center': [1.765879722315946, -1.4641988726289945, 66.97337994567977], 'radius': 12.0}, 'projected_sphere': {'center': [176.3474716181845, 106.4453115287556], 'axes': [222.17782665394446, 222.17782665394446], 'angle': 90.0}, 'model_confidence': 0.9395689506929705, 'model_id': 32, 'model_birth_timestamp': 360848.025353, 'theta': 2.2054108569107678, 'phi': -1.985917840003306, 'norm_pos': [0.42996751337653316, 0.25127701477006825], 'topic': 'pupil.1', 'id': 1, 'method': '3d c++'}"
1581495769.249357,"{'circle_3d': {'center': [-2.1281436083620493, 5.642379420138319, 58.12277955537269], 'normal': [-0.32450194422316625, 0.5922148577306094, -0.7375500325255901], 'radius': 2.819661345590994}, 'confidence': 0.9988572444845362, 'timestamp': 360865.833336, 'diameter_3d': 5.639322691181988, 'ellipse': {'center': [137.62414232140654, 179.61432953860978], 'axes': [40.233978600411945, 60.192628550261695], 'angle': -61.95972414751023}, 'location': [137.62414232140654, 179.61432953860978], 'diameter': 60.192628550261695, 'sphere': {'center': [1.765879722315946, -1.4641988726289945, 66.97337994567977], 'radius': 12.0}, 'projected_sphere': {'center': [176.3474716181845, 106.4453115287556], 'axes': [222.17782665394446, 222.17782665394446], 'angle': 90.0}, 'model_confidence': 0.9393278201050737, 'model_id': 32, 'model_birth_timestamp': 360848.025353, 'theta': 2.204601112541905, 'phi': -1.9852804030337834, 'norm_pos': [0.4300754447543954, 0.25160696025579254], 'topic': 'pupil.1', 'id': 1, 'method': '3d c++'}"
1581495769.25754,"{'circle_3d': {'center': [-2.086682783140194, 5.657596676139972, 58.11686876445903], 'normal': [-0.32104687545467836, 0.5934829623974139, -0.7380425984350618], 'radius': 2.8093481778664313}, 'confidence': 0.9990012207429925, 'timestamp': 360865.841736, 'diameter_3d': 5.618696355732863, 'ellipse': {'center': [138.05887298913018, 179.78516372604912], 'axes': [40.12417961962167, 59.978431258753005], 'angle': -62.279027386124774}, 'location': [138.05887298913018, 179.78516372604912], 'diameter': 59.978431258753005, 'sphere': {'center': [1.765879722315946, -1.4641988726289945, 66.97337994567977], 'radius': 12.0}, 'projected_sphere': {'center': [176.3474716181845, 106.4453115287556], 'axes': [222.17782665394446, 222.17782665394446], 'angle': 90.0}, 'model_confidence': 0.9393585571812246, 'model_id': 32, 'model_birth_timestamp': 360848.025353, 'theta': 2.206175784619042, 'phi': -1.981104597230701, 'norm_pos': [0.4314339780910318, 0.250895151141462], 'topic': 'pupil.1', 'id': 1, 'method': '3d c++'}"
1581495769.265003,"{'circle_3d': {'center': [-2.0586929118203594, 5.633190822131645, 58.0852021972928], 'normal': [-0.31871438617802544, 0.5914491412300533, -0.7406814790322469], 'radius': 2.804982972960747}, 'confidence': 0.9993158306450933, 'timestamp': 360865.850136, 'diameter_3d': 5.609965945921494, 'ellipse': {'center': [138.34408132264355, 179.55784341274943], 'axes': [40.28009525661361, 59.91759219288836], 'angle': -62.3805821855695}, 'location': [138.34408132264355, 179.55784341274943], 'diameter': 59.91759219288836, 'sphere': {'center': [1.765879722315946, -1.4641988726289945, 66.97337994567977], 'radius': 12.0}, 'projected_sphere': {'center': [176.3474716181845, 106.4453115287556], 'axes': [222.17782665394446, 222.17782665394446], 'angle': 90.0}, 'model_confidence': 0.9391753658479662, 'model_id': 32, 'model_birth_timestamp': 360848.025353, 'theta': 2.2036511642717316, 'phi': -1.9771465703244928, 'norm_pos': [0.43232525413326106, 0.25184231911354404], 'topic': 'pupil.1', 'id': 1, 'method': '3d c++'}"
1581495769.2732038,"{'circle_3d': {'center': [-2.053271078348713, 5.650723006422961, 58.096895629421994], 'normal': [-0.3182625667220549, 0.592910156587663, -0.7397070263548148], 'radius': 2.8196240239677683}, 'confidence': 0.9990862350071895, 'timestamp': 360865.858536, 'diameter_3d': 5.639248047935537, 'ellipse': {'center': [138.40862294699357, 179.72674632869726], 'axes': [40.40830517846255, 60.21868279722829], 'angle': -62.4738441137195}, 'location': [138.40862294699357, 179.72674632869726], 'diameter': 60.21868279722829, 'sphere': {'center': [1.765879722315946, -1.4641988726289945, 66.97337994567977], 'radius': 12.0}, 'projected_sphere': {'center': [176.3474716181845, 106.4453115287556], 'axes': [222.17782665394446, 222.17782665394446], 'angle': 90.0}, 'model_confidence': 0.9393291071231991, 'model_id': 32, 'model_birth_timestamp': 360848.025353, 'theta': 2.205464275534197, 'phi': -1.9771094820843382, 'norm_pos': [0.43252694670935493, 0.2511385569637614], 'topic': 'pupil.1', 'id': 1, 'method': '3d c++'}"
1581495769.281461,"{'circle_3d': {'center': [-2.0327186107061834, 5.65204755668319, 58.08914179817026], 'normal': [-0.3165498610851774, 0.5930205357760153, -0.7403531789591253], 'radius': 2.8319618111123868}, 'confidence': 0.9993357130191112, 'timestamp': 360865.866936, 'diameter_3d': 5.6639236222247735, 'ellipse': {'center': [138.62667727459262, 179.74291554638648], 'axes': [40.63830915457927, 60.49054078587498], 'angle': -62.61244848685658}, 'location': [138.62667727459262, 179.74291554638648], 'diameter': 60.49054078587498, 'sphere': {'center': [1.765879722315946, -1.4641988726289945, 66.97337994567977], 'radius': 12.0}, 'projected_sphere': {'center': [176.3474716181845, 106.4453115287556], 'axes': [222.17782665394446, 222.17782665394446], 'angle': 90.0}, 'model_confidence': 0.9392129979202135, 'model_id': 32, 'model_birth_timestamp': 360848.025353, 'theta': 2.2056013537175843, 'phi': -1.9748384058878348, 'norm_pos': [0.43320836648310196, 0.25107118522338967], 'topic': 'pupil.1', 'id': 1, 'method': '3d c++'}"
1581495769.289637,"{'circle_3d': {'center': [-1.9878145794715631, 5.728640831164178, 58.13183957738056], 'normal': [-0.3128078584822924, 0.599403308649431, -0.7367950306916008], 'radius': 2.80586332043071}, 'confidence': 0.9984178441214023, 'timestamp': 360865.875336, 'diameter_3d': 5.61172664086142, 'ellipse': {'center': [139.10979669743682, 180.52485702008968], 'axes': [39.96137729981064, 59.88903617298637], 'angle': -63.153782060773466}, 'location': [139.10979669743682, 180.52485702008968], 'diameter': 59.88903617298637, 'sphere': {'center': [1.765879722315946, -1.4641988726289945, 66.97337994567977], 'radius': 12.0}, 'projected_sphere': {'center': [176.3474716181845, 106.4453115287556], 'axes': [222.17782665394446, 222.17782665394446], 'angle': 90.0}, 'model_confidence': 0.9388180457426398, 'model_id': 32, 'model_birth_timestamp': 360848.025353, 'theta': 2.2135517798318025, 'phi': -1.9722875158177713, 'norm_pos': [0.43471811467949006, 0.2478130957496263], 'topic': 'pupil.1', 'id': 1, 'method': '3d c++'}"
1581495769.2970712,"{'circle_3d': {'center': [-1.9824551125050547, 5.825038751244837, 58.20884910662343], 'normal': [-0.3123612362350834, 0.6074364686561526, -0.7303775699213615], 'radius': 2.801749690310937}, 'confidence': 0.9972071555031627, 'timestamp': 360865.883736, 'diameter_3d': 5.603499380621874, 'ellipse': {'center': [139.1894796082354, 181.4734234000608], 'axes': [39.36794068534106, 59.72275015840117], 'angle': -63.49292588422917}, 'location': [139.1894796082354, 181.4734234000608], 'diameter': 59.72275015840117, 'sphere': {'center': [1.765879722315946, -1.4641988726289945, 66.97337994567977], 'radius': 12.0}, 'projected_sphere': {'center': [176.3474716181845, 106.4453115287556], 'axes': [222.17782665394446, 222.17782665394446], 'angle': 90.0}, 'model_confidence': 0.9381365271678432, 'model_id': 32, 'model_birth_timestamp': 360848.025353, 'theta': 2.2236257882719297, 'phi': -1.9749270778366765, 'norm_pos': [0.4349671237757356, 0.24386073583308], 'topic': 'pupil.1', 'id': 1, 'method': '3d c++'}"
1581495769.309062,"{'circle_3d': {'center': [-1.9759061730372818, 5.903847222792795, 58.272176865123875], 'normal': [-0.31181549127943564, 0.6140038412851491, -0.725100256712991], 'radius': 2.7814039468218192}, 'confidence': 0.9971758167336635, 'timestamp': 360865.892136, 'diameter_3d': 5.5628078936436385, 'ellipse': {'center': [139.27387578937027, 182.25369956203605], 'axes': [38.646511985558554, 59.22474205996585], 'angle': -63.77857705680897}, 'location': [139.27387578937027, 182.25369956203605], 'diameter': 59.22474205996585, 'sphere': {'center': [1.765879722315946, -1.4641988726289945, 66.97337994567977], 'radius': 12.0}, 'projected_sphere': {'center': [176.3474716181845, 106.4453115287556], 'axes': [222.17782665394446, 222.17782665394446], 'angle': 90.0}, 'model_confidence': 0.9374489780124562, 'model_id': 32, 'model_birth_timestamp': 360848.025353, 'theta': 2.231919598974101, 'phi': -1.97692043421623, 'norm_pos': [0.43523086184178206, 0.2406095851581831], 'topic': 'pupil.1', 'id': 1, 'method': '3d c++'}"
1581495769.317218,"{'circle_3d': {'center': [-1.9763975185166236, 5.848935240194599, 58.22618436648969], 'normal': [-0.31185643673604746, 0.6094278427352995, -0.7289329649325066], 'radius': 2.801849258522725}, 'confidence': 0.9982019273805047, 'timestamp': 360865.900536, 'diameter_3d': 5.60369851704545, 'ellipse': {'center': [139.25890594090703, 181.7094356795403], 'axes': [39.24886727034605, 59.70727320655736], 'angle': -63.60642687283113}, 'location': [139.25890594090703, 181.7094356795403], 'diameter': 59.70727320655736, 'sphere': {'center': [1.765879722315946, -1.4641988726289945, 66.97337994567977], 'radius': 12.0}, 'projected_sphere': {'center': [176.3474716181845, 106.4453115287556], 'axes': [222.17782665394446, 222.17782665394446], 'angle': 90.0}, 'model_confidence': 0.9369973044425106, 'model_id': 32, 'model_birth_timestamp': 360848.025353, 'theta': 2.226135063395454, 'phi': -1.9750581405553114, 'norm_pos': [0.43518408106533446, 0.2428773513352488], 'topic': 'pupil.1', 'id': 1, 'method': '3d c++'}"
1581495769.3255382,"{'circle_3d': {'center': [-1.971927566306032, 5.729703873928052, 58.12597580965188], 'normal': [-0.31148394071849816, 0.5994918955464206, -0.7372836780023241], 'radius': 2.7918448333988213}, 'confidence': 0.9990014545295794, 'timestamp': 360865.908936, 'diameter_3d': 5.583689666797643, 'ellipse': {'center': [139.2731113708154, 180.54737160826562], 'axes': [39.80053432055154, 59.59552310041453], 'angle': -63.26099493850326}, 'location': [139.2731113708154, 180.54737160826562], 'diameter': 59.59552310041453, 'sphere': {'center': [1.765879722315946, -1.4641988726289945, 66.97337994567977], 'radius': 12.0}, 'projected_sphere': {'center': [176.3474716181845, 106.4453115287556], 'axes': [222.17782665394446, 222.17782665394446], 'angle': 90.0}, 'model_confidence': 0.9368232558173872, 'model_id': 32, 'model_birth_timestamp': 360848.025353, 'theta': 2.2136624561781004, 'phi': -1.970526355750754, 'norm_pos': [0.43522847303379814, 0.24771928496555995], 'topic': 'pupil.1', 'id': 1, 'method': '3d c++'}"
1581495769.332979,"{'circle_3d': {'center': [-1.9268180862113755, 5.6684550009437, 58.057706577127846], 'normal': [-0.3077248173772768, 0.5943878227977245, -0.7429727807126602], 'radius': 2.849073685086357}, 'confidence': 0.9995647988991704, 'timestamp': 360865.917336, 'diameter_3d': 5.698147370172714, 'ellipse': {'center': [139.74295905678156, 179.93890723734674], 'axes': [41.09792451246708, 60.88949838030272], 'angle': -63.36201874219279}, 'location': [139.74295905678156, 179.93890723734674], 'diameter': 60.88949838030272, 'sphere': {'center': [1.765879722315946, -1.4641988726289945, 66.97337994567977], 'radius': 12.0}, 'projected_sphere': {'center': [176.3474716181845, 106.4453115287556], 'axes': [222.17782665394446, 222.17782665394446], 'angle': 90.0}, 'model_confidence': 0.9367444502624167, 'model_id': 32, 'model_birth_timestamp': 360848.025353, 'theta': 2.207300515752039, 'phi': -1.963467164197943, 'norm_pos': [0.4366967470524424, 0.25025455317772194], 'topic': 'pupil.1', 'id': 1, 'method': '3d c++'}"
1581495769.341195,"{'circle_3d': {'center': [-1.8922810785574329, 5.585092540928697, 57.97752811710371], 'normal': [-0.3048467334061149, 0.5874409511298077, -0.749654319048005], 'radius': 2.817237921342684}, 'confidence': 0.9988944564810793, 'timestamp': 360865.925736, 'diameter_3d': 5.634475842685368, 'ellipse': {'center': [140.07827446266577, 179.14234049457988], 'axes': [41.198988103405966, 60.29101408137927], 'angle': -63.322562170358616}, 'location': [140.07827446266577, 179.14234049457988], 'diameter': 60.29101408137927, 'sphere': {'center': [1.765879722315946, -1.4641988726289945, 66.97337994567977], 'radius': 12.0}, 'projected_sphere': {'center': [176.3474716181845, 106.4453115287556], 'axes': [222.17782665394446, 222.17782665394446], 'angle': 90.0}, 'model_confidence': 0.9365581089583852, 'model_id': 32, 'model_birth_timestamp': 360848.025353, 'theta': 2.198689343632871, 'phi': -1.9570220607181845, 'norm_pos': [0.43774460769583057, 0.2535735812725838], 'topic': 'pupil.1', 'id': 1, 'method': '3d c++'}"
1581495769.34949,"{'circle_3d': {'center': [-1.8952640108679975, 5.503176555492035, 57.915140259704174], 'normal': [-0.30509531109866195, 0.5806146190100858, -0.7548533071646328], 'radius': 2.7503129228588405}, 'confidence': 0.9993506125708986, 'timestamp': 360865.934136, 'diameter_3d': 5.500625845717681, 'ellipse': {'center': [140.0132156337399, 178.35706692561723], 'axes': [40.649104936249636, 58.92015113042694], 'angle': -63.0334511243885}, 'location': [140.0132156337399, 178.35706692561723], 'diameter': 58.92015113042694, 'sphere': {'center': [1.765879722315946, -1.4641988726289945, 66.97337994567977], 'radius': 12.0}, 'projected_sphere': {'center': [176.3474716181845, 106.4453115287556], 'axes': [222.17782665394446, 222.17782665394446], 'angle': 90.0}, 'model_confidence': 0.9364849467588643, 'model_id': 32, 'model_birth_timestamp': 360848.025353, 'theta': 2.190279709104466, 'phi': -1.9548994714412489, 'norm_pos': [0.43754129885543713, 0.25684555447659485], 'topic': 'pupil.1', 'id': 1, 'method': '3d c++'}"
1581495769.35741,"{'circle_3d': {'center': [-1.8620436945911674, 5.527437514610592, 57.92046923642805], 'normal': [-0.3023269514089261, 0.5826363656032989, -0.7544092257709764], 'radius': 2.773279287059279}, 'confidence': 0.9980497947691301, 'timestamp': 360865.942536, 'diameter_3d': 5.546558574118558, 'ellipse': {'center': [140.37286562489194, 178.60064923679153], 'axes': [40.94913525547659, 59.40735900650631], 'angle': -63.337431383292824}, 'location': [140.37286562489194, 178.60064923679153], 'diameter': 59.40735900650631, 'sphere': {'center': [1.765879722315946, -1.4641988726289945, 66.97337994567977], 'radius': 12.0}, 'projected_sphere': {'center': [176.3474716181845, 106.4453115287556], 'axes': [222.17782665394446, 222.17782665394446], 'angle': 90.0}, 'model_confidence': 0.9360328457054035, 'model_id': 32, 'model_birth_timestamp': 360848.025353, 'theta': 2.1927650877806726, 'phi': -1.9519461807490803, 'norm_pos': [0.43866520507778733, 0.2558306281800353], 'topic': 'pupil.1', 'id': 1, 'method': '3d c++'}"
1581495769.364963,"{'circle_3d': {'center': [-1.8904608330756012, 5.545047332153209, 57.94555399566582], 'normal': [-0.30469504628262895, 0.584103850398517, -0.7523188291678292], 'radius': 2.82977356304283}, 'confidence': 0.9989281017424738, 'timestamp': 360865.950936, 'diameter_3d': 5.65954712608566, 'ellipse': {'center': [140.0909699150076, 178.74138930729464], 'axes': [41.609335138169925, 60.59267209481029], 'angle': -63.20399152727871}, 'location': [140.0909699150076, 178.74138930729464], 'diameter': 60.59267209481029, 'sphere': {'center': [1.765879722315946, -1.4641988726289945, 66.97337994567977], 'radius': 12.0}, 'projected_sphere': {'center': [176.3474716181845, 106.4453115287556], 'axes': [222.17782665394446, 222.17782665394446], 'angle': 90.0}, 'model_confidence': 0.9358323974562821, 'model_id': 32, 'model_birth_timestamp': 360848.025353, 'theta': 2.194571876318389, 'phi': -1.9556123640262222, 'norm_pos': [0.43778428098439875, 0.2552442112196057], 'topic': 'pupil.1', 'id': 1, 'method': '3d c++'}"
1581495769.3733451,"{'circle_3d': {'center': [-1.8354049623427973, 5.6484433001014995, 58.00448536815585], 'normal': [-0.30010705705489527, 0.5927201810608745, -0.7474078814603268], 'radius': 2.7990786119223032}, 'confidence': 0.999362241227471, 'timestamp': 360865.959336, 'diameter_3d': 5.5981572238446065, 'ellipse': {'center': [140.6856607412218, 179.7971067700968], 'axes': [40.73892922232751, 59.87463416721635], 'angle': -63.906348429394896}, 'location': [140.6856607412218, 179.7971067700968], 'diameter': 59.87463416721635, 'sphere': {'center': [1.765879722315946, -1.4641988726289945, 66.97337994567977], 'radius': 12.0}, 'projected_sphere': {'center': [176.3474716181845, 106.4453115287556], 'axes': [222.17782665394446, 222.17782665394446], 'angle': 90.0}, 'model_confidence': 0.9357577352865909, 'model_id': 32, 'model_birth_timestamp': 360848.025353, 'theta': 2.205228380296592, 'phi': -1.952621399946183, 'norm_pos': [0.4396426898163181, 0.25084538845793003], 'topic': 'pupil.1', 'id': 1, 'method': '3d c++'}"
1581495769.381184,"{'circle_3d': {'center': [-1.8496613559674315, 5.730640623413919, 58.0760687036569], 'normal': [-0.30129508985694814, 0.5995699580035762, -0.7414426035019053], 'radius': 2.765427671029792}, 'confidence': 0.9980474051750322, 'timestamp': 360865.967736, 'diameter_3d': 5.530855342059584, 'ellipse': {'center': [140.54784122065598, 180.61527762933417], 'axes': [39.75545554491136, 59.081771813953026], 'angle': -64.06932876969451}, 'location': [140.54784122065598, 180.61527762933417], 'diameter': 59.081771813953026, 'sphere': {'center': [1.765879722315946, -1.4641988726289945, 66.97337994567977], 'radius': 12.0}, 'projected_sphere': {'center': [176.3474716181845, 106.4453115287556], 'axes': [222.17782665394446, 222.17782665394446], 'angle': 90.0}, 'model_confidence': 0.9353507975698117, 'model_id': 32, 'model_birth_timestamp': 360848.025353, 'theta': 2.2137599913841277, 'phi': -1.956776273259123, 'norm_pos': [0.43921200381454994, 0.24743634321110763], 'topic': 'pupil.1', 'id': 1, 'method': '3d c++'}"
1581495769.392919,"{'circle_3d': {'center': [-1.798423829504636, 5.799791508403939, 58.111654158072696], 'normal': [-0.2970252959850485, 0.6053325317527445, -0.7384771489672561], 'radius': 2.7834369616173302}, 'confidence': 0.9984809785282733, 'timestamp': 360865.976136, 'diameter_3d': 5.5668739232346605, 'ellipse': {'center': [141.10470051450608, 181.3067414660111], 'axes': [39.763812224842845, 59.43103712231645], 'angle': -64.62142533690128}, 'location': [141.10470051450608, 181.3067414660111], 'diameter': 59.43103712231645, 'sphere': {'center': [1.765879722315946, -1.4641988726289945, 66.97337994567977], 'radius': 12.0}, 'projected_sphere': {'center': [176.3474716181845, 106.4453115287556], 'axes': [222.17782665394446, 222.17782665394446], 'angle': 90.0}, 'model_confidence': 0.9349695739215513, 'model_id': 32, 'model_birth_timestamp': 360848.025353, 'theta': 2.2209798956785205, 'phi': -1.9532092228538047, 'norm_pos': [0.4409521891078315, 0.24455524389162042], 'topic': 'pupil.1', 'id': 1, 'method': '3d c++'}"
1581495769.4017081,"{'circle_3d': {'center': [-1.812168615970035, 5.832563026005472, 58.14417636418244], 'normal': [-0.2981706948571651, 0.6080634915528722, -0.7357669651247774], 'radius': 2.7710220807473687}, 'confidence': 0.9957403830625896, 'timestamp': 360865.984536, 'diameter_3d': 5.542044161494737, 'ellipse': {'center': [140.9656814420823, 181.62767360507584], 'axes': [39.3635990021294, 59.13282836687154], 'angle': -64.62951880036763}, 'location': [140.9656814420823, 181.62767360507584], 'diameter': 59.13282836687154, 'sphere': {'center': [1.765879722315946, -1.4641988726289945, 66.97337994567977], 'radius': 12.0}, 'projected_sphere': {'center': [176.3474716181845, 106.4453115287556], 'axes': [222.17782665394446, 222.17782665394446], 'angle': 90.0}, 'model_confidence': 0.9340241845495534, 'model_id': 32, 'model_birth_timestamp': 360848.025353, 'theta': 2.224415361996732, 'phi': -1.9558216784603568, 'norm_pos': [0.4405177545065072, 0.24321802664551728], 'topic': 'pupil.1', 'id': 1, 'method': '3d c++'}"
1581495769.40927,"{'circle_3d': {'center': [-1.817586311526331, 5.8455117797458165, 58.15709380224857], 'normal': [-0.29862216948685644, 0.6091425543645675, -0.7346905119525997], 'radius': 2.789869946305416}, 'confidence': 0.9976851122093933, 'timestamp': 360865.992936, 'diameter_3d': 5.579739892610832, 'ellipse': {'center': [140.91592589705715, 181.74458604666702], 'axes': [39.54305104488967, 59.52233293808137], 'angle': -64.63279967132527}, 'location': [140.91592589705715, 181.74458604666702], 'diameter': 59.52233293808137, 'sphere': {'center': [1.765879722315946, -1.4641988726289945, 66.97337994567977], 'radius': 12.0}, 'projected_sphere': {'center': [176.3474716181845, 106.4453115287556], 'axes': [222.17782665394446, 222.17782665394446], 'angle': 90.0}, 'model_confidence': 0.9334268862525086, 'model_id': 32, 'model_birth_timestamp': 360848.025353, 'theta': 2.225775282883961, 'phi': -1.956859075592145, 'norm_pos': [0.4403622684283036, 0.2427308914722207], 'topic': 'pupil.1', 'id': 1, 'method': '3d c++'}"
1581495769.4170601,"{'circle_3d': {'center': [-1.7881228831751772, 5.829645291632637, 58.13206201294887], 'normal': [-0.2961668837909269, 0.6078203470218027, -0.7367764943942411], 'radius': 2.7937134803689165}, 'confidence': 0.999027968848391, 'timestamp': 360866.001336, 'diameter_3d': 5.587426960737833, 'ellipse': {'center': [141.2216405328248, 181.59910702041955], 'axes': [39.76837534952639, 59.62997502185425], 'angle': -64.77967161286857}, 'location': [141.2216405328248, 181.59910702041955], 'diameter': 59.62997502185425, 'sphere': {'center': [1.765879722315946, -1.4641988726289945, 66.97337994567977], 'radius': 12.0}, 'projected_sphere': {'center': [176.3474716181845, 106.4453115287556], 'axes': [222.17782665394446, 222.17782665394446], 'angle': 90.0}, 'model_confidence': 0.9332610136767117, 'model_id': 32, 'model_birth_timestamp': 360848.025353, 'theta': 2.2241091274892435, 'phi': -1.9530054763399227, 'norm_pos': [0.4413176266650775, 0.24333705408158524], 'topic': 'pupil.1', 'id': 1, 'method': '3d c++'}"
1581495769.426476,"{'circle_3d': {'center': [-1.7697612178224478, 5.799316479771571, 58.0997906004453], 'normal': [-0.2946367450115328, 0.6052929460333805, -0.7394657787695386], 'radius': 2.7848167334241434}, 'confidence': 0.9985834135983214, 'timestamp': 360866.009736, 'diameter_3d': 5.569633466848287, 'ellipse': {'center': [141.4053379352726, 181.31249596252368], 'axes': [39.86305430956971, 59.47267366687152], 'angle': -64.8102931960702}, 'location': [141.4053379352726, 181.31249596252368], 'diameter': 59.47267366687152, 'sphere': {'center': [1.765879722315946, -1.4641988726289945, 66.97337994567977], 'radius': 12.0}, 'projected_sphere': {'center': [176.3474716181845, 106.4453115287556], 'axes': [222.17782665394446, 222.17782665394446], 'angle': 90.0}, 'model_confidence': 0.9330305584931642, 'model_id': 32, 'model_birth_timestamp': 360848.025353, 'theta': 2.220930164109551, 'phi': -1.9499618216602308, 'norm_pos': [0.44189168104772686, 0.244531266822818], 'topic': 'pupil.1', 'id': 1, 'method': '3d c++'}"
1581495769.433433,"{'circle_3d': {'center': [-1.7956488758683615, 5.70048677700842, 58.03006995517877], 'normal': [-0.2967940498486923, 0.5970571374697845, -0.7452758325417501], 'radius': 2.798214532816125}, 'confidence': 0.999772190376995, 'timestamp': 360866.018136, 'diameter_3d': 5.59642906563225, 'ellipse': {'center': [141.11443173589478, 180.32554391007417], 'axes': [40.543799667584224, 59.83014140156799], 'angle': -64.33553219066698}, 'location': [141.11443173589478, 180.32554391007417], 'diameter': 59.83014140156799, 'sphere': {'center': [1.765879722315946, -1.4641988726289945, 66.97337994567977], 'radius': 12.0}, 'projected_sphere': {'center': [176.3474716181845, 106.4453115287556], 'axes': [222.17782665394446, 222.17782665394446], 'angle': 90.0}, 'model_confidence': 0.9331083080775793, 'model_id': 32, 'model_birth_timestamp': 360848.025353, 'theta': 2.210623909704638, 'phi': -1.9497792176518292, 'norm_pos': [0.4409825991746712, 0.2486435670413576], 'topic': 'pupil.1', 'id': 1, 'method': '3d c++'}"
1581495769.44139,"{'circle_3d': {'center': [-1.7936380711507363, 5.649730281741248, 57.988846286964076], 'normal': [-0.2966264827888902, 0.5928274295308535, -0.7487111382263076], 'radius': 2.8173354285222514}, 'confidence': 0.9998035817879247, 'timestamp': 360866.026536, 'diameter_3d': 5.634670857044503, 'ellipse': {'center': [141.12838076103858, 179.81776545262764], 'axes': [41.111595168314665, 60.28183613497121], 'angle': -64.19065654943743}, 'location': [141.12838076103858, 179.81776545262764], 'diameter': 60.28183613497121, 'sphere': {'center': [1.765879722315946, -1.4641988726289945, 66.97337994567977], 'radius': 12.0}, 'projected_sphere': {'center': [176.3474716181845, 106.4453115287556], 'axes': [222.17782665394446, 222.17782665394446], 'angle': 90.0}, 'model_confidence': 0.9331230508661137, 'model_id': 32, 'model_birth_timestamp': 360848.025353, 'theta': 2.205361547169227, 'phi': -1.9480076978500545, 'norm_pos': [0.4410261898782456, 0.25075931061405154], 'topic': 'pupil.1', 'id': 1, 'method': '3d c++'}"
1581495769.449069,"{'circle_3d': {'center': [-1.826970782482175, 5.579646393679855, 57.94699256675179], 'normal': [-0.29940420873317675, 0.5869871055257375, -0.7521989482439981], 'radius': 2.816340763171942}, 'confidence': 0.9995688531950249, 'timestamp': 360866.034936, 'diameter_3d': 5.632681526343884, 'ellipse': {'center': [140.76254726592987, 179.11304638259148], 'axes': [41.3955069543222, 60.303514032423486], 'angle': -63.74353694385101}, 'location': [140.76254726592987, 179.11304638259148], 'diameter': 60.303514032423486, 'sphere': {'center': [1.765879722315946, -1.4641988726289945, 66.97337994567977], 'radius': 12.0}, 'projected_sphere': {'center': [176.3474716181845, 106.4453115287556], 'axes': [222.17782665394446, 222.17782665394446], 'angle': 90.0}, 'model_confidence': 0.9330647965617778, 'model_id': 32, 'model_birth_timestamp': 360848.025353, 'theta': 2.1981286470149337, 'phi': -1.9496106904117303, 'norm_pos': [0.43988296020603085, 0.25369564007253553], 'topic': 'pupil.1', 'id': 1, 'method': '3d c++'}"
1581495769.457477,"{'circle_3d': {'center': [-1.8086955683622288, 5.592960867703279, 57.95013729734617], 'normal': [-0.2978812742231812, 0.5880966450276894, -0.7519368873611333], 'radius': 2.81682867560888}, 'confidence': 0.9997048896125641, 'timestamp': 360866.043336, 'diameter_3d': 5.63365735121776, 'ellipse': {'center': [140.9575955638408, 179.25131711507117], 'axes': [41.37879929930444, 60.31080278284382], 'angle': -63.909475937907565}, 'location': [140.9575955638408, 179.25131711507117], 'diameter': 60.31080278284382, 'sphere': {'center': [1.765879722315946, -1.4641988726289945, 66.97337994567977], 'radius': 12.0}, 'projected_sphere': {'center': [176.3474716181845, 106.4453115287556], 'axes': [222.17782665394446, 222.17782665394446], 'angle': 90.0}, 'model_confidence': 0.9331976658761065, 'model_id': 32, 'model_birth_timestamp': 360848.025353, 'theta': 2.1994998139444863, 'phi': -1.947981035558019, 'norm_pos': [0.44049248613700254, 0.25311951202053673], 'topic': 'pupil.1', 'id': 1, 'method': '3d c++'}"
1581495769.4662552,"{'circle_3d': {'center': [-1.8286400415255712, 5.574696902219178, 57.943796680756776], 'normal': [-0.29954331365345976, 0.5865746479040144, -0.7524652720769156], 'radius': 2.8378847668531186}, 'confidence': 0.9996813591218197, 'timestamp': 360866.051736, 'diameter_3d': 5.675769533706237, 'ellipse': {'center': [140.7486835162408, 179.05442519799402], 'axes': [41.73573675457083, 60.768606426523135], 'angle': -63.71637876821051}, 'location': [140.7486835162408, 179.05442519799402], 'diameter': 60.768606426523135, 'sphere': {'center': [1.765879722315946, -1.4641988726289945, 66.97337994567977], 'radius': 12.0}, 'projected_sphere': {'center': [176.3474716181845, 106.4453115287556], 'axes': [222.17782665394446, 222.17782665394446], 'angle': 90.0}, 'model_confidence': 0.9333745417916761, 'model_id': 32, 'model_birth_timestamp': 360848.025353, 'theta': 2.197619280184731, 'phi': -1.9496486598329956, 'norm_pos': [0.4398396359882525, 0.25393989500835823], 'topic': 'pupil.1', 'id': 1, 'method': '3d c++'}"
1581495769.477231,"{'circle_3d': {'center': [-1.828033331095037, 5.568919815109474, 57.939054819323836], 'normal': [-0.2994927544509152, 0.5860932239782057, -0.7528604271963274], 'radius': 2.8421985028835386}, 'confidence': 0.9992841988772637, 'timestamp': 360866.060136, 'diameter_3d': 5.684397005767077, 'ellipse': {'center': [140.7547388180305, 178.99562830477646], 'axes': [41.83308011209245, 60.866010049187274], 'angle': -63.70186304700311}, 'location': [140.7547388180305, 178.99562830477646], 'diameter': 60.866010049187274, 'sphere': {'center': [1.765879722315946, -1.4641988726289945, 66.97337994567977], 'radius': 12.0}, 'projected_sphere': {'center': [176.3474716181845, 106.4453115287556], 'axes': [222.17782665394446, 222.17782665394446], 'angle': 90.0}, 'model_confidence': 0.933296723129462, 'model_id': 32, 'model_birth_timestamp': 360848.025353, 'theta': 2.197024980593023, 'phi': -1.9494103069457416, 'norm_pos': [0.4398585588063453, 0.25418488206343137], 'topic': 'pupil.1', 'id': 1, 'method': '3d c++'}"
1581495769.485745,"{'circle_3d': {'center': [-1.8413739106288898, 5.623261599384548, 57.986966574080846], 'normal': [-0.30060446941206964, 0.5906217060011285, -0.7488677809665766], 'radius': 2.817022036435741}, 'confidence': 0.9993631068744626, 'timestamp': 360866.068536, 'diameter_3d': 5.634044072871482, 'ellipse': {'center': [140.6212282981948, 179.5387702633218], 'axes': [41.124644388657885, 60.27686927619323], 'angle': -63.7863580915496}, 'location': [140.6212282981948, 179.5387702633218], 'diameter': 60.27686927619323, 'sphere': {'center': [1.765879722315946, -1.4641988726289945, 66.97337994567977], 'radius': 12.0}, 'projected_sphere': {'center': [176.3474716181845, 106.4453115287556], 'axes': [222.17782665394446, 222.17782665394446], 'angle': 90.0}, 'model_confidence': 0.9332182373593123, 'model_id': 32, 'model_birth_timestamp': 360848.025353, 'theta': 2.202625391217166, 'phi': -1.9525193013787567, 'norm_pos': [0.4394413384318588, 0.2519217905694925], 'topic': 'pupil.1', 'id': 1, 'method': '3d c++'}"
1581495769.5040362,"{'circle_3d': {'center': [-1.8482493503864477, 5.639267656663572, 58.002380318376936], 'normal': [-0.3011774227251995, 0.5919555441077139, -0.747583302275236], 'radius': 2.802985659104396}, 'confidence': 0.9987214963031197, 'timestamp': 360866.085336, 'diameter_3d': 5.605971318208792, 'ellipse': {'center': [140.54963017727013, 179.70010089562038], 'axes': [40.81183335064768, 59.96040071655742], 'angle': -63.79128200507055}, 'location': [140.54963017727013, 179.70010089562038], 'diameter': 59.96040071655742, 'sphere': {'center': [1.765879722315946, -1.4641988726289945, 66.97337994567977], 'radius': 12.0}, 'projected_sphere': {'center': [176.3474716181845, 106.4453115287556], 'axes': [222.17782665394446, 222.17782665394446], 'angle': 90.0}, 'model_confidence': 0.9329775478475355, 'model_id': 32, 'model_birth_timestamp': 360848.025353, 'theta': 2.20427933372237, 'phi': -1.9537727078292515, 'norm_pos': [0.43921759430396917, 0.2512495796015818], 'topic': 'pupil.1', 'id': 1, 'method': '3d c++'}"
1581495769.509453,"{'circle_3d': {'center': [-1.8358828377970384, 5.616659350849776, 57.97956244255233], 'normal': [-0.30014688000941536, 0.5900715186232309, -0.7494847919272863], 'radius': 2.7962228667671125}, 'confidence': 0.9995676148400711, 'timestamp': 360866.093736, 'diameter_3d': 5.592445733534225, 'ellipse': {'center': [140.67282689024918, 179.48419932828247], 'axes': [40.87172196775823, 59.83895630283081], 'angle': -63.802111286420725}, 'location': [140.67282689024918, 179.48419932828247], 'diameter': 59.83895630283081, 'sphere': {'center': [1.765879722315946, -1.4641988726289945, 66.97337994567977], 'radius': 12.0}, 'projected_sphere': {'center': [176.3474716181845, 106.4453115287556], 'axes': [222.17782665394446, 222.17782665394446], 'angle': 90.0}, 'model_confidence': 0.9329861565912756, 'model_id': 32, 'model_birth_timestamp': 360848.025353, 'theta': 2.2019437490079534, 'phi': -1.951708621726534, 'norm_pos': [0.4396025840320287, 0.2521491694654897], 'topic': 'pupil.1', 'id': 1, 'method': '3d c++'}"
1581495769.5173109,"{'circle_3d': {'center': [-1.875010942159603, 5.637450925513054, 58.01176818696784], 'normal': [-0.30340755537296243, 0.5918041498451707, -0.7468009798926603], 'radius': 2.8348552900798247}, 'confidence': 0.9998519918749499, 'timestamp': 360866.102136, 'diameter_3d': 5.6697105801596495, 'ellipse': {'center': [140.2754821371334, 179.65885072254983], 'axes': [41.212740811403336, 60.63303174609956], 'angle': -63.60675926517491}, 'location': [140.2754821371334, 179.65885072254983], 'diameter': 60.63303174609956, 'sphere': {'center': [1.765879722315946, -1.4641988726289945, 66.97337994567977], 'radius': 12.0}, 'projected_sphere': {'center': [176.3474716181845, 106.4453115287556], 'axes': [222.17782665394446, 222.17782665394446], 'angle': 90.0}, 'model_confidence': 0.9329585164359, 'model_id': 32, 'model_birth_timestamp': 360848.025353, 'theta': 2.204091505756272, 'phi': -1.956701589215066, 'norm_pos': [0.43836088167854187, 0.2514214553227091], 'topic': 'pupil.1', 'id': 1, 'method': '3d c++'}"
1581495769.5252411,"{'circle_3d': {'center': [-1.9107870663988649, 5.597533592148604, 57.994846885058585], 'normal': [-0.30638889905956757, 0.5884777053981333, -0.7482110883850986], 'radius': 2.847036242938342}, 'confidence': 0.9999348620044373, 'timestamp': 360866.110536, 'diameter_3d': 5.694072485876684, 'ellipse': {'center': [139.8937292669171, 179.24597973125913], 'axes': [41.513929505976925, 60.91129684194342], 'angle': -63.23947425872641}, 'location': [139.8937292669171, 179.24597973125913], 'diameter': 60.91129684194342, 'sphere': {'center': [1.765879722315946, -1.4641988726289945, 66.97337994567977], 'radius': 12.0}, 'projected_sphere': {'center': [176.3474716181845, 106.4453115287556], 'axes': [222.17782665394446, 222.17782665394446], 'angle': 90.0}, 'model_confidence': 0.9331122547675319, 'model_id': 32, 'model_birth_timestamp': 360848.025353, 'theta': 2.19997104302459, 'phi': -1.9594613834881895, 'norm_pos': [0.4371679039591159, 0.2531417511197537], 'topic': 'pupil.1', 'id': 1, 'method': '3d c++'}"
1581495769.5333009,"{'circle_3d': {'center': [-1.8917766252355903, 5.584135374190166, 57.97657304609966], 'normal': [-0.3048046956292947, 0.58736118723493, -0.749733908298342], 'radius': 2.83974362886419}, 'confidence': 0.9988455057894803, 'timestamp': 360866.118936, 'diameter_3d': 5.67948725772838, 'ellipse': {'center': [140.08838778068753, 179.12369169925174], 'axes': [41.535545550664935, 60.77415161101714], 'angle': -63.3228481509793}, 'location': [140.08838778068753, 179.12369169925174], 'diameter': 60.77415161101714, 'sphere': {'center': [1.765879722315946, -1.4641988726289945, 66.97337994567977], 'radius': 12.0}, 'projected_sphere': {'center': [176.3474716181845, 106.4453115287556], 'axes': [222.17782665394446, 222.17782665394446], 'angle': 90.0}, 'model_confidence': 0.9328498230444127, 'model_id': 32, 'model_birth_timestamp': 360848.025353, 'theta': 2.198590784024408, 'phi': -1.9569369008219304, 'norm_pos': [0.43777621181464854, 0.25365128458645114], 'topic': 'pupil.1', 'id': 1, 'method': '3d c++'}"
1581495769.541586,"{'circle_3d': {'center': [-1.8939815586116413, 5.571013615678727, 57.96720425070656], 'normal': [-0.3049884400772989, 0.5862677073589768, -0.7505146412477673], 'radius': 2.8569651279355694}, 'confidence': 0.9993716014485634, 'timestamp': 360866.127336, 'diameter_3d': 5.713930255871139, 'ellipse': {'center': [140.06611907934553, 178.98582050014394], 'axes': [41.8552266850248, 61.15288322416968], 'angle': -63.26537637893518}, 'location': [140.06611907934553, 178.98582050014394], 'diameter': 61.15288322416968, 'sphere': {'center': [1.765879722315946, -1.4641988726289945, 66.97337994567977], 'radius': 12.0}, 'projected_sphere': {'center': [176.3474716181845, 106.4453115287556], 'axes': [222.17782665394446, 222.17782665394446], 'angle': 90.0}, 'model_confidence': 0.9327830597315456, 'model_id': 32, 'model_birth_timestamp': 360848.025353, 'theta': 2.1972403441806443, 'phi': -1.9567840572274957, 'norm_pos': [0.43770662212295475, 0.2542257479160669], 'topic': 'pupil.1', 'id': 1, 'method': '3d c++'}"
1581495769.5490508,"{'circle_3d': {'center': [-1.948943003275242, 5.586268494615506, 58.001702175003224], 'normal': [-0.30956856046593234, 0.587538947270375, -0.7476398142230454], 'radius': 2.8306684691269295}, 'confidence': 0.9991896668333117, 'timestamp': 360866.135736, 'diameter_3d': 5.661336938253859, 'ellipse': {'center': [139.48730828884183, 179.1269802274007], 'axes': [41.2296430509429, 60.55350608488516], 'angle': -62.94874651764347}, 'location': [139.48730828884183, 179.1269802274007], 'diameter': 60.55350608488516, 'sphere': {'center': [1.765879722315946, -1.4641988726289945, 66.97337994567977], 'radius': 12.0}, 'projected_sphere': {'center': [176.3474716181845, 106.4453115287556], 'axes': [222.17782665394446, 222.17782665394446], 'angle': 90.0}, 'model_confidence': 0.9326971443806453, 'model_id': 32, 'model_birth_timestamp': 360848.025353, 'theta': 2.1988104414216822, 'phi': -1.9633652628044846, 'norm_pos': [0.43589783840263074, 0.25363758238583034], 'topic': 'pupil.1', 'id': 1, 'method': '3d c++'}"
1581495769.561329,"{'circle_3d': {'center': [-1.914310254603549, 5.595742837881595, 57.99488203244427], 'normal': [-0.30668249807662457, 0.5883284758758824, -0.7482081594362912], 'radius': 2.823427712767893}, 'confidence': 0.9989227223999473, 'timestamp': 360866.144136, 'diameter_3d': 5.646855425535786, 'ellipse': {'center': [139.85104814082771, 179.2367851900741], 'axes': [41.16902884962963, 60.40562102468414], 'angle': -63.21014128100319}, 'location': [139.85104814082771, 179.2367851900741], 'diameter': 60.40562102468414, 'sphere': {'center': [1.765879722315946, -1.4641988726289945, 66.97337994567977], 'radius': 12.0}, 'projected_sphere': {'center': [176.3474716181845, 106.4453115287556], 'axes': [222.17782665394446, 222.17782665394446], 'angle': 90.0}, 'model_confidence': 0.9325391385973658, 'model_id': 32, 'model_birth_timestamp': 360848.025353, 'theta': 2.199786482703963, 'phi': -1.9597987612563768, 'norm_pos': [0.4370345254400866, 0.25318006170802454], 'topic': 'pupil.1', 'id': 1, 'method': '3d c++'}"
1581495769.569684,"{'circle_3d': {'center': [-1.9388790145896235, 5.606308539529706, 58.01331925191599], 'normal': [-0.3087298947421308, 0.589208951013225, -0.7466717244803153], 'radius': 2.837727189402965}, 'confidence': 0.9999346291824789, 'timestamp': 360866.152536, 'diameter_3d': 5.67545437880593, 'ellipse': {'center': [139.5991799994867, 179.32591102084993], 'axes': [41.249359737247424, 60.69266347675738], 'angle': -63.0811611137115}, 'location': [139.5991799994867, 179.32591102084993], 'diameter': 60.69266347675738, 'sphere': {'center': [1.765879722315946, -1.4641988726289945, 66.97337994567977], 'radius': 12.0}, 'projected_sphere': {'center': [176.3474716181845, 106.4453115287556], 'axes': [222.17782665394446, 222.17782665394446], 'angle': 90.0}, 'model_confidence': 0.9327360442835109, 'model_id': 32, 'model_birth_timestamp': 360848.025353, 'theta': 2.2008757732612945, 'phi': -1.962864616717179, 'norm_pos': [0.4362474374983959, 0.25280870407979195], 'topic': 'pupil.1', 'id': 1, 'method': '3d c++'}"
1581495769.577177,"{'circle_3d': {'center': [-1.9277926554888454, 5.615750044635828, 58.016198039836695], 'normal': [-0.3078060314837326, 0.5899957431054018, -0.7464318254869228], 'radius': 2.8190757836656557}, 'confidence': 0.9997594444146105, 'timestamp': 360866.160936, 'diameter_3d': 5.638151567331311, 'ellipse': {'center': [139.71343986482532, 179.4311294729833], 'axes': [40.956403236321776, 60.29041192789804], 'angle': -63.18548495321157}, 'location': [139.71343986482532, 179.4311294729833], 'diameter': 60.29041192789804, 'sphere': {'center': [1.765879722315946, -1.4641988726289945, 66.97337994567977], 'radius': 12.0}, 'projected_sphere': {'center': [176.3474716181845, 106.4453115287556], 'axes': [222.17782665394446, 222.17782665394446], 'angle': 90.0}, 'model_confidence': 0.9327402016578112, 'model_id': 32, 'model_birth_timestamp': 360848.025353, 'theta': 2.2018498952552448, 'phi': -1.96192073540728, 'norm_pos': [0.43660449957757913, 0.2523702938625696], 'topic': 'pupil.1', 'id': 1, 'method': '3d c++'}"
1581495769.5852559,"{'circle_3d': {'center': [-1.9719300839925162, 5.641325971632803, 58.0548433762956], 'normal': [-0.31148415052570516, 0.5921270703551498, -0.7432113807820137], 'radius': 2.795836984010816}, 'confidence': 0.9996203553387717, 'timestamp': 360866.169336, 'diameter_3d': 5.591673968021632, 'ellipse': {'center': [139.25199970103384, 179.67601691260452], 'axes': [40.35232106435365, 59.75329262930651], 'angle': -62.9765232322139}, 'location': [139.25199970103384, 179.67601691260452], 'diameter': 59.75329262930651, 'sphere': {'center': [1.765879722315946, -1.4641988726289945, 66.97337994567977], 'radius': 12.0}, 'projected_sphere': {'center': [176.3474716181845, 106.4453115287556], 'axes': [222.17782665394446, 222.17782665394446], 'angle': 90.0}, 'model_confidence': 0.9327529586780514, 'model_id': 32, 'model_birth_timestamp': 360848.025353, 'theta': 2.204492169839336, 'phi': -1.9676639031339842, 'norm_pos': [0.43516249906573073, 0.2513499295308145], 'topic': 'pupil.1', 'id': 1, 'method': '3d c++'}"
1581495769.5929642,"{'circle_3d': {'center': [-1.9427791899143154, 5.610907132950792, 58.01856425340871], 'normal': [-0.3090549093525218, 0.5895921671316489, -0.7462346410225879], 'radius': 2.796316646714174}, 'confidence': 0.9990918561287669, 'timestamp': 360866.177736, 'diameter_3d': 5.592633293428348, 'ellipse': {'center': [139.5501103431772, 179.38694064664134], 'axes': [40.60986314494621, 59.80069387686776], 'angle': -63.070232400619105}, 'location': [139.5501103431772, 179.38694064664134], 'diameter': 59.80069387686776, 'sphere': {'center': [1.765879722315946, -1.4641988726289945, 66.97337994567977], 'radius': 12.0}, 'projected_sphere': {'center': [176.3474716181845, 106.4453115287556], 'axes': [222.17782665394446, 222.17782665394446], 'angle': 90.0}, 'model_confidence': 0.9326103549317288, 'model_id': 32, 'model_birth_timestamp': 360848.025353, 'theta': 2.201350144031295, 'phi': -1.963443249838593, 'norm_pos': [0.4360940948224288, 0.2525544139723278], 'topic': 'pupil.1', 'id': 1, 'method': '3d c++'}"
1581495769.601494,"{'circle_3d': {'center': [-1.9684602527701978, 5.609878525776848, 58.02842975510647], 'normal': [-0.3111949979238453, 0.5895064498671535, -0.745412515881108], 'radius': 2.8410727254440338}, 'confidence': 0.9998245855304274, 'timestamp': 360866.186136, 'diameter_3d': 5.6821454508880676, 'ellipse': {'center': [139.2908388971083, 179.34843282928512], 'axes': [41.193508435435604, 60.74850415844943], 'angle': -62.89682361035169}, 'location': [139.2908388971083, 179.34843282928512], 'diameter': 60.74850415844943, 'sphere': {'center': [1.765879722315946, -1.4641988726289945, 66.97337994567977], 'radius': 12.0}, 'projected_sphere': {'center': [176.3474716181845, 106.4453115287556], 'axes': [222.17782665394446, 222.17782665394446], 'angle': 90.0}, 'model_confidence': 0.9325964370263229, 'model_id': 32, 'model_birth_timestamp': 360848.025353, 'theta': 2.2012440231604136, 'phi': -1.9662804706225951, 'norm_pos': [0.43528387155346343, 0.252714863211312], 'topic': 'pupil.1', 'id': 1, 'method': '3d c++'}"
1581495769.609386,"{'circle_3d': {'center': [-1.96721723429308, 5.5945841768409705, 58.01583737123046], 'normal': [-0.31109141305075216, 0.5882319207891638, -0.746461881204109], 'radius': 2.8264056381111478}, 'confidence': 0.9994257550856395, 'timestamp': 360866.194536, 'diameter_3d': 5.6528112762222955, 'ellipse': {'center': [139.29682317792293, 179.2039342114163], 'axes': [41.0691817212067, 60.44755633494159], 'angle': -62.85484763202814}, 'location': [139.29682317792293, 179.2039342114163], 'diameter': 60.44755633494159, 'sphere': {'center': [1.765879722315946, -1.4641988726289945, 66.97337994567977], 'radius': 12.0}, 'projected_sphere': {'center': [176.3474716181845, 106.4453115287556], 'axes': [222.17782665394446, 222.17782665394446], 'angle': 90.0}, 'model_confidence': 0.9324436797473967, 'model_id': 32, 'model_birth_timestamp': 360848.025353, 'theta': 2.19966708094607, 'phi': -1.9656623585667592, 'norm_pos': [0.43530257243100917, 0.2533169407857654], 'topic': 'pupil.1', 'id': 1, 'method': '3d c++'}"
1581495769.617206,"{'circle_3d': {'center': [-1.9559170190459991, 5.612547934840709, 58.02531402957505], 'normal': [-0.31014972844682875, 0.5897289006224753, -0.7456721596753931], 'radius': 2.8150601768788777}, 'confidence': 0.9996021672442504, 'timestamp': 360866.202936, 'diameter_3d': 5.630120353757755, 'ellipse': {'center': [139.41701718882325, 179.39038788013897], 'axes': [40.83634198021836, 60.19496278043913], 'angle': -62.988535850876715}, 'location': [139.41701718882325, 179.39038788013897], 'diameter': 60.19496278043913, 'sphere': {'center': [1.765879722315946, -1.4641988726289945, 66.97337994567977], 'radius': 12.0}, 'projected_sphere': {'center': [176.3474716181845, 106.4453115287556], 'axes': [222.17782665394446, 222.17782665394446], 'angle': 90.0}, 'model_confidence': 0.9323461833649294, 'model_id': 32, 'model_birth_timestamp': 360848.025353, 'theta': 2.201519441732936, 'phi': -1.9649622277022647, 'norm_pos': [0.43567817871507264, 0.25254005049942096], 'topic': 'pupil.1', 'id': 1, 'method': '3d c++'}"
1581495769.625695,"{'circle_3d': {'center': [-1.9787993330804736, 5.6016346956857825, 58.02623656038905], 'normal': [-0.31205658794970165, 0.5888194640262314, -0.7455952821075598], 'radius': 2.841509545581646}, 'confidence': 0.9992242449752496, 'timestamp': 360866.211336, 'diameter_3d': 5.683019091163292, 'ellipse': {'center': [139.18063219436186, 179.2628598787931], 'axes': [41.216338144527946, 60.76008893561626], 'angle': -62.801407203087955}, 'location': [139.18063219436186, 179.2628598787931], 'diameter': 60.76008893561626, 'sphere': {'center': [1.765879722315946, -1.4641988726289945, 66.97337994567977], 'radius': 12.0}, 'projected_sphere': {'center': [176.3474716181845, 106.4453115287556], 'axes': [222.17782665394446, 222.17782665394446], 'angle': 90.0}, 'model_confidence': 0.9322151122532873, 'model_id': 32, 'model_birth_timestamp': 360848.025353, 'theta': 2.200393808075583, 'phi': -1.9671770489599674, 'norm_pos': [0.43493947560738083, 0.25307141717169535], 'topic': 'pupil.1', 'id': 1, 'method': '3d c++'}"
1581495769.6334012,"{'circle_3d': {'center': [-1.9675498661151558, 5.583718067698452, 58.00742376072813], 'normal': [-0.3111191323692585, 0.5873264116939539, -0.7471630154126366], 'radius': 2.8245006313322247}, 'confidence': 0.9996016360875087, 'timestamp': 360866.219736, 'diameter_3d': 5.6490012626644495, 'ellipse': {'center': [139.29027579515594, 179.09721315019803], 'axes': [41.100864423432284, 60.41544981248972], 'angle': -62.81687453101926}, 'location': [139.29027579515594, 179.09721315019803], 'diameter': 60.41544981248972, 'sphere': {'center': [1.765879722315946, -1.4641988726289945, 66.97337994567977], 'radius': 12.0}, 'projected_sphere': {'center': [176.3474716181845, 106.4453115287556], 'axes': [222.17782665394446, 222.17782665394446], 'angle': 90.0}, 'model_confidence': 0.9321897048665373, 'model_id': 32, 'model_birth_timestamp': 360848.025353, 'theta': 2.1985478161166276, 'phi': -1.9653607224689686, 'norm_pos': [0.4352821118598623, 0.2537616118741749], 'topic': 'pupil.1', 'id': 1, 'method': '3d c++'}"
1581495769.6446762,"{'circle_3d': {'center': [-1.9618534053322134, 5.567250923959069, 57.99213729852363], 'normal': [-0.31064442730401326, 0.585954149715672, -0.7484368872630113], 'radius': 2.807785787558826}, 'confidence': 0.9994309137458183, 'timestamp': 360866.228136, 'diameter_3d': 5.615571575117652, 'ellipse': {'center': [139.34223000548525, 178.94345339123376], 'axes': [40.963974757323584, 60.07325668398293], 'angle': -62.800304700832065}, 'location': [139.34223000548525, 178.94345339123376], 'diameter': 60.07325668398293, 'sphere': {'center': [1.765879722315946, -1.4641988726289945, 66.97337994567977], 'radius': 12.0}, 'projected_sphere': {'center': [176.3474716181845, 106.4453115287556], 'axes': [222.17782665394446, 222.17782665394446], 'angle': 90.0}, 'model_confidence': 0.9321325863118735, 'model_id': 32, 'model_birth_timestamp': 360848.025353, 'theta': 2.1968533462522446, 'phi': -1.9642156350264435, 'norm_pos': [0.4354444687671414, 0.254402277536526], 'topic': 'pupil.1', 'id': 1, 'method': '3d c++'}"
1581495769.653634,"{'circle_3d': {'center': [-2.0291761337659606, 5.574135326845434, 58.025787937450566], 'normal': [-0.31625465467349223, 0.5865278499562024, -0.7456326673524334], 'radius': 2.8209839298006942}, 'confidence': 0.9995412081417501, 'timestamp': 360866.236536, 'diameter_3d': 5.6419678596013885, 'ellipse': {'center': [138.64158311517383, 178.98013993941152], 'axes': [40.92556766765326, 60.320995016453274], 'angle': -62.377867039021005}, 'location': [138.64158311517383, 178.98013993941152], 'diameter': 60.320995016453274, 'sphere': {'center': [1.765879722315946, -1.4641988726289945, 66.97337994567977], 'radius': 12.0}, 'projected_sphere': {'center': [176.3474716181845, 106.4453115287556], 'axes': [222.17782665394446, 222.17782665394446], 'angle': 90.0}, 'model_confidence': 0.9323035004214941, 'model_id': 32, 'model_birth_timestamp': 360848.025353, 'theta': 2.1975614986711314, 'phi': -1.9719406115832576, 'norm_pos': [0.4332549472349182, 0.25424941691911873], 'topic': 'pupil.1', 'id': 1, 'method': '3d c++'}"
1581495769.6613429,"{'circle_3d': {'center': [-2.046622547585091, 5.586840606209868, 58.04322492407711], 'normal': [-0.3177085224917531, 0.5875866232365718, -0.7441795851335551], 'radius': 2.856828873532658}, 'confidence': 0.9999320628219434, 'timestamp': 360866.244936, 'diameter_3d': 5.713657747065316, 'ellipse': {'center': [138.47044207421868, 179.08402971922223], 'axes': [41.32392218296351, 61.07004265985957], 'angle': -62.30560582711868}, 'location': [138.47044207421868, 179.08402971922223], 'diameter': 61.07004265985957, 'sphere': {'center': [1.765879722315946, -1.4641988726289945, 66.97337994567977], 'radius': 12.0}, 'projected_sphere': {'center': [176.3474716181845, 106.4453115287556], 'axes': [222.17782665394446, 222.17782665394446], 'angle': 90.0}, 'model_confidence': 0.9323714108714576, 'model_id': 32, 'model_birth_timestamp': 360848.025353, 'theta': 2.1988693603889256, 'phi': -1.974295941758515, 'norm_pos': [0.4327201314819334, 0.25381654283657407], 'topic': 'pupil.1', 'id': 1, 'method': '3d c++'}"
1581495769.6693451,"{'circle_3d': {'center': [-2.0043742230095365, 5.6056499170841825, 58.04015973803075], 'normal': [-0.31418782877712353, 0.5891540658094314, -0.7444350173040848], 'radius': 2.794111000413166}, 'confidence': 0.9997052283587226, 'timestamp': 360866.253336, 'diameter_3d': 5.588222000826332, 'ellipse': {'center': [138.9030349363459, 179.31208531930952], 'axes': [40.43251910698261, 59.73121235568379], 'angle': -62.645819861430596}, 'location': [138.9030349363459, 179.31208531930952], 'diameter': 59.73121235568379, 'sphere': {'center': [1.765879722315946, -1.4641988726289945, 66.97337994567977], 'radius': 12.0}, 'projected_sphere': {'center': [176.3474716181845, 106.4453115287556], 'axes': [222.17782665394446, 222.17782665394446], 'angle': 90.0}, 'model_confidence': 0.9324182540736747, 'model_id': 32, 'model_birth_timestamp': 360848.025353, 'theta': 2.200807846088676, 'phi': -1.9701645403341823, 'norm_pos': [0.43407198417608095, 0.2528663111695437], 'topic': 'pupil.1', 'id': 1, 'method': '3d c++'}"
1581495769.677366,"{'circle_3d': {'center': [-2.0416351116177474, 5.602257372551813, 58.053288750836515], 'normal': [-0.31729290282780775, 0.5888713537650673, -0.743340932903604], 'radius': 2.8732827077907324}, 'confidence': 0.9993500022152771, 'timestamp': 360866.261736, 'diameter_3d': 5.746565415581465, 'ellipse': {'center': [138.53033992470728, 179.2313318058667], 'axes': [41.48989741339778, 61.41163142067755], 'angle': -62.389709492507095}, 'location': [138.53033992470728, 179.2313318058667], 'diameter': 61.41163142067755, 'sphere': {'center': [1.765879722315946, -1.4641988726289945, 66.97337994567977], 'radius': 12.0}, 'projected_sphere': {'center': [176.3474716181845, 106.4453115287556], 'axes': [222.17782665394446, 222.17782665394446], 'angle': 90.0}, 'model_confidence': 0.9323764577709559, 'model_id': 32, 'model_birth_timestamp': 360848.025353, 'theta': 2.200458008528412, 'phi': -1.9742304224341745, 'norm_pos': [0.43290731226471024, 0.2532027841422221], 'topic': 'pupil.1', 'id': 1, 'method': '3d c++'}"
1581495769.685698,"{'circle_3d': {'center': [-2.033899670614707, 5.603029950219916, 58.050602724962374], 'normal': [-0.316648282744221, 0.5889357352374093, -0.7435647683931159], 'radius': 2.7858186103768627}, 'confidence': 0.9977353896538014, 'timestamp': 360866.270136, 'diameter_3d': 5.5716372207537255, 'ellipse': {'center': [138.59140797357907, 179.27801192223907], 'axes': [40.24226890551675, 59.54303184540979], 'angle': -62.442958257734716}, 'location': [138.59140797357907, 179.27801192223907], 'diameter': 59.54303184540979, 'sphere': {'center': [1.765879722315946, -1.4641988726289945, 66.97337994567977], 'radius': 12.0}, 'projected_sphere': {'center': [176.3474716181845, 106.4453115287556], 'axes': [222.17782665394446, 222.17782665394446], 'angle': 90.0}, 'model_confidence': 0.9317498812103864, 'model_id': 32, 'model_birth_timestamp': 360848.025353, 'theta': 2.20053766852282, 'phi': -1.9733881073795962, 'norm_pos': [0.43309814991743456, 0.2530082836573372], 'topic': 'pupil.1', 'id': 1, 'method': '3d c++'}"
1581495769.694011,"{'circle_3d': {'center': [-2.04100195692709, 5.590396875364265, 58.043635788502634], 'normal': [-0.3172401399369197, 0.5878829789994383, -0.7441453464314277], 'radius': 2.822911745580937}, 'confidence': 0.9995479110613794, 'timestamp': 360866.278536, 'diameter_3d': 5.645823491161874, 'ellipse': {'center': [138.522321707922, 179.13536409248306], 'axes': [40.828887052995384, 60.34382812425741], 'angle': -62.3543415264474}, 'location': [138.522321707922, 179.13536409248306], 'diameter': 60.34382812425741, 'sphere': {'center': [1.765879722315946, -1.4641988726289945, 66.97337994567977], 'radius': 12.0}, 'projected_sphere': {'center': [176.3474716181845, 106.4453115287556], 'axes': [222.17782665394446, 222.17782665394446], 'angle': 90.0}, 'model_confidence': 0.9317748998577957, 'model_id': 32, 'model_birth_timestamp': 360848.025353, 'theta': 2.199235659667451, 'phi': -1.9737800550248539, 'norm_pos': [0.43288225533725627, 0.25360264961465395], 'topic': 'pupil.1', 'id': 1, 'method': '3d c++'}"
1581495769.701437,"{'circle_3d': {'center': [-2.078398308868704, 5.6126451640577955, 58.0773243647292], 'normal': [-0.32035650259872084, 0.5897370030572325, -0.7413379650792138], 'radius': 2.8458298286174717}, 'confidence': 0.9997693037366098, 'timestamp': 360866.286936, 'diameter_3d': 5.691659657234943, 'ellipse': {'center': [138.14212624994846, 179.3306910036242], 'axes': [40.92544753852868, 60.79916079299399], 'angle': -62.183735487071246}, 'location': [138.14212624994846, 179.3306910036242], 'diameter': 60.79916079299399, 'sphere': {'center': [1.765879722315946, -1.4641988726289945, 66.97337994567977], 'radius': 12.0}, 'projected_sphere': {'center': [176.3474716181845, 106.4453115287556], 'axes': [222.17782665394446, 222.17782665394446], 'angle': 90.0}, 'model_confidence': 0.9317743714632232, 'model_id': 32, 'model_birth_timestamp': 360848.025353, 'theta': 2.2015294744863017, 'phi': -1.9786930333067831, 'norm_pos': [0.43169414453108895, 0.2527887874848992], 'topic': 'pupil.1', 'id': 1, 'method': '3d c++'}"
1581495769.70909,"{'circle_3d': {'center': [-2.0618728537823507, 5.63884177095321, 58.09108723310875], 'normal': [-0.3189793813415247, 0.5919200536318504, -0.7401910593809179], 'radius': 2.822814322826117}, 'confidence': 0.9989675808745218, 'timestamp': 360866.295336, 'diameter_3d': 5.645628645652234, 'ellipse': {'center': [138.31635707239982, 179.60496892675837], 'axes': [40.49564990469237, 60.29283084301686], 'angle': -62.37853440268127}, 'location': [138.31635707239982, 179.60496892675837], 'diameter': 60.29283084301686, 'sphere': {'center': [1.765879722315946, -1.4641988726289945, 66.97337994567977], 'radius': 12.0}, 'projected_sphere': {'center': [176.3474716181845, 106.4453115287556], 'axes': [222.17782665394446, 222.17782665394446], 'angle': 90.0}, 'model_confidence': 0.9315995479424855, 'model_id': 32, 'model_birth_timestamp': 360848.025353, 'theta': 2.2042352999805934, 'phi': -1.977689078128879, 'norm_pos': [0.43223861585124945, 0.2516459628051735], 'topic': 'pupil.1', 'id': 1, 'method': '3d c++'}"
1581495769.7172449,"{'circle_3d': {'center': [-2.120466189551146, 5.609031893806748, 58.09274246979659], 'normal': [-0.32386215932225765, 0.5894358972029785, -0.740053122990265], 'radius': 2.8188743147498796}, 'confidence': 0.9991738282191484, 'timestamp': 360866.303736, 'diameter_3d': 5.637748629499759, 'ellipse': {'center': [137.69526242908012, 179.2892455300537], 'axes': [40.43245518405759, 60.20666677649257], 'angle': -61.897753035108245}, 'location': [137.69526242908012, 179.2892455300537], 'diameter': 60.20666677649257, 'sphere': {'center': [1.765879722315946, -1.4641988726289945, 66.97337994567977], 'radius': 12.0}, 'projected_sphere': {'center': [176.3474716181845, 106.4453115287556], 'axes': [222.17782665394446, 222.17782665394446], 'angle': 90.0}, 'model_confidence': 0.9314011420528012, 'model_id': 32, 'model_birth_timestamp': 360848.025353, 'theta': 2.201156682743335, 'phi': -1.9833076118717328, 'norm_pos': [0.43029769509087534, 0.25296147695810955], 'topic': 'pupil.1', 'id': 1, 'method': '3d c++'}"
1581495769.728844,"{'circle_3d': {'center': [-2.0872427993963596, 5.642617688341337, 58.105087821409654], 'normal': [-0.3210935434760255, 0.5922347134141943, -0.7390243436891757], 'radius': 2.838567869569184}, 'confidence': 0.9980707698969429, 'timestamp': 360866.312136, 'diameter_3d': 5.677135739138368, 'ellipse': {'center': [138.05579627365822, 179.62551797581506], 'axes': [40.62553918585503, 60.6151062246772], 'angle': -62.225820657952916}, 'location': [138.05579627365822, 179.62551797581506], 'diameter': 60.6151062246772, 'sphere': {'center': [1.765879722315946, -1.4641988726289945, 66.97337994567977], 'radius': 12.0}, 'projected_sphere': {'center': [176.3474716181845, 106.4453115287556], 'axes': [222.17782665394446, 222.17782665394446], 'angle': 90.0}, 'model_confidence': 0.9309671603799585, 'model_id': 32, 'model_birth_timestamp': 360848.025353, 'theta': 2.2046257543312713, 'phi': -1.9806716972243215, 'norm_pos': [0.4314243633551819, 0.25156034176743725], 'topic': 'pupil.1', 'id': 1, 'method': '3d c++'}"
1581495769.737345,"{'circle_3d': {'center': [-2.104245223857202, 5.618467876585542, 58.09317923732981], 'normal': [-0.3225104121810956, 0.5902222291012114, -0.7400167256958298], 'radius': 2.8252094079563457}, 'confidence': 0.9991757023975051, 'timestamp': 360866.320536, 'diameter_3d': 5.650418815912691, 'ellipse': {'center': [137.8687121958046, 179.3862179037057], 'axes': [40.519053860015276, 60.34173018897676], 'angle': -62.034809279311595}, 'location': [137.8687121958046, 179.3862179037057], 'diameter': 60.34173018897676, 'sphere': {'center': [1.765879722315946, -1.4641988726289945, 66.97337994567977], 'radius': 12.0}, 'projected_sphere': {'center': [176.3474716181845, 106.4453115287556], 'axes': [222.17782665394446, 222.17782665394446], 'angle': 90.0}, 'model_confidence': 0.9308725036334842, 'model_id': 32, 'model_birth_timestamp': 360848.025353, 'theta': 2.2021304345576804, 'phi': -1.9817916245863554, 'norm_pos': [0.4308397256118893, 0.2525574254012263], 'topic': 'pupil.1', 'id': 1, 'method': '3d c++'}"
1581495769.745437,"{'circle_3d': {'center': [-2.091019857673535, 5.631196229490152, 58.09758736277763], 'normal': [-0.32140829833245677, 0.5912829251765955, -0.7396493819085114], 'radius': 2.81707797328532}, 'confidence': 0.9992413314867395, 'timestamp': 360866.328936, 'diameter_3d': 5.63415594657064, 'ellipse': {'center': [138.00838799030822, 179.52029575839222], 'axes': [40.37016670486238, 60.16339724105042], 'angle': -62.16328648590027}, 'location': [138.00838799030822, 179.52029575839222], 'diameter': 60.16339724105042, 'sphere': {'center': [1.765879722315946, -1.4641988726289945, 66.97337994567977], 'radius': 12.0}, 'projected_sphere': {'center': [176.3474716181845, 106.4453115287556], 'axes': [222.17782665394446, 222.17782665394446], 'angle': 90.0}, 'model_confidence': 0.9307225171927169, 'model_id': 32, 'model_birth_timestamp': 360848.025353, 'theta': 2.203445044005544, 'phi': -1.9807208119237851, 'norm_pos': [0.4312762124697132, 0.2519987676733657], 'topic': 'pupil.1', 'id': 1, 'method': '3d c++'}"
1581495769.753265,"{'circle_3d': {'center': [-2.099596443922483, 5.63464016345332, 58.10407454175796], 'normal': [-0.3221230138532024, 0.5915699196735262, -0.7391087836601505], 'radius': 2.8339795456980847}, 'confidence': 0.9998375012903198, 'timestamp': 360866.337336, 'diameter_3d': 5.6679590913961695, 'ellipse': {'center': [137.92356822740385, 179.5438518684517], 'axes': [40.56793792922583, 60.518019750467424], 'angle': -62.11901149816998}, 'location': [137.92356822740385, 179.5438518684517], 'diameter': 60.518019750467424, 'sphere': {'center': [1.765879722315946, -1.4641988726289945, 66.97337994567977], 'radius': 12.0}, 'projected_sphere': {'center': [176.3474716181845, 106.4453115287556], 'axes': [222.17782665394446, 222.17782665394446], 'angle': 90.0}, 'model_confidence': 0.9307060916957655, 'model_id': 32, 'model_birth_timestamp': 360848.025353, 'theta': 2.2038009580735087, 'phi': -1.981801057795192, 'norm_pos': [0.431011150710637, 0.25190061721478463], 'topic': 'pupil.1', 'id': 1, 'method': '3d c++'}"
1581495769.7608309,"{'circle_3d': {'center': [-2.0986026451192634, 5.629325142092041, 58.099390251953594], 'normal': [-0.3220401972862674, 0.591127001226753, -0.7394991411438476], 'radius': 2.8299319635223323}, 'confidence': 0.9995592005392434, 'timestamp': 360866.345736, 'diameter_3d': 5.659863927044665, 'ellipse': {'center': [137.931619167898, 179.49355135953527], 'axes': [40.54273790390669, 60.4363237664606], 'angle': -62.107756426820224}, 'location': [137.931619167898, 179.49355135953527], 'diameter': 60.4363237664606, 'sphere': {'center': [1.765879722315946, -1.4641988726289945, 66.97337994567977], 'radius': 12.0}, 'projected_sphere': {'center': [176.3474716181845, 106.4453115287556], 'axes': [222.17782665394446, 222.17782665394446], 'angle': 90.0}, 'model_confidence': 0.9306377884496175, 'model_id': 32, 'model_birth_timestamp': 360848.025353, 'theta': 2.2032517150254, 'phi': -1.9815135726327944, 'norm_pos': [0.4310363098996812, 0.25211020266860307], 'topic': 'pupil.1', 'id': 1, 'method': '3d c++'}"
1581495769.769618,"{'circle_3d': {'center': [-2.101550526938075, 5.657350390284838, 58.12315286593507], 'normal': [-0.3222858541045017, 0.5934624385761528, -0.7375189233120585], 'radius': 2.82118437447775}, 'confidence': 0.9989813950515284, 'timestamp': 360866.354136, 'diameter_3d': 5.6423687489555, 'ellipse': {'center': [137.90620245170481, 179.77188485783643], 'axes': [40.25085513051747, 60.224892058455644], 'angle': -62.18175465728754}, 'location': [137.90620245170481, 179.77188485783643], 'diameter': 60.224892058455644, 'sphere': {'center': [1.765879722315946, -1.4641988726289945, 66.97337994567977], 'radius': 12.0}, 'projected_sphere': {'center': [176.3474716181845, 106.4453115287556], 'axes': [222.17782665394446, 222.17782665394446], 'angle': 90.0}, 'model_confidence': 0.9303733002198444, 'model_id': 32, 'model_birth_timestamp': 360848.025353, 'theta': 2.2061502845678356, 'phi': -1.9827757306711185, 'norm_pos': [0.43095688266157756, 0.25095047975901486], 'topic': 'pupil.1', 'id': 1, 'method': '3d c++'}"
1581495769.777029,"{'circle_3d': {'center': [-2.0810792325324634, 5.6572161050153, 58.114127408592054], 'normal': [-0.3205799129040341, 0.5934512481370245, -0.7382710447573098], 'radius': 2.8168394806950823}, 'confidence': 0.9990764473757757, 'timestamp': 360866.362536, 'diameter_3d': 5.6336789613901646, 'ellipse': {'center': [138.11903051488892, 179.78063174539005], 'axes': [40.25009665853459, 60.14137048943777], 'angle': -62.314180536316755}, 'location': [138.11903051488892, 179.78063174539005], 'diameter': 60.14137048943777, 'sphere': {'center': [1.765879722315946, -1.4641988726289945, 66.97337994567977], 'radius': 12.0}, 'projected_sphere': {'center': [176.3474716181845, 106.4453115287556], 'axes': [222.17782665394446, 222.17782665394446], 'angle': 90.0}, 'model_confidence': 0.930228691346191, 'model_id': 32, 'model_birth_timestamp': 360848.025353, 'theta': 2.206136381083598, 'phi': -1.9804593636253394, 'norm_pos': [0.4316219703590279, 0.2509140343942081], 'topic': 'pupil.1', 'id': 1, 'method': '3d c++'}"
1581495769.787385,"{'circle_3d': {'center': [-2.1180341243375427, 5.602737128164235, 58.08666914851381], 'normal': [-0.32365948722112403, 0.5889113333994358, -0.7405592330971627], 'radius': 2.8507495317962173}, 'confidence': 0.999081577927758, 'timestamp': 360866.370936, 'diameter_3d': 5.7014990635924345, 'ellipse': {'center': [137.72643719999076, 179.2150935939995], 'axes': [40.933502942943555, 60.89452482784515], 'angle': -61.89241046686028}, 'location': [137.72643719999076, 179.2150935939995], 'diameter': 60.89452482784515, 'sphere': {'center': [1.765879722315946, -1.4641988726289945, 66.97337994567977], 'radius': 12.0}, 'projected_sphere': {'center': [176.3474716181845, 106.4453115287556], 'axes': [222.17782665394446, 222.17782665394446], 'angle': 90.0}, 'model_confidence': 0.9300101241208947, 'model_id': 32, 'model_birth_timestamp': 360848.025353, 'theta': 2.2005074752818303, 'phi': -1.9828268178794053, 'norm_pos': [0.4303951162499711, 0.2532704433583354], 'topic': 'pupil.1', 'id': 1, 'method': '3d c++'}"
1581495769.793387,"{'circle_3d': {'center': [-2.0880999769341253, 5.620684489493044, 58.0879273278952], 'normal': [-0.3211649749375059, 0.5904069468435033, -0.7404543848153807], 'radius': 2.8341077467570464}, 'confidence': 0.9997073340202864, 'timestamp': 360866.379336, 'diameter_3d': 5.668215493514093, 'ellipse': {'center': [138.0400820067385, 179.41090520645446], 'axes': [40.68257315245918, 60.53747119116343], 'angle': -62.14728922670805}, 'location': [138.0400820067385, 179.41090520645446], 'diameter': 60.53747119116343, 'sphere': {'center': [1.765879722315946, -1.4641988726289945, 66.97337994567977], 'radius': 12.0}, 'projected_sphere': {'center': [176.3474716181845, 106.4453115287556], 'axes': [222.17782665394446, 222.17782665394446], 'angle': 90.0}, 'model_confidence': 0.9299801289753717, 'model_id': 32, 'model_birth_timestamp': 360848.025353, 'theta': 2.202359279776283, 'phi': -1.9800468107100544, 'norm_pos': [0.43137525627105777, 0.2524545616397731], 'topic': 'pupil.1', 'id': 1, 'method': '3d c++'}"
1581495769.800622,"{'circle_3d': {'center': [-2.1147548433814265, 5.617619994989575, 58.09709035521707], 'normal': [-0.32338621380811433, 0.5901515723015475, -0.7396907992052246], 'radius': 2.8043735633130322}, 'confidence': 0.9982399712409599, 'timestamp': 360866.387736, 'diameter_3d': 5.6087471266260644, 'ellipse': {'center': [137.7538672593154, 179.3821034307229], 'axes': [40.19321713843419, 59.89220551959244], 'angle': -61.96365897046653}, 'location': [137.7538672593154, 179.3821034307229], 'diameter': 59.89220551959244, 'sphere': {'center': [1.765879722315946, -1.4641988726289945, 66.97337994567977], 'radius': 12.0}, 'projected_sphere': {'center': [176.3474716181845, 106.4453115287556], 'axes': [222.17782665394446, 222.17782665394446], 'angle': 90.0}, 'model_confidence': 0.9294943909085029, 'model_id': 32, 'model_birth_timestamp': 360848.025353, 'theta': 2.202042908582325, 'phi': -1.982947442438196, 'norm_pos': [0.4304808351853606, 0.2525745690386546], 'topic': 'pupil.1', 'id': 1, 'method': '3d c++'}"
1581495769.8126929,"{'circle_3d': {'center': [-2.074449897239253, 5.648564016110202, 58.10430600858005], 'normal': [-0.3200274682962666, 0.5927302407282664, -0.7390894947583097], 'radius': 2.80750897708215}, 'confidence': 0.9988306435686038, 'timestamp': 360866.396136, 'diameter_3d': 5.6150179541643, 'ellipse': {'center': [138.18391751191922, 179.70193333593454], 'axes': [40.18442860117396, 59.952010550694915], 'angle': -62.32870261699768}, 'location': [138.18391751191922, 179.70193333593454], 'diameter': 59.952010550694915, 'sphere': {'center': [1.765879722315946, -1.4641988726289945, 66.97337994567977], 'radius': 12.0}, 'projected_sphere': {'center': [176.3474716181845, 106.4453115287556], 'axes': [222.17782665394446, 222.17782665394446], 'angle': 90.0}, 'model_confidence': 0.9292081762729887, 'model_id': 32, 'model_birth_timestamp': 360848.025353, 'theta': 2.2052408704976876, 'phi': -1.979425441923115, 'norm_pos': [0.43182474222474754, 0.25124194443360603], 'topic': 'pupil.1', 'id': 1, 'method': '3d c++'}"
1581495769.8216581,"{'circle_3d': {'center': [-2.0789144722698074, 5.687804742816584, 58.137860612560004], 'normal': [-0.3203995162154794, 0.5960003012871316, -0.73629327775998], 'radius': 2.807158366638498}, 'confidence': 0.9987972369690278, 'timestamp': 360866.404536, 'diameter_3d': 5.614316733276996, 'ellipse': {'center': [138.14748713745743, 180.08632287184534], 'axes': [39.94590417939215, 59.91021536025897], 'angle': -62.4288481659938}, 'location': [138.14748713745743, 180.08632287184534], 'diameter': 59.91021536025897, 'sphere': {'center': [1.765879722315946, -1.4641988726289945, 66.97337994567977], 'radius': 12.0}, 'projected_sphere': {'center': [176.3474716181845, 106.4453115287556], 'axes': [222.17782665394446, 222.17782665394446], 'angle': 90.0}, 'model_confidence': 0.928904974796041, 'model_id': 32, 'model_birth_timestamp': 360848.025353, 'theta': 2.209307130146007, 'phi': -1.9812343171081175, 'norm_pos': [0.4317108973045545, 0.24964032136731107], 'topic': 'pupil.1', 'id': 1, 'method': '3d c++'}"
1581495769.8291788,"{'circle_3d': {'center': [-2.0541628997225096, 5.78319379331273, 58.20510908356199], 'normal': [-0.3183368851698713, 0.603949388828477, -0.7306892385098148], 'radius': 2.789496003425463}, 'confidence': 0.9982392086747106, 'timestamp': 360866.412936, 'diameter_3d': 5.578992006850926, 'ellipse': {'center': [138.4272296981884, 181.03941752431803], 'axes': [39.22747295746992, 59.46478624424557], 'angle': -62.89733974140078}, 'location': [138.4272296981884, 181.03941752431803], 'diameter': 59.46478624424557, 'sphere': {'center': [1.765879722315946, -1.4641988726289945, 66.97337994567977], 'radius': 12.0}, 'projected_sphere': {'center': [176.3474716181845, 106.4453115287556], 'axes': [222.17782665394446, 222.17782665394446], 'angle': 90.0}, 'model_confidence': 0.9284301892805935, 'model_id': 32, 'model_birth_timestamp': 360848.025353, 'theta': 2.2192433651018204, 'phi': -1.9816668664246817, 'norm_pos': [0.43258509280683877, 0.24566909364867484], 'topic': 'pupil.1', 'id': 1, 'method': '3d c++'}"
1581495769.8376489,"{'circle_3d': {'center': [-2.0437057184440572, 5.805229976708523, 58.218811825322895], 'normal': [-0.31746545339666693, 0.6057857374447931, -0.7295473433630725], 'radius': 2.7999371251636482}, 'confidence': 0.996995304469457, 'timestamp': 360866.421336, 'diameter_3d': 5.5998742503272965, 'ellipse': {'center': [138.54451894265688, 181.25517276592996], 'axes': [39.27893981125369, 59.67371839459881], 'angle': -63.0348301362449}, 'location': [138.54451894265688, 181.25517276592996], 'diameter': 59.67371839459881, 'sphere': {'center': [1.765879722315946, -1.4641988726289945, 66.97337994567977], 'radius': 12.0}, 'projected_sphere': {'center': [176.3474716181845, 106.4453115287556], 'axes': [222.17782665394446, 222.17782665394446], 'angle': 90.0}, 'model_confidence': 0.9275955642530809, 'model_id': 32, 'model_birth_timestamp': 360848.025353, 'theta': 2.2215493924514176, 'phi': -1.9812359815722764, 'norm_pos': [0.43295162169580276, 0.24477011347529187], 'topic': 'pupil.1', 'id': 1, 'method': '3d c++'}"
1581495769.845108,"{'circle_3d': {'center': [-2.0529755180768143, 5.8014390086625145, 58.21970352769021], 'normal': [-0.31823793669939665, 0.6054698234409591, -0.7294730348324635], 'radius': 2.8373248642743243}, 'confidence': 0.9992322723993433, 'timestamp': 360866.429736, 'diameter_3d': 5.674649728548649, 'ellipse': {'center': [138.45512086335535, 181.1989745464029], 'axes': [39.79917019067323, 60.47047326319585], 'angle': -62.96311599714228}, 'location': [138.45512086335535, 181.1989745464029], 'diameter': 60.47047326319585, 'sphere': {'center': [1.765879722315946, -1.4641988726289945, 66.97337994567977], 'radius': 12.0}, 'projected_sphere': {'center': [176.3474716181845, 106.4453115287556], 'axes': [222.17782665394446, 222.17782665394446], 'angle': 90.0}, 'model_confidence': 0.927381109321912, 'model_id': 32, 'model_birth_timestamp': 360848.025353, 'theta': 2.2211523899059356, 'phi': -1.9821632395724298, 'norm_pos': [0.4326722526979855, 0.24500427272332126], 'topic': 'pupil.1', 'id': 1, 'method': '3d c++'}"
1581495769.853191,"{'circle_3d': {'center': [-2.053121287133094, 5.761194859173655, 58.186519487572205], 'normal': [-0.31825008412075334, 0.6021161443168874, -0.7322383715089633], 'radius': 2.8261784667926366}, 'confidence': 0.9992915721502319, 'timestamp': 360866.438136, 'diameter_3d': 5.652356933585273, 'ellipse': {'center': [138.44045580236963, 180.80943222243047], 'axes': [39.874242288014, 60.266694268627354], 'angle': -62.83373743308655}, 'location': [138.44045580236963, 180.80943222243047], 'diameter': 60.266694268627354, 'sphere': {'center': [1.765879722315946, -1.4641988726289945, 66.97337994567977], 'radius': 12.0}, 'projected_sphere': {'center': [176.3474716181845, 106.4453115287556], 'axes': [222.17782665394446, 222.17782665394446], 'angle': 90.0}, 'model_confidence': 0.9272732372891612, 'model_id': 32, 'model_birth_timestamp': 360848.025353, 'theta': 2.216945248168481, 'phi': -1.980792235930037, 'norm_pos': [0.43262642438240506, 0.24662736573987298], 'topic': 'pupil.1', 'id': 1, 'method': '3d c++'}"
1581495769.862303,"{'circle_3d': {'center': [-2.031774975848414, 5.7152508419301435, 58.139732873851116], 'normal': [-0.31647122484703, 0.5982874762132615, -0.7361372559857208], 'radius': 2.8768576345832617}, 'confidence': 0.9995234995215692, 'timestamp': 360866.446536, 'diameter_3d': 5.753715269166523, 'ellipse': {'center': [138.66294439370958, 180.34633773410724], 'axes': [40.92235579073218, 61.39760546314122], 'angle': -62.82433579314597}, 'location': [138.66294439370958, 180.34633773410724], 'diameter': 61.39760546314122, 'sphere': {'center': [1.765879722315946, -1.4641988726289945, 66.97337994567977], 'radius': 12.0}, 'projected_sphere': {'center': [176.3474716181845, 106.4453115287556], 'axes': [222.17782665394446, 222.17782665394446], 'angle': 90.0}, 'model_confidence': 0.9271618557250227, 'model_id': 32, 'model_birth_timestamp': 360848.025353, 'theta': 2.212158494873406, 'phi': -1.9768166578925297, 'norm_pos': [0.4333217012303424, 0.2485569261078865], 'topic': 'pupil.1', 'id': 1, 'method': '3d c++'}"
1581495769.8709571,"{'circle_3d': {'center': [-2.0317452304677293, 5.704053871460443, 58.13063165598787], 'normal': [-0.31646874606530623, 0.5973543953407865, -0.7368956908076584], 'radius': 2.8133794323634134}, 'confidence': 0.9990407145408831, 'timestamp': 360866.454936, 'diameter_3d': 5.626758864726827, 'ellipse': {'center': [138.6459616670909, 180.2625940490148], 'axes': [40.080964312686845, 60.05070362558738], 'angle': -62.788256712560184}, 'location': [138.6459616670909, 180.2625940490148], 'diameter': 60.05070362558738, 'sphere': {'center': [1.765879722315946, -1.4641988726289945, 66.97337994567977], 'radius': 12.0}, 'projected_sphere': {'center': [176.3474716181845, 106.4453115287556], 'axes': [222.17782665394446, 222.17782665394446], 'angle': 90.0}, 'model_confidence': 0.9270012453183929, 'model_id': 32, 'model_birth_timestamp': 360848.025353, 'theta': 2.2109945147373353, 'phi': -1.9764403057490365, 'norm_pos': [0.433268630209659, 0.24890585812910493], 'topic': 'pupil.1', 'id': 1, 'method': '3d c++'}"
1581495769.8770099,"{'circle_3d': {'center': [-2.0330857521011403, 5.667575658692318, 58.10175927307526], 'normal': [-0.31658045620142383, 0.594314544276776, -0.7393017227170423], 'radius': 2.8234049733478606}, 'confidence': 0.9992232198231427, 'timestamp': 360866.463336, 'diameter_3d': 5.646809946695721, 'ellipse': {'center': [138.62485189561974, 179.89918172302032], 'axes': [40.426697210545946, 60.29459416403212], 'angle': -62.66086943404289}, 'location': [138.62485189561974, 179.89918172302032], 'diameter': 60.29459416403212, 'sphere': {'center': [1.765879722315946, -1.4641988726289945, 66.97337994567977], 'radius': 12.0}, 'projected_sphere': {'center': [176.3474716181845, 106.4453115287556], 'axes': [222.17782665394446, 222.17782665394446], 'angle': 90.0}, 'model_confidence': 0.9267915848994002, 'model_id': 32, 'model_birth_timestamp': 360848.025353, 'theta': 2.2072093966157373, 'phi': -1.9753873753223512, 'norm_pos': [0.4332026621738117, 0.250420076154082], 'topic': 'pupil.1', 'id': 1, 'method': '3d c++'}"
1581495769.885271,"{'circle_3d': {'center': [-1.9952397977704777, 5.659899791435606, 58.07949450790299], 'normal': [-0.3134266266738686, 0.5936748886720501, -0.7411571198147314], 'radius': 2.786502316259582}, 'confidence': 0.9991667433432574, 'timestamp': 360866.471736, 'diameter_3d': 5.573004632519164, 'ellipse': {'center': [139.01051363323518, 179.8537105317287], 'axes': [40.04823948363255, 59.52844738252655], 'angle': -62.88358974638019}, 'location': [139.01051363323518, 179.8537105317287], 'diameter': 59.52844738252655, 'sphere': {'center': [1.765879722315946, -1.4641988726289945, 66.97337994567977], 'radius': 12.0}, 'projected_sphere': {'center': [176.3474716181845, 106.4453115287556], 'axes': [222.17782665394446, 222.17782665394446], 'angle': 90.0}, 'model_confidence': 0.9265946887934806, 'model_id': 32, 'model_birth_timestamp': 360848.025353, 'theta': 2.206414268778414, 'phi': -1.9708769318902948, 'norm_pos': [0.43440785510385993, 0.2506095394511304], 'topic': 'pupil.1', 'id': 1, 'method': '3d c++'}"
1581495769.8976011,"{'circle_3d': {'center': [-1.9477548836157392, 5.68784178686751, 58.08196653618545], 'normal': [-0.3094695504943071, 0.5960033882913754, -0.7409511174578599], 'radius': 2.7984787433503957}, 'confidence': 0.9984488058870119, 'timestamp': 360866.480136, 'diameter_3d': 5.596957486700791, 'ellipse': {'center': [139.51714546455952, 180.14261948881312], 'axes': [40.19931410473432, 59.78222868180217], 'angle': -63.28594802515931}, 'location': [139.51714546455952, 180.14261948881312], 'diameter': 59.78222868180217, 'sphere': {'center': [1.765879722315946, -1.4641988726289945, 66.97337994567977], 'radius': 12.0}, 'projected_sphere': {'center': [176.3474716181845, 106.4453115287556], 'axes': [222.17782665394446, 222.17782665394446], 'angle': 90.0}, 'model_confidence': 0.9261587077877054, 'model_id': 32, 'model_birth_timestamp': 360848.025353, 'theta': 2.2093109745661232, 'phi': -1.966438027934671, 'norm_pos': [0.4359910795767485, 0.2494057521299453], 'topic': 'pupil.1', 'id': 1, 'method': '3d c++'}"
1581495769.90657,"{'circle_3d': {'center': [-1.929076006556094, 5.679508559609841, 58.0674972671211], 'normal': [-0.3079129774060033, 0.5953089526865697, -0.7421568898798889], 'radius': 2.8069238419796987}, 'confidence': 0.9980182420736973, 'timestamp': 360866.488536, 'diameter_3d': 5.613847683959397, 'ellipse': {'center': [139.71258107021583, 180.064396306532], 'axes': [40.420347820822265, 59.97770312508262], 'angle': -63.38244940083161}, 'location': [139.71258107021583, 180.064396306532], 'diameter': 59.97770312508262, 'sphere': {'center': [1.765879722315946, -1.4641988726289945, 66.97337994567977], 'radius': 12.0}, 'projected_sphere': {'center': [176.3474716181845, 106.4453115287556], 'axes': [222.17782665394446, 222.17782665394446], 'angle': 90.0}, 'model_confidence': 0.9256599576496161, 'model_id': 32, 'model_birth_timestamp': 360848.025353, 'theta': 2.2084464308717653, 'phi': -1.964072077400902, 'norm_pos': [0.4366018158444245, 0.24973168205611673], 'topic': 'pupil.1', 'id': 1, 'method': '3d c++'}"
1581495769.9152372,"{'circle_3d': {'center': [-1.8870505885682725, 5.750867299107134, 58.10777673544685], 'normal': [-0.30441085924035155, 0.601255514311344, -0.7388002675194102], 'radius': 2.8114766433620555}, 'confidence': 0.9990591385830402, 'timestamp': 360866.496936, 'diameter_3d': 5.622953286724111, 'ellipse': {'center': [140.17083341538222, 180.78065921727372], 'axes': [40.20046484704043, 60.03398862640669], 'angle': -63.885138623461394}, 'location': [140.17083341538222, 180.78065921727372], 'diameter': 60.03398862640669, 'sphere': {'center': [1.765879722315946, -1.4641988726289945, 66.97337994567977], 'radius': 12.0}, 'projected_sphere': {'center': [176.3474716181845, 106.4453115287556], 'axes': [222.17782665394446, 222.17782665394446], 'angle': 90.0}, 'model_confidence': 0.9255204270793294, 'model_id': 32, 'model_birth_timestamp': 360848.025353, 'theta': 2.215867753834819, 'phi': -1.9616336375948693, 'norm_pos': [0.4380338544230694, 0.2467472532613595], 'topic': 'pupil.1', 'id': 1, 'method': '3d c++'}"
1581495769.922386,"{'circle_3d': {'center': [-1.8602344047428543, 5.7838492836060755, 58.12368535985128], 'normal': [-0.30217617725490004, 0.6040040130195892, -0.7374745488190404], 'radius': 2.8288661167007354}, 'confidence': 0.9990639296014718, 'timestamp': 360866.505336, 'diameter_3d': 5.657732233401471, 'ellipse': {'center': [140.46322067362195, 181.10763238082174], 'axes': [40.335382242387965, 60.389431461279585], 'angle': -64.16415701400268}, 'location': [140.46322067362195, 181.10763238082174], 'diameter': 60.389431461279585, 'sphere': {'center': [1.765879722315946, -1.4641988726289945, 66.97337994567977], 'radius': 12.0}, 'projected_sphere': {'center': [176.3474716181845, 106.4453115287556], 'axes': [222.17782665394446, 222.17782665394446], 'angle': 90.0}, 'model_confidence': 0.9252935232175852, 'model_id': 32, 'model_birth_timestamp': 360848.025353, 'theta': 2.2193119021857943, 'phi': -1.9596748499060677, 'norm_pos': [0.43894756460506856, 0.24538486507990942], 'topic': 'pupil.1', 'id': 1, 'method': '3d c++'}"
1581495769.929656,"{'circle_3d': {'center': [-1.8477009592417792, 5.845856265216032, 58.16968023819665], 'normal': [-0.30113172346314376, 0.6091712614870856, -0.7336416422902599], 'radius': 2.8113273467369897}, 'confidence': 0.9983026752822648, 'timestamp': 360866.513736, 'diameter_3d': 5.622654693473979, 'ellipse': {'center': [140.6053442474317, 181.72727378035688], 'axes': [39.762954223332386, 59.967641661288624], 'angle': -64.43582203183696}, 'location': [140.6053442474317, 181.72727378035688], 'diameter': 59.967641661288624, 'sphere': {'center': [1.765879722315946, -1.4641988726289945, 66.97337994567977], 'radius': 12.0}, 'projected_sphere': {'center': [176.3474716181845, 106.4453115287556], 'axes': [222.17782665394446, 222.17782665394446], 'angle': 90.0}, 'model_confidence': 0.9249200933542867, 'model_id': 32, 'model_birth_timestamp': 360848.025353, 'theta': 2.2258114812732006, 'phi': -1.960288666792632, 'norm_pos': [0.4393917007732241, 0.24280302591517966], 'topic': 'pupil.1', 'id': 1, 'method': '3d c++'}"
1581495769.9389482,"{'circle_3d': {'center': [-1.829288079658608, 5.854739255898483, 58.169522089805895], 'normal': [-0.2995973168312128, 0.6099115107106231, -0.733654821322823], 'radius': 2.7949806124078163}, 'confidence': 0.9976577477165977, 'timestamp': 360866.522136, 'diameter_3d': 5.5899612248156325, 'ellipse': {'center': [140.7966779937801, 181.82816801447123], 'axes': [39.53065831981423, 59.61881265542502], 'angle': -64.5835572457028}, 'location': [140.7966779937801, 181.82816801447123], 'diameter': 59.61881265542502, 'sphere': {'center': [1.765879722315946, -1.4641988726289945, 66.97337994567977], 'radius': 12.0}, 'projected_sphere': {'center': [176.3474716181845, 106.4453115287556], 'axes': [222.17782665394446, 222.17782665394446], 'angle': 90.0}, 'model_confidence': 0.924271759735551, 'model_id': 32, 'model_birth_timestamp': 360848.025353, 'theta': 2.2267452502179395, 'phi': -1.9584911369058182, 'norm_pos': [0.4399896187305628, 0.24238263327303655], 'topic': 'pupil.1', 'id': 1, 'method': '3d c++'}"
1581495769.9459462,"{'circle_3d': {'center': [-1.7990459837637223, 5.868315695977039, 58.16852135446363], 'normal': [-0.29707714217330566, 0.6110428807171694, -0.7337382159346781], 'radius': 2.7988018021491166}, 'confidence': 0.9991251887220466, 'timestamp': 360866.530536, 'diameter_3d': 5.597603604298233, 'ellipse': {'center': [141.11722824889813, 181.97122744022738], 'axes': [39.58895991089567, 59.70154419281904], 'angle': -64.8231918768169}, 'location': [141.11722824889813, 181.97122744022738], 'diameter': 59.70154419281904, 'sphere': {'center': [1.765879722315946, -1.4641988726289945, 66.97337994567977], 'radius': 12.0}, 'projected_sphere': {'center': [176.3474716181845, 106.4453115287556], 'axes': [222.17782665394446, 222.17782665394446], 'angle': 90.0}, 'model_confidence': 0.9240454787232566, 'model_id': 32, 'model_birth_timestamp': 360848.025353, 'theta': 2.228173687017249, 'phi': -1.9555039291687257, 'norm_pos': [0.4409913382778067, 0.24178655233238588], 'topic': 'pupil.1', 'id': 1, 'method': '3d c++'}"
1581495769.953975,"{'circle_3d': {'center': [-1.8069425745905086, 5.906026751897868, 58.20327646406133], 'normal': [-0.2977351914088712, 0.6141854687105719, -0.7308419568015359], 'radius': 2.841967599378722}, 'confidence': 0.9994689418583999, 'timestamp': 360866.538936, 'diameter_3d': 5.683935198757444, 'ellipse': {'center': [141.05247542450365, 182.31858727305865], 'axes': [39.95722892651972, 60.587423261343176], 'angle': -64.88327731747344}, 'location': [141.05247542450365, 182.31858727305865], 'diameter': 60.587423261343176, 'sphere': {'center': [1.765879722315946, -1.4641988726289945, 66.97337994567977], 'radius': 12.0}, 'projected_sphere': {'center': [176.3474716181845, 106.4453115287556], 'axes': [222.17782665394446, 222.17782665394446], 'angle': 90.0}, 'model_confidence': 0.9239805033492199, 'model_id': 32, 'model_birth_timestamp': 360848.025353, 'theta': 2.23214973072036, 'phi': -1.9576541655274617, 'norm_pos': [0.44078898570157393, 0.2403392196955889], 'topic': 'pupil.1', 'id': 1, 'method': '3d c++'}"
1581495769.9617128,"{'circle_3d': {'center': [-1.7843592906478156, 5.878155425835136, 58.17078735561544], 'normal': [-0.29585325108031346, 0.6118628582053441, -0.7335493825053606], 'radius': 2.770519958103877}, 'confidence': 0.9973572759436827, 'timestamp': 360866.547336, 'diameter_3d': 5.541039916207754, 'ellipse': {'center': [141.26740612372458, 182.0847921612933], 'axes': [39.17117150711989, 59.095400018602646], 'angle': -64.94916915619446}, 'location': [141.26740612372458, 182.0847921612933], 'diameter': 59.095400018602646, 'sphere': {'center': [1.765879722315946, -1.4641988726289945, 66.97337994567977], 'radius': 12.0}, 'projected_sphere': {'center': [176.3474716181845, 106.4453115287556], 'axes': [222.17782665394446, 222.17782665394446], 'angle': 90.0}, 'model_confidence': 0.9233406234809283, 'model_id': 32, 'model_birth_timestamp': 360848.025353, 'theta': 2.2292099532018916, 'phi': -1.9541592810570818, 'norm_pos': [0.4414606441366393, 0.24131336599461117], 'topic': 'pupil.1', 'id': 1, 'method': '3d c++'}"
1581495769.969415,"{'circle_3d': {'center': [-1.8190921787198604, 5.83309152736634, 58.14742224767783], 'normal': [-0.2987476584196505, 0.6081075333329445, -0.7354964748334948], 'radius': 2.808004107632883}, 'confidence': 0.9994673548125164, 'timestamp': 360866.555736, 'diameter_3d': 5.616008215265766, 'ellipse': {'center': [140.90108250784402, 181.61493297382717], 'axes': [39.868098778021086, 59.91951212550549], 'angle': -64.58548110142253}, 'location': [140.90108250784402, 181.61493297382717], 'diameter': 59.91951212550549, 'sphere': {'center': [1.765879722315946, -1.4641988726289945, 66.97337994567977], 'radius': 12.0}, 'projected_sphere': {'center': [176.3474716181845, 106.4453115287556], 'axes': [222.17782665394446, 222.17782665394446], 'angle': 90.0}, 'model_confidence': 0.9232429844635903, 'model_id': 32, 'model_birth_timestamp': 360848.025353, 'theta': 2.2244708392097374, 'phi': -1.956623229404674, 'norm_pos': [0.44031588283701256, 0.24327111260905343], 'topic': 'pupil.1', 'id': 1, 'method': '3d c++'}"
1581495769.9818182,"{'circle_3d': {'center': [-1.8235606304606458, 5.824725278857297, 58.142326629809745], 'normal': [-0.2991200293980493, 0.607410345957191, -0.7359211096558351], 'radius': 2.795847649480392}, 'confidence': 0.9983112791527243, 'timestamp': 360866.564136, 'diameter_3d': 5.591695298960784, 'ellipse': {'center': [140.84976476929427, 181.53627971110575], 'axes': [39.7308796755844, 59.664995898351044], 'angle': -64.5307218520714}, 'location': [140.84976476929427, 181.53627971110575], 'diameter': 59.664995898351044, 'sphere': {'center': [1.765879722315946, -1.4641988726289945, 66.97337994567977], 'radius': 12.0}, 'projected_sphere': {'center': [176.3474716181845, 106.4453115287556], 'axes': [222.17782665394446, 222.17782665394446], 'angle': 90.0}, 'model_confidence': 0.9228336230243772, 'model_id': 32, 'model_birth_timestamp': 360848.025353, 'theta': 2.2235929038129694, 'phi': -1.9568563600239675, 'norm_pos': [0.4401555149040446, 0.24359883453705933], 'topic': 'pupil.1', 'id': 1, 'method': '3d c++'}"
1581495769.9893959,"{'circle_3d': {'center': [-1.8386409718163594, 5.790199016682675, 58.120067467905], 'normal': [-0.30037672451102543, 0.6045331574426391, -0.7377760398145637], 'radius': 2.806611858677799}, 'confidence': 0.9991824626880579, 'timestamp': 360866.572536, 'diameter_3d': 5.613223717355598, 'ellipse': {'center': [140.6860436034132, 181.1875483100938], 'axes': [40.040630902668724, 59.91762912339594], 'angle': -64.32612372303075}, 'location': [140.6860436034132, 181.1875483100938], 'diameter': 59.91762912339594, 'sphere': {'center': [1.765879722315946, -1.4641988726289945, 66.97337994567977], 'radius': 12.0}, 'projected_sphere': {'center': [176.3474716181845, 106.4453115287556], 'axes': [222.17782665394446, 222.17782665394446], 'angle': 90.0}, 'model_confidence': 0.9227583452364851, 'model_id': 32, 'model_birth_timestamp': 360848.025353, 'theta': 2.2199760051848565, 'phi': -1.957441039804545, 'norm_pos': [0.43964388626066625, 0.24505188204127581], 'topic': 'pupil.1', 'id': 1, 'method': '3d c++'}"
1581495769.997421,"{'circle_3d': {'center': [-1.8501767365735196, 5.760058613643273, 58.1001483213975], 'normal': [-0.3013380382407888, 0.6020214571893556, -0.7394359686901888], 'radius': 2.798663850578945}, 'confidence': 0.9985568925632485, 'timestamp': 360866.580936, 'diameter_3d': 5.59732770115789, 'ellipse': {'center': [140.55644030775693, 180.89054122722075], 'axes': [40.06659884969575, 59.76802398272634], 'angle': -64.15717243509773}, 'location': [140.55644030775693, 180.89054122722075], 'diameter': 59.76802398272634, 'sphere': {'center': [1.765879722315946, -1.4641988726289945, 66.97337994567977], 'radius': 12.0}, 'projected_sphere': {'center': [176.3474716181845, 106.4453115287556], 'axes': [222.17782665394446, 222.17782665394446], 'angle': 90.0}, 'model_confidence': 0.9223614744090836, 'model_id': 32, 'model_birth_timestamp': 360848.025353, 'theta': 2.2168266586336114, 'phi': -1.9577721917776025, 'norm_pos': [0.4392388759617404, 0.2462894115532469], 'topic': 'pupil.1', 'id': 1, 'method': '3d c++'}"
1581495770.005922,"{'circle_3d': {'center': [-1.851993923090182, 5.743417333006958, 58.08736515173925], 'normal': [-0.30148947045051067, 0.600634683802996, -0.7405012328283767], 'radius': 2.810877021537903}, 'confidence': 0.9974758830149199, 'timestamp': 360866.589336, 'diameter_3d': 5.621754043075806, 'ellipse': {'center': [140.53613682848194, 180.72130483491878], 'axes': [40.331367470760554, 60.04220700226512], 'angle': -64.09362123987658}, 'location': [140.53613682848194, 180.72130483491878], 'diameter': 60.04220700226512, 'sphere': {'center': [1.765879722315946, -1.4641988726289945, 66.97337994567977], 'radius': 12.0}, 'projected_sphere': {'center': [176.3474716181845, 106.4453115287556], 'axes': [222.17782665394446, 222.17782665394446], 'angle': 90.0}, 'model_confidence': 0.9216754843828778, 'model_id': 32, 'model_birth_timestamp': 360848.025353, 'theta': 2.21509102659522, 'phi': -1.9574447653488996, 'norm_pos': [0.4391754275890061, 0.2469945631878384], 'topic': 'pupil.1', 'id': 1, 'method': '3d c++'}"
1581495770.013612,"{'circle_3d': {'center': [-1.9197750599510248, 5.694836987202922, 58.07595591489461], 'normal': [-0.30713789852224754, 0.5965863216526597, -0.7414520025654303], 'radius': 2.843038184048718}, 'confidence': 0.9993166708382277, 'timestamp': 360866.597736, 'diameter_3d': 5.686076368097436, 'ellipse': {'center': [139.82169519767126, 180.2039515047403], 'axes': [40.88077838484626, 60.74148377987304], 'angle': -63.4927866168155}, 'location': [139.82169519767126, 180.2039515047403], 'diameter': 60.74148377987304, 'sphere': {'center': [1.765879722315946, -1.4641988726289945, 66.97337994567977], 'radius': 12.0}, 'projected_sphere': {'center': [176.3474716181845, 106.4453115287556], 'axes': [222.17782665394446, 222.17782665394446], 'angle': 90.0}, 'model_confidence': 0.9216021616196945, 'model_id': 32, 'model_birth_timestamp': 360848.025353, 'theta': 2.2100371310791047, 'phi': -1.9635166169548248, 'norm_pos': [0.4369427974927227, 0.24915020206358207], 'topic': 'pupil.1', 'id': 1, 'method': '3d c++'}"
1581495770.022461,"{'circle_3d': {'center': [-1.9670724827774897, 5.695096233553416, 58.09590499966721], 'normal': [-0.31107935042445295, 0.5966079255152009, -0.7397895788343797], 'radius': 2.800414980029485}, 'confidence': 0.9980682308232541, 'timestamp': 360866.606136, 'diameter_3d': 5.60082996005897, 'ellipse': {'center': [139.31716067736582, 180.20561418093308], 'axes': [40.13178432500211, 59.809338273583414], 'angle': -63.18219756218752}, 'location': [139.31716067736582, 180.20561418093308], 'diameter': 59.809338273583414, 'sphere': {'center': [1.765879722315946, -1.4641988726289945, 66.97337994567977], 'radius': 12.0}, 'projected_sphere': {'center': [176.3474716181845, 106.4453115287556], 'axes': [222.17782665394446, 222.17782665394446], 'angle': 90.0}, 'model_confidence': 0.9212450618553802, 'model_id': 32, 'model_birth_timestamp': 360848.025353, 'theta': 2.210064050408632, 'phi': -1.9688467782964192, 'norm_pos': [0.4353661271167682, 0.24914327424611216], 'topic': 'pupil.1', 'id': 1, 'method': '3d c++'}"
1581495770.0290391,"{'circle_3d': {'center': [-1.9719272498916307, 5.689584984051628, 58.09350519597681], 'normal': [-0.3114839143506314, 0.5961486547233852, -0.7399895624752464], 'radius': 2.8443145412258666}, 'confidence': 0.9999413869239502, 'timestamp': 360866.614536, 'diameter_3d': 5.688629082451733, 'ellipse': {'center': [139.27480202267836, 180.1313722390823], 'axes': [40.7796629425244, 60.75039322821937], 'angle': -63.13266814338313}, 'location': [139.27480202267836, 180.1313722390823], 'diameter': 60.75039322821937, 'sphere': {'center': [1.765879722315946, -1.4641988726289945, 66.97337994567977], 'radius': 12.0}, 'projected_sphere': {'center': [176.3474716181845, 106.4453115287556], 'axes': [222.17782665394446, 222.17782665394446], 'angle': 90.0}, 'model_confidence': 0.9214654697389024, 'model_id': 32, 'model_birth_timestamp': 360848.025353, 'theta': 2.20949189543593, 'phi': -1.9692147269588731, 'norm_pos': [0.43523375632086986, 0.24945261567049037], 'topic': 'pupil.1', 'id': 1, 'method': '3d c++'}"
1581495770.03773,"{'circle_3d': {'center': [-2.00513833363988, 5.6493350834849725, 58.07523084168804], 'normal': [-0.31425150466298546, 0.5927944963428305, -0.7415124253326437], 'radius': 2.808013833566352}, 'confidence': 0.9990527896226056, 'timestamp': 360866.622936, 'diameter_3d': 5.616027667132704, 'ellipse': {'center': [138.90908923067502, 179.73694862297393], 'axes': [40.38873387076764, 59.99281009994655], 'angle': -62.78421814840844}, 'location': [138.90908923067502, 179.73694862297393], 'diameter': 59.99281009994655, 'sphere': {'center': [1.765879722315946, -1.4641988726289945, 66.97337994567977], 'radius': 12.0}, 'projected_sphere': {'center': [176.3474716181845, 106.4453115287556], 'axes': [222.17782665394446, 222.17782665394446], 'angle': 90.0}, 'model_confidence': 0.921312516031636, 'model_id': 32, 'model_birth_timestamp': 360848.025353, 'theta': 2.205320653731879, 'phi': -1.971648454010611, 'norm_pos': [0.43409090384585947, 0.25109604740427527], 'topic': 'pupil.1', 'id': 1, 'method': '3d c++'}"
1581495770.045084,"{'circle_3d': {'center': [-1.9978851271704785, 5.654138575837236, 58.07600133580069], 'normal': [-0.3136470707905354, 0.5931947873721859, -0.741448217489923], 'radius': 2.8243560057069566}, 'confidence': 0.998060593529771, 'timestamp': 360866.631336, 'diameter_3d': 5.648712011413913, 'ellipse': {'center': [138.9898758169309, 179.78042099987078], 'axes': [40.61822980817785, 60.341564020246466], 'angle': -62.84750966417911}, 'location': [138.9898758169309, 179.78042099987078], 'diameter': 60.341564020246466, 'sphere': {'center': [1.765879722315946, -1.4641988726289945, 66.97337994567977], 'radius': 12.0}, 'projected_sphere': {'center': [176.3474716181845, 106.4453115287556], 'axes': [222.17782665394446, 222.17782665394446], 'angle': 90.0}, 'model_confidence': 0.9209426054884728, 'model_id': 32, 'model_birth_timestamp': 360848.025353, 'theta': 2.205817782216793, 'phi': -1.970988296616506, 'norm_pos': [0.434343361927909, 0.25091491250053843], 'topic': 'pupil.1', 'id': 1, 'method': '3d c++'}"
1581495770.053438,"{'circle_3d': {'center': [-2.007646624498209, 5.677586249830378, 58.09895578551493], 'normal': [-0.3144605289011796, 0.5951487602049478, -0.739535346680403], 'radius': 2.82536076747066}, 'confidence': 0.9981206625632402, 'timestamp': 360866.639736, 'diameter_3d': 5.65072153494132, 'ellipse': {'center': [138.89386690379922, 180.00702740073623], 'axes': [40.47221048543974, 60.33938703635941], 'angle': -62.85976882058938}, 'location': [138.89386690379922, 180.00702740073623], 'diameter': 60.33938703635941, 'sphere': {'center': [1.765879722315946, -1.4641988726289945, 66.97337994567977], 'radius': 12.0}, 'projected_sphere': {'center': [176.3474716181845, 106.4453115287556], 'axes': [222.17782665394446, 222.17782665394446], 'angle': 90.0}, 'model_confidence': 0.9204342062601567, 'model_id': 32, 'model_birth_timestamp': 360848.025353, 'theta': 2.2082470764555753, 'phi': -1.972847929326396, 'norm_pos': [0.43404333407437257, 0.24997071916359903], 'topic': 'pupil.1', 'id': 1, 'method': '3d c++'}"
1581495770.064917,"{'circle_3d': {'center': [-2.0403570398075423, 5.663005226911226, 58.10120301810687], 'normal': [-0.317186396843624, 0.593933674961685, -0.7393480772977411], 'radius': 2.792439395751074}, 'confidence': 0.9986421231142478, 'timestamp': 360866.648136, 'diameter_3d': 5.584878791502148, 'ellipse': {'center': [138.54066008696327, 179.86392981349934], 'axes': [39.986876854059076, 59.63315676947603], 'angle': -62.59841710580992}, 'location': [138.54066008696327, 179.86392981349934], 'diameter': 59.63315676947603, 'sphere': {'center': [1.765879722315946, -1.4641988726289945, 66.97337994567977], 'radius': 12.0}, 'projected_sphere': {'center': [176.3474716181845, 106.4453115287556], 'axes': [222.17782665394446, 222.17782665394446], 'angle': 90.0}, 'model_confidence': 0.9203300943942283, 'model_id': 32, 'model_birth_timestamp': 360848.025353, 'theta': 2.2067358984473344, 'phi': -1.976057061584042, 'norm_pos': [0.4329395627717602, 0.2505669591104194], 'topic': 'pupil.1', 'id': 1, 'method': '3d c++'}"
1581495770.073569,"{'circle_3d': {'center': [-2.053879446043836, 5.681075796317309, 58.1215727967951], 'normal': [-0.31831326402998184, 0.5954395557455253, -0.7376505957403888], 'radius': 2.87169794507831}, 'confidence': 0.9992839116509309, 'timestamp': 360866.656536, 'diameter_3d': 5.74339589015662, 'ellipse': {'center': [138.42203289910594, 180.00370398947067], 'axes': [40.98019126945897, 61.306249033287145], 'angle': -62.56949246800035}, 'location': [138.42203289910594, 180.00370398947067], 'diameter': 61.306249033287145, 'sphere': {'center': [1.765879722315946, -1.4641988726289945, 66.97337994567977], 'radius': 12.0}, 'projected_sphere': {'center': [176.3474716181845, 106.4453115287556], 'axes': [222.17782665394446, 222.17782665394446], 'angle': 90.0}, 'model_confidence': 0.92022331186149, 'model_id': 32, 'model_birth_timestamp': 360848.025353, 'theta': 2.208608983989736, 'phi': -1.9781790903628278, 'norm_pos': [0.4325688528097061, 0.24998456671053892], 'topic': 'pupil.1', 'id': 1, 'method': '3d c++'}"
1581495770.08184,"{'circle_3d': {'center': [-2.060110391210391, 5.689811107668223, 58.13132470648303], 'normal': [-0.3188325094605281, 0.5961674983581015, -0.7368379365997284], 'radius': 2.813335663498519}, 'confidence': 0.9989844246174124, 'timestamp': 360866.664935, 'diameter_3d': 5.626671326997038, 'ellipse': {'center': [138.34585102701132, 180.11116402680747], 'axes': [40.077981648215506, 60.04895220042037], 'angle': -62.557460433680035}, 'location': [138.34585102701132, 180.11116402680747], 'diameter': 60.04895220042037, 'sphere': {'center': [1.765879722315946, -1.4641988726289945, 66.97337994567977], 'radius': 12.0}, 'projected_sphere': {'center': [176.3474716181845, 106.4453115287556], 'axes': [222.17782665394446, 222.17782665394446], 'angle': 90.0}, 'model_confidence': 0.9200166227529394, 'model_id': 32, 'model_birth_timestamp': 360848.025353, 'theta': 2.209515365864837, 'phi': -1.9791739495933491, 'norm_pos': [0.43233078445941037, 0.24953681655496884], 'topic': 'pupil.1', 'id': 1, 'method': '3d c++'}"
1581495770.0895638,"{'circle_3d': {'center': [-2.1057690060610605, 5.699199488211095, 58.15884308615219], 'normal': [-0.32263739403141717, 0.5969498634033408, -0.7345447382939645], 'radius': 2.845436876044533}, 'confidence': 0.9989685859430342, 'timestamp': 360866.673335, 'diameter_3d': 5.690873752089066, 'ellipse': {'center': [137.8788686499559, 180.17165473313966], 'axes': [40.3461406681948, 60.70623572240308], 'angle': -62.29250719679586}, 'location': [137.8788686499559, 180.17165473313966], 'diameter': 60.70623572240308, 'sphere': {'center': [1.765879722315946, -1.4641988726289945, 66.97337994567977], 'radius': 12.0}, 'projected_sphere': {'center': [176.3474716181845, 106.4453115287556], 'axes': [222.17782665394446, 222.17782665394446], 'angle': 90.0}, 'model_confidence': 0.9198193043343239, 'model_id': 32, 'model_birth_timestamp': 360848.025353, 'theta': 2.210490191303951, 'phi': -1.9846616869355729, 'norm_pos': [0.4308714645311122, 0.24928477194525145], 'topic': 'pupil.1', 'id': 1, 'method': '3d c++'}"
1581495770.097148,"{'circle_3d': {'center': [-2.092658499624803, 5.66937194046171, 58.12895513428345], 'normal': [-0.3215448518283957, 0.5944642344242254, -0.7370354009496929], 'radius': 2.8584052520060754}, 'confidence': 0.9980627878153585, 'timestamp': 360866.681735, 'diameter_3d': 5.716810504012151, 'ellipse': {'center': [138.01083189569704, 179.87846902282763], 'axes': [40.741117069834814, 61.01433179842152], 'angle': -62.2791817034958}, 'location': [138.01083189569704, 179.87846902282763], 'diameter': 61.01433179842152, 'sphere': {'center': [1.765879722315946, -1.4641988726289945, 66.97337994567977], 'radius': 12.0}, 'projected_sphere': {'center': [176.3474716181845, 106.4453115287556], 'axes': [222.17782665394446, 222.17782665394446], 'angle': 90.0}, 'model_confidence': 0.9195634644366235, 'model_id': 32, 'model_birth_timestamp': 360848.025353, 'theta': 2.207395537325839, 'phi': -1.982172104955317, 'norm_pos': [0.43128384967405325, 0.2505063790715515], 'topic': 'pupil.1', 'id': 1, 'method': '3d c++'}"
1581495770.106076,"{'circle_3d': {'center': [-2.1239224381278463, 5.677087242724632, 58.148898557447126], 'normal': [-0.32415018003698265, 0.5951071762794689, -0.735373449019387], 'radius': 2.840398486241167}, 'confidence': 0.9987943487231226, 'timestamp': 360866.690135, 'diameter_3d': 5.680796972482334, 'ellipse': {'center': [137.68231607898912, 179.94900069246052], 'axes': [40.34611794656804, 60.608825793578106], 'angle': -62.10241703527283}, 'location': [137.68231607898912, 179.94900069246052], 'diameter': 60.608825793578106, 'sphere': {'center': [1.765879722315946, -1.4641988726289945, 66.97337994567977], 'radius': 12.0}, 'projected_sphere': {'center': [176.3474716181845, 106.4453115287556], 'axes': [222.17782665394446, 222.17782665394446], 'angle': 90.0}, 'model_confidence': 0.9192539790845222, 'model_id': 32, 'model_birth_timestamp': 360848.025353, 'theta': 2.2081953314032376, 'phi': -1.9859704709654398, 'norm_pos': [0.430257237746841, 0.2502124971147478], 'topic': 'pupil.1', 'id': 1, 'method': '3d c++'}"
1581495770.113197,"{'circle_3d': {'center': [-2.141159339327266, 5.675409793626166, 58.15515825060267], 'normal': [-0.3255865884702676, 0.5949673888545967, -0.7348518079230912], 'radius': 2.834022605790885}, 'confidence': 0.9989895852726344, 'timestamp': 360866.698535, 'diameter_3d': 5.66804521158177, 'ellipse': {'center': [137.50051265091744, 179.92802965836538], 'axes': [40.212875422155506, 60.46611389461764], 'angle': -61.98569826390024}, 'location': [137.50051265091744, 179.92802965836538], 'diameter': 60.46611389461764, 'sphere': {'center': [1.765879722315946, -1.4641988726289945, 66.97337994567977], 'radius': 12.0}, 'projected_sphere': {'center': [176.3474716181845, 106.4453115287556], 'axes': [222.17782665394446, 222.17782665394446], 'angle': 90.0}, 'model_confidence': 0.9193823293298431, 'model_id': 32, 'model_birth_timestamp': 360848.025353, 'theta': 2.2080214011354835, 'phi': -1.9878675592472579, 'norm_pos': [0.42968910203411703, 0.2502998764234776], 'topic': 'pupil.1', 'id': 1, 'method': '3d c++'}"
1581495770.121463,"{'circle_3d': {'center': [-2.177187424948259, 5.6524345724372855, 58.15262318218551], 'normal': [-0.32858892893868374, 0.5930527870888567, -0.7350630636245219], 'radius': 2.8609692046419033}, 'confidence': 0.9990023079217611, 'timestamp': 360866.706935, 'diameter_3d': 5.721938409283807, 'ellipse': {'center': [137.12470478530074, 179.6762122800494], 'axes': [40.617164621133746, 61.04418059545898], 'angle': -61.67718668995463}, 'location': [137.12470478530074, 179.6762122800494], 'diameter': 61.04418059545898, 'sphere': {'center': [1.765879722315946, -1.4641988726289945, 66.97337994567977], 'radius': 12.0}, 'projected_sphere': {'center': [176.3474716181845, 106.4453115287556], 'axes': [222.17782665394446, 222.17782665394446], 'angle': 90.0}, 'model_confidence': 0.9194569883204995, 'model_id': 32, 'model_birth_timestamp': 360848.025353, 'theta': 2.20564140872985, 'phi': -1.9911704980643508, 'norm_pos': [0.4285147024540648, 0.2513491154997941], 'topic': 'pupil.1', 'id': 1, 'method': '3d c++'}"
1581495770.129766,"{'circle_3d': {'center': [-2.2167366580739873, 5.638977236733195, 58.15954673157616], 'normal': [-0.3318846983658278, 0.5919313424468492, -0.7344861011753009], 'radius': 2.862878008915378}, 'confidence': 0.9988762587517671, 'timestamp': 360866.715335, 'diameter_3d': 5.725756017830756, 'ellipse': {'center': [136.7090706653725, 179.52664125182008], 'axes': [40.59860306795774, 61.07760329878781], 'angle': -61.37810257567142}, 'location': [136.7090706653725, 179.52664125182008], 'diameter': 61.07760329878781, 'sphere': {'center': [1.765879722315946, -1.4641988726289945, 66.97337994567977], 'radius': 12.0}, 'projected_sphere': {'center': [176.3474716181845, 106.4453115287556], 'axes': [222.17782665394446, 222.17782665394446], 'angle': 90.0}, 'model_confidence': 0.9191854331450422, 'model_id': 32, 'model_birth_timestamp': 360848.025353, 'theta': 2.2042493060842427, 'phi': -1.9951957370531905, 'norm_pos': [0.42721584582928906, 0.2519723281174163], 'topic': 'pupil.1', 'id': 1, 'method': '3d c++'}"
1581495770.137145,"{'circle_3d': {'center': [-2.236222655835446, 5.6453488501893, 58.173521552968886], 'normal': [-0.33350853151261595, 0.5924623102348578, -0.7333215327259069], 'radius': 2.833659553382709}, 'confidence': 0.9989451456893483, 'timestamp': 360866.723735, 'diameter_3d': 5.667319106765418, 'ellipse': {'center': [136.50086140765498, 179.59305430608552], 'axes': [40.08693598448881, 60.43910011444031], 'angle': -61.2751087506147}, 'location': [136.50086140765498, 179.59305430608552], 'diameter': 60.43910011444031, 'sphere': {'center': [1.765879722315946, -1.4641988726289945, 66.97337994567977], 'radius': 12.0}, 'projected_sphere': {'center': [176.3474716181845, 106.4453115287556], 'axes': [222.17782665394446, 222.17782665394446], 'angle': 90.0}, 'model_confidence': 0.9193303173153478, 'model_id': 32, 'model_birth_timestamp': 360848.025353, 'theta': 2.2049082440300927, 'phi': -1.9976278641745544, 'norm_pos': [0.42656519189892184, 0.251695607057977], 'topic': 'pupil.1', 'id': 1, 'method': '3d c++'}"
1581495770.149031,"{'circle_3d': {'center': [-2.234766441038232, 5.633183601853974, 58.16304554302844], 'normal': [-0.3333871802795148, 0.5914485395402473, -0.7341945335542773], 'radius': 2.874957293130765}, 'confidence': 0.9995176603102954, 'timestamp': 360866.732135, 'diameter_3d': 5.74991458626153, 'ellipse': {'center': [136.52242589063974, 179.4571588547398], 'axes': [40.746910954921, 61.33187486305893], 'angle': -61.24310334636901}, 'location': [136.52242589063974, 179.4571588547398], 'diameter': 61.33187486305893, 'sphere': {'center': [1.765879722315946, -1.4641988726289945, 66.97337994567977], 'radius': 12.0}, 'projected_sphere': {'center': [176.3474716181845, 106.4453115287556], 'axes': [222.17782665394446, 222.17782665394446], 'angle': 90.0}, 'model_confidence': 0.9193636161516583, 'model_id': 32, 'model_birth_timestamp': 360848.025353, 'theta': 2.2036504180754357, 'phi': -1.9970426585098782, 'norm_pos': [0.4266325809082492, 0.25226183810525094], 'topic': 'pupil.1', 'id': 1, 'method': '3d c++'}"
1581495770.157513,"{'circle_3d': {'center': [-2.2209629276470855, 5.639926484151738, 58.162222893420356], 'normal': [-0.33223688749691926, 0.5920104463983944, -0.7342630876882844], 'radius': 2.8395946029442327}, 'confidence': 0.999205531365507, 'timestamp': 360866.740535, 'diameter_3d': 5.679189205888465, 'ellipse': {'center': [136.65976489383578, 179.54372638425966], 'axes': [40.24922675359901, 60.57754164919428], 'angle': -61.35424856829351}, 'location': [136.65976489383578, 179.54372638425966], 'diameter': 60.57754164919428, 'sphere': {'center': [1.765879722315946, -1.4641988726289945, 66.97337994567977], 'radius': 12.0}, 'projected_sphere': {'center': [176.3474716181845, 106.4453115287556], 'axes': [222.17782665394446, 222.17782665394446], 'angle': 90.0}, 'model_confidence': 0.9193022822857277, 'model_id': 32, 'model_birth_timestamp': 360848.025353, 'theta': 2.2043474548959194, 'phi': -1.995707910592875, 'norm_pos': [0.4270617652932368, 0.2519011400655847], 'topic': 'pupil.1', 'id': 1, 'method': '3d c++'}"
1581495770.1662579,"{'circle_3d': {'center': [-2.249923451290755, 5.647581433490448, 58.18157093112867], 'normal': [-0.334650264467225, 0.5926483588432868, -0.7326507512125917], 'radius': 2.8605388304412056}, 'confidence': 0.9988542269694756, 'timestamp': 360866.748935, 'diameter_3d': 5.721077660882411, 'ellipse': {'center': [136.3651420136212, 179.59828500422975], 'axes': [40.41222389403321, 61.0046334702714], 'angle': -61.19533369998783}, 'location': [136.3651420136212, 179.59828500422975], 'diameter': 61.0046334702714, 'sphere': {'center': [1.765879722315946, -1.4641988726289945, 66.97337994567977], 'radius': 12.0}, 'projected_sphere': {'center': [176.3474716181845, 106.4453115287556], 'axes': [222.17782665394446, 222.17782665394446], 'angle': 90.0}, 'model_confidence': 0.9190018881629847, 'model_id': 32, 'model_birth_timestamp': 360848.025353, 'theta': 2.2051392083239505, 'phi': -1.9992629464749996, 'norm_pos': [0.4261410687925663, 0.2516738124823761], 'topic': 'pupil.1', 'id': 1, 'method': '3d c++'}"
1581495770.173376,"{'circle_3d': {'center': [-2.280084901240148, 5.605224624065476, 58.16126205669776], 'normal': [-0.3371637186296744, 0.5891186247245392, -0.7343431574151674], 'radius': 2.837978913952194}, 'confidence': 0.9990386293246808, 'timestamp': 360866.757335, 'diameter_3d': 5.675957827904388, 'ellipse': {'center': [136.03346224233962, 179.1780816301249], 'axes': [40.237973304549875, 60.543812571595964], 'angle': -60.858133323757336}, 'location': [136.03346224233962, 179.1780816301249], 'diameter': 60.543812571595964, 'sphere': {'center': [1.765879722315946, -1.4641988726289945, 66.97337994567977], 'radius': 12.0}, 'projected_sphere': {'center': [176.3474716181845, 106.4453115287556], 'axes': [222.17782665394446, 222.17782665394446], 'angle': 90.0}, 'model_confidence': 0.918858626518515, 'model_id': 32, 'model_birth_timestamp': 360848.025353, 'theta': 2.2007639851860414, 'phi': -2.0012221079367296, 'norm_pos': [0.42510456950731135, 0.2534246598744796], 'topic': 'pupil.1', 'id': 1, 'method': '3d c++'}"
1581495770.1818519,"{'circle_3d': {'center': [-2.2863560946185872, 5.595795757828113, 58.15658570390063], 'normal': [-0.33768631807787775, 0.5883328858714256, -0.7347328534815947], 'radius': 2.8419659124858163}, 'confidence': 0.9986914606241437, 'timestamp': 360866.765735, 'diameter_3d': 5.683931824971633, 'ellipse': {'center': [135.9663819658477, 179.08098792568396], 'axes': [40.328064370996316, 60.63377025350605], 'angle': -60.78562675340994}, 'location': [135.9663819658477, 179.08098792568396], 'diameter': 60.63377025350605, 'sphere': {'center': [1.765879722315946, -1.4641988726289945, 66.97337994567977], 'radius': 12.0}, 'projected_sphere': {'center': [176.3474716181845, 106.4453115287556], 'axes': [222.17782665394446, 222.17782665394446], 'angle': 90.0}, 'model_confidence': 0.9184978383317, 'model_id': 32, 'model_birth_timestamp': 360848.025353, 'theta': 2.1997919364315037, 'phi': -2.001608357273093, 'norm_pos': [0.424894943643274, 0.2538292169763169], 'topic': 'pupil.1', 'id': 1, 'method': '3d c++'}"
1581495770.1893508,"{'circle_3d': {'center': [-2.291527489311651, 5.607574779288176, 58.168411794966076], 'normal': [-0.33811726763563305, 0.5893144709930975, -0.7337473458928074], 'radius': 2.8340527598172596}, 'confidence': 0.9987949184894481, 'timestamp': 360866.774135, 'diameter_3d': 5.668105519634519, 'ellipse': {'center': [135.9140189814012, 179.19796354214128], 'axes': [40.13296077575599, 60.45255787404333], 'angle': -60.79341220377422}, 'location': [135.9140189814012, 179.19796354214128], 'diameter': 60.45255787404333, 'sphere': {'center': [1.765879722315946, -1.4641988726289945, 66.97337994567977], 'radius': 12.0}, 'projected_sphere': {'center': [176.3474716181845, 106.4453115287556], 'axes': [222.17782665394446, 222.17782665394446], 'angle': 90.0}, 'model_confidence': 0.9182635225861269, 'model_id': 32, 'model_birth_timestamp': 360848.025353, 'theta': 2.2010063766349566, 'phi': -2.002602447390178, 'norm_pos': [0.42473130931687875, 0.2533418185744113], 'topic': 'pupil.1', 'id': 1, 'method': '3d c++'}"
1581495770.1974761,"{'circle_3d': {'center': [-2.3062756901534724, 5.60868470153384, 58.17611512966828], 'normal': [-0.3393462843724515, 0.5894069645135696, -0.7331054013342904], 'radius': 2.836234856950049}, 'confidence': 0.9990429745456332, 'timestamp': 360866.782535, 'diameter_3d': 5.672469713900098, 'ellipse': {'center': [135.7612952887486, 179.2017433350404], 'axes': [40.11107408945588, 60.49116428566217], 'angle': -60.703550614730815}, 'location': [135.7612952887486, 179.2017433350404], 'diameter': 60.49116428566217, 'sphere': {'center': [1.765879722315946, -1.4641988726289945, 66.97337994567977], 'radius': 12.0}, 'projected_sphere': {'center': [176.3474716181845, 106.4453115287556], 'axes': [222.17782665394446, 222.17782665394446], 'angle': 90.0}, 'model_confidence': 0.9180507557683404, 'model_id': 32, 'model_birth_timestamp': 360848.025353, 'theta': 2.201120867233783, 'phi': -2.004316741579355, 'norm_pos': [0.42425404777733944, 0.2533260694373317], 'topic': 'pupil.1', 'id': 1, 'method': '3d c++'}"
1581495770.206163,"{'circle_3d': {'center': [-2.3381176315618672, 5.569814556530611, 58.159762028061245], 'normal': [-0.34199977948981775, 0.5861677857633004, -0.7344681598015433], 'radius': 2.8447917772902915}, 'confidence': 0.9992870224292316, 'timestamp': 360866.790935, 'diameter_3d': 5.689583554580583, 'ellipse': {'center': [135.42050412080988, 178.80201884878417], 'axes': [40.35013128460214, 60.69065726295245], 'angle': -60.36619365937899}, 'location': [135.42050412080988, 178.80201884878417], 'diameter': 60.69065726295245, 'sphere': {'center': [1.765879722315946, -1.4641988726289945, 66.97337994567977], 'radius': 12.0}, 'projected_sphere': {'center': [176.3474716181845, 106.4453115287556], 'axes': [222.17782665394446, 222.17782665394446], 'angle': 90.0}, 'model_confidence': 0.9180544289690284, 'model_id': 32, 'model_birth_timestamp': 360848.025353, 'theta': 2.197117007564475, 'phi': -2.0065823557410343, 'norm_pos': [0.42318907537753087, 0.25499158813006595], 'topic': 'pupil.1', 'id': 1, 'method': '3d c++'}"
1581495770.213674,"{'circle_3d': {'center': [-2.347133895660644, 5.55493835236585, 58.15210840496463], 'normal': [-0.3427511348313824, 0.5849281020829037, -0.7351059617262614], 'radius': 2.851771433146914}, 'confidence': 0.9990548699942082, 'timestamp': 360866.799335, 'diameter_3d': 5.703542866293828, 'ellipse': {'center': [135.32398142129057, 178.64875638176616], 'axes': [40.50415104580635, 60.8476268939406], 'angle': -60.256751962303724}, 'location': [135.32398142129057, 178.64875638176616], 'diameter': 60.8476268939406, 'sphere': {'center': [1.765879722315946, -1.4641988726289945, 66.97337994567977], 'radius': 12.0}, 'projected_sphere': {'center': [176.3474716181845, 106.4453115287556], 'axes': [222.17782665394446, 222.17782665394446], 'angle': 90.0}, 'model_confidence': 0.9179688012398879, 'model_id': 32, 'model_birth_timestamp': 360848.025353, 'theta': 2.195587737617303, 'phi': -2.0070901959546577, 'norm_pos': [0.42288744194153305, 0.25563018174264096], 'topic': 'pupil.1', 'id': 1, 'method': '3d c++'}"
1581495770.222456,"{'circle_3d': {'center': [-2.3495426325992046, 5.547020049941098, 58.14693626430618], 'normal': [-0.34295186290959584, 0.5842682435475077, -0.7355369734477988], 'radius': 2.8781543367041618}, 'confidence': 0.9993423097862705, 'timestamp': 360866.807735, 'diameter_3d': 5.7563086734083235, 'ellipse': {'center': [135.30307493860676, 178.55893971262213], 'axes': [40.91679770039623, 61.416587366484684], 'angle': -60.21357773944567}, 'location': [135.30307493860676, 178.55893971262213], 'diameter': 61.416587366484684, 'sphere': {'center': [1.765879722315946, -1.4641988726289945, 66.97337994567977], 'radius': 12.0}, 'projected_sphere': {'center': [176.3474716181845, 106.4453115287556], 'axes': [222.17782665394446, 222.17782665394446], 'angle': 90.0}, 'model_confidence': 0.9178368941946013, 'model_id': 32, 'model_birth_timestamp': 360848.025353, 'theta': 2.194774425781024, 'phi': -2.0070899326032206, 'norm_pos': [0.4228221091831461, 0.25600441786407446], 'topic': 'pupil.1', 'id': 1, 'method': '3d c++'}"
1581495770.233401,"{'circle_3d': {'center': [-2.352611566007182, 5.56695341300424, 58.16424110898063], 'normal': [-0.3432076073602607, 0.585929357136103, -0.7340949030582614], 'radius': 2.8464089585935604}, 'confidence': 0.9997362773278923, 'timestamp': 360866.816135, 'diameter_3d': 5.692817917187121, 'ellipse': {'center': [135.26919317404312, 178.76700735575412], 'axes': [40.34273236246112, 60.72051149749434], 'angle': -60.264321236313144}, 'location': [135.26919317404312, 178.76700735575412], 'diameter': 60.72051149749434, 'sphere': {'center': [1.765879722315946, -1.4641988726289945, 66.97337994567977], 'radius': 12.0}, 'projected_sphere': {'center': [176.3474716181845, 106.4453115287556], 'axes': [222.17782665394446, 222.17782665394446], 'angle': 90.0}, 'model_confidence': 0.9179140916478312, 'model_id': 32, 'model_birth_timestamp': 360848.025353, 'theta': 2.196822751469054, 'phi': -2.00812796508066, 'norm_pos': [0.42271622866888475, 0.25513746935102455], 'topic': 'pupil.1', 'id': 1, 'method': '3d c++'}"
1581495770.241506,"{'circle_3d': {'center': [-2.338051201364257, 5.602189753787307, 58.18566677591167], 'normal': [-0.34199424364001685, 0.5888657188680252, -0.7323094308140082], 'radius': 2.8210255441720418}, 'confidence': 0.9983121725317082, 'timestamp': 360866.824535, 'diameter_3d': 5.6420510883440835, 'ellipse': {'center': [135.4249973893566, 179.1303700416525], 'axes': [39.83145022838188, 60.1565260639902], 'angle': -60.47967267274591}, 'location': [135.4249973893566, 179.1303700416525], 'diameter': 60.1565260639902, 'sphere': {'center': [1.765879722315946, -1.4641988726289945, 66.97337994567977], 'radius': 12.0}, 'projected_sphere': {'center': [176.3474716181845, 106.4453115287556], 'axes': [222.17782665394446, 222.17782665394446], 'angle': 90.0}, 'model_confidence': 0.91765541825094, 'model_id': 32, 'model_birth_timestamp': 360848.025353, 'theta': 2.2004510366204446, 'phi': -2.007703608480463, 'norm_pos': [0.4232031168417394, 0.25362345815978127], 'topic': 'pupil.1', 'id': 1, 'method': '3d c++'}"
1581495770.249683,"{'circle_3d': {'center': [-2.354103627699276, 5.622919874722413, 58.20990546026375], 'normal': [-0.3433319458346018, 0.5905932289459507, -0.7302895404513349], 'radius': 2.8199291118009273}, 'confidence': 0.9976154810394533, 'timestamp': 360866.832935, 'diameter_3d': 5.639858223601855, 'ellipse': {'center': [135.26392044076263, 179.3277407337494], 'axes': [39.64833897285326, 60.108249334910504], 'angle': -60.45036695143318}, 'location': [135.26392044076263, 179.3277407337494], 'diameter': 60.108249334910504, 'sphere': {'center': [1.765879722315946, -1.4641988726289945, 66.97337994567977], 'radius': 12.0}, 'projected_sphere': {'center': [176.3474716181845, 106.4453115287556], 'axes': [222.17782665394446, 222.17782665394446], 'angle': 90.0}, 'model_confidence': 0.9170460557779037, 'model_id': 32, 'model_birth_timestamp': 360848.025353, 'theta': 2.20259010187116, 'phi': -2.0102647240047817, 'norm_pos': [0.42269975137738325, 0.2528010802760441], 'topic': 'pupil.1', 'id': 1, 'method': '3d c++'}"
1581495770.257122,"{'circle_3d': {'center': [-2.3435341785764567, 5.6055273325074975, 58.19091509943309], 'normal': [-0.3424511584077002, 0.589143850428041, -0.7318720705205565], 'radius': 2.8413572262927547}, 'confidence': 0.9981432981911756, 'timestamp': 360866.841335, 'diameter_3d': 5.682714452585509, 'ellipse': {'center': [135.37383529266475, 179.1526853874212], 'axes': [40.082735459274566, 60.58512997448098], 'angle': -60.45664047293881}, 'location': [135.37383529266475, 179.1526853874212], 'diameter': 60.58512997448098, 'sphere': {'center': [1.765879722315946, -1.4641988726289945, 66.97337994567977], 'radius': 12.0}, 'projected_sphere': {'center': [176.3474716181845, 106.4453115287556], 'axes': [222.17782665394446, 222.17782665394446], 'angle': 90.0}, 'model_confidence': 0.9166039510305368, 'model_id': 32, 'model_birth_timestamp': 360848.025353, 'theta': 2.200795203672419, 'phi': -2.0084449919100686, 'norm_pos': [0.4230432352895773, 0.25353047755241165], 'topic': 'pupil.1', 'id': 1, 'method': '3d c++'}"
1581495770.2648,"{'circle_3d': {'center': [-2.3095669892046757, 5.6622919406775605, 58.221016676858426], 'normal': [-0.33962055929338514, 0.5938742344422129, -0.729363605735112], 'radius': 2.791717010456047}, 'confidence': 0.997624156451487, 'timestamp': 360866.849735, 'diameter_3d': 5.583434020912094, 'ellipse': {'center': [135.73224453060934, 179.7449996006734], 'axes': [39.17064586360992, 59.49514342668434], 'angle': -60.86698365356522}, 'location': [135.73224453060934, 179.7449996006734], 'diameter': 59.49514342668434, 'sphere': {'center': [1.765879722315946, -1.4641988726289945, 66.97337994567977], 'radius': 12.0}, 'projected_sphere': {'center': [176.3474716181845, 106.4453115287556], 'axes': [222.17782665394446, 222.17782665394446], 'angle': 90.0}, 'model_confidence': 0.9161618755097134, 'model_id': 32, 'model_birth_timestamp': 360848.025353, 'theta': 2.206662016702695, 'phi': -2.0065797399111567, 'norm_pos': [0.4241632641581542, 0.2510625016638609], 'topic': 'pupil.1', 'id': 1, 'method': '3d c++'}"
1581495770.275685,"{'circle_3d': {'center': [-2.3218168044220775, 5.668527476332871, 58.23181532965599], 'normal': [-0.3406413772281686, 0.5943938624134888, -0.728463718001982], 'radius': 2.8235115243917526}, 'confidence': 0.9981687083836425, 'timestamp': 360866.858135, 'diameter_3d': 5.647023048783505, 'ellipse': {'center': [135.61418040050043, 179.7882053323146], 'axes': [39.543520936190255, 60.16236669254785], 'angle': -60.81101114014082}, 'location': [135.61418040050043, 179.7882053323146], 'diameter': 60.16236669254785, 'sphere': {'center': [1.765879722315946, -1.4641988726289945, 66.97337994567977], 'radius': 12.0}, 'projected_sphere': {'center': [176.3474716181845, 106.4453115287556], 'axes': [222.17782665394446, 222.17782665394446], 'angle': 90.0}, 'model_confidence': 0.9157380099862111, 'model_id': 32, 'model_birth_timestamp': 360848.025353, 'theta': 2.2073080260650664, 'phi': -2.0082028633018028, 'norm_pos': [0.42379431375156384, 0.25088247778202255], 'topic': 'pupil.1', 'id': 1, 'method': '3d c++'}"
1581495770.280996,"{'circle_3d': {'center': [-2.326420429447654, 5.655970580732318, 58.22373615731352], 'normal': [-0.34102501264696666, 0.5933474544467761, -0.729136982363854], 'radius': 2.853893416889038}, 'confidence': 0.9977661659980757, 'timestamp': 360866.866535, 'diameter_3d': 5.707786833778076, 'ellipse': {'center': [135.56983273410023, 179.65072299944654], 'axes': [40.02723556535818, 60.81880471939804], 'angle': -60.738997327852466}, 'location': [135.56983273410023, 179.65072299944654], 'diameter': 60.81880471939804, 'sphere': {'center': [1.765879722315946, -1.4641988726289945, 66.97337994567977], 'radius': 12.0}, 'projected_sphere': {'center': [176.3474716181845, 106.4453115287556], 'axes': [222.17782665394446, 222.17782665394446], 'angle': 90.0}, 'model_confidence': 0.9152204915846895, 'model_id': 32, 'model_birth_timestamp': 360848.025353, 'theta': 2.206007430116915, 'phi': -2.0082802948828884, 'norm_pos': [0.4236557272940632, 0.2514553208356394], 'topic': 'pupil.1', 'id': 1, 'method': '3d c++'}"
1581495770.291293,"{'circle_3d': {'center': [-2.3043553142499373, 5.689823853141915, 58.24107523350527], 'normal': [-0.3391862530471569, 0.5961685604809092, -0.7276920593478745], 'radius': 2.849668384074254}, 'confidence': 0.999155332986264, 'timestamp': 360866.874935, 'diameter_3d': 5.699336768148508, 'ellipse': {'center': [135.80831006609014, 179.9941379087179], 'axes': [39.844157929128045, 60.71082811722726], 'angle': -60.99369947208044}, 'location': [135.80831006609014, 179.9941379087179], 'diameter': 60.71082811722726, 'sphere': {'center': [1.765879722315946, -1.4641988726289945, 66.97337994567977], 'radius': 12.0}, 'projected_sphere': {'center': [176.3474716181845, 106.4453115287556], 'axes': [222.17782665394446, 222.17782665394446], 'angle': 90.0}, 'model_confidence': 0.9151835786105122, 'model_id': 32, 'model_birth_timestamp': 360848.025353, 'theta': 2.2095166887894053, 'phi': -2.006968199710081, 'norm_pos': [0.4244009689565317, 0.2500244253803421], 'topic': 'pupil.1', 'id': 1, 'method': '3d c++'}"
1581495770.297125,"{'circle_3d': {'center': [-2.297050087612189, 5.730605365287399, 58.27123116864443], 'normal': [-0.3385774841606779, 0.5995670198263662, -0.7251790647529449], 'radius': 2.8582582207718463}, 'confidence': 0.998638729762217, 'timestamp': 360866.883335, 'diameter_3d': 5.716516441543693, 'ellipse': {'center': [135.8983865264345, 180.39336426916103], 'axes': [39.75164686962751, 60.862836977760516], 'angle': -61.17740793681095}, 'location': [135.8983865264345, 180.39336426916103], 'diameter': 60.862836977760516, 'sphere': {'center': [1.765879722315946, -1.4641988726289945, 66.97337994567977], 'radius': 12.0}, 'projected_sphere': {'center': [176.3474716181845, 106.4453115287556], 'axes': [222.17782665394446, 222.17782665394446], 'angle': 90.0}, 'model_confidence': 0.9148428921851637, 'model_id': 32, 'model_birth_timestamp': 360848.025353, 'theta': 2.2137563201469495, 'phi': -2.007605314696052, 'norm_pos': [0.42468245789510783, 0.248360982211829], 'topic': 'pupil.1', 'id': 1, 'method': '3d c++'}"
1581495770.306209,"{'circle_3d': {'center': [-2.3125495062237222, 5.714014491005305, 58.26478258824411], 'normal': [-0.33986910237830564, 0.5981844469695249, -0.7257164464529713], 'radius': 2.8473548471328884}, 'confidence': 0.9988204147434664, 'timestamp': 360866.891735, 'diameter_3d': 5.694709694265777, 'ellipse': {'center': [135.72975738356055, 180.2285646124049], 'axes': [39.64614594310206, 60.636994840316895], 'angle': -61.023993838495755}, 'location': [135.72975738356055, 180.2285646124049], 'diameter': 60.636994840316895, 'sphere': {'center': [1.765879722315946, -1.4641988726289945, 66.97337994567977], 'radius': 12.0}, 'projected_sphere': {'center': [176.3474716181845, 106.4453115287556], 'axes': [222.17782665394446, 222.17782665394446], 'angle': 90.0}, 'model_confidence': 0.9148870095919803, 'model_id': 32, 'model_birth_timestamp': 360848.025353, 'theta': 2.2120299204654548, 'phi': -2.0087820715925195, 'norm_pos': [0.4241554918236267, 0.24904764744831287], 'topic': 'pupil.1', 'id': 1, 'method': '3d c++'}"
1581495770.3174121,"{'circle_3d': {'center': [-2.270119214581663, 5.741602846273652, 58.26779931201604], 'normal': [-0.33633324474146736, 0.6004834765752206, -0.725465052805311], 'radius': 2.8530021137782544}, 'confidence': 0.998071016291956, 'timestamp': 360866.900135, 'diameter_3d': 5.706004227556509, 'ellipse': {'center': [136.1803687389529, 180.51487126915774], 'axes': [39.70020570057411, 60.754430446338745], 'angle': -61.383909942927446}, 'location': [136.1803687389529, 180.51487126915774], 'diameter': 60.754430446338745, 'sphere': {'center': [1.765879722315946, -1.4641988726289945, 66.97337994567977], 'radius': 12.0}, 'projected_sphere': {'center': [176.3474716181845, 106.4453115287556], 'axes': [222.17782665394446, 222.17782665394446], 'angle': 90.0}, 'model_confidence': 0.9144719114813404, 'model_id': 32, 'model_birth_timestamp': 360848.025353, 'theta': 2.2149019183688026, 'phi': -2.004910956130561, 'norm_pos': [0.42556365230922777, 0.2478547030451761], 'topic': 'pupil.1', 'id': 1, 'method': '3d c++'}"
1581495770.3251772,"{'circle_3d': {'center': [-2.2601087012167955, 5.7053907803167485, 58.23333409786217], 'normal': [-0.3354990352943951, 0.5974658044121453, -0.7283371539848001], 'radius': 2.789668595564294}, 'confidence': 0.9969812667104667, 'timestamp': 360866.908535, 'diameter_3d': 5.579337191128588, 'ellipse': {'center': [136.25911984181985, 180.18998628459053], 'axes': [39.053016843840076, 59.439151919001304], 'angle': -61.325911452334864}, 'location': [136.25911984181985, 180.18998628459053], 'diameter': 59.439151919001304, 'sphere': {'center': [1.765879722315946, -1.4641988726289945, 66.97337994567977], 'radius': 12.0}, 'projected_sphere': {'center': [176.3474716181845, 106.4453115287556], 'axes': [222.17782665394446, 222.17782665394446], 'angle': 90.0}, 'model_confidence': 0.913793343729552, 'model_id': 32, 'model_birth_timestamp': 360848.025353, 'theta': 2.211133439896951, 'phi': -2.0024606842762576, 'norm_pos': [0.42580974950568706, 0.24920839048087273], 'topic': 'pupil.1', 'id': 1, 'method': '3d c++'}"
1581495770.333463,"{'circle_3d': {'center': [-2.2582211501653617, 5.68197449650726, 58.213310405639405], 'normal': [-0.33534173937344225, 0.5955144474280212, -0.7300057950033636], 'radius': 2.833301292281171}, 'confidence': 0.9980618640844098, 'timestamp': 360866.916935, 'diameter_3d': 5.666602584562342, 'ellipse': {'center': [136.28214524243072, 179.94362574376856], 'axes': [39.805025024469415, 60.39044063675279], 'angle': -61.25905722484416}, 'location': [136.28214524243072, 179.94362574376856], 'diameter': 60.39044063675279, 'sphere': {'center': [1.765879722315946, -1.4641988726289945, 66.97337994567977], 'radius': 12.0}, 'projected_sphere': {'center': [176.3474716181845, 106.4453115287556], 'axes': [222.17782665394446, 222.17782665394446], 'angle': 90.0}, 'model_confidence': 0.9134610069663096, 'model_id': 32, 'model_birth_timestamp': 360848.025353, 'theta': 2.208702205622411, 'phi': -2.0014138127637846, 'norm_pos': [0.425881703882596, 0.25023489273429766], 'topic': 'pupil.1', 'id': 1, 'method': '3d c++'}"
1581495770.341409,"{'circle_3d': {'center': [-2.216925585717287, 5.684278623506558, 58.19633423738213], 'normal': [-0.3319004423361027, 0.5957064580112961, -0.7314204756914693], 'radius': 2.8237566167966777}, 'confidence': 0.9980951959892237, 'timestamp': 360866.925335, 'diameter_3d': 5.647513233593355, 'ellipse': {'center': [136.71062984437117, 179.98766428554856], 'axes': [39.7855922383919, 60.20432415071901], 'angle': -61.52958379198966}, 'location': [136.71062984437117, 179.98766428554856], 'diameter': 60.20432415071901, 'sphere': {'center': [1.765879722315946, -1.4641988726289945, 66.97337994567977], 'radius': 12.0}, 'projected_sphere': {'center': [176.3474716181845, 106.4453115287556], 'axes': [222.17782665394446, 222.17782665394446], 'angle': 90.0}, 'model_confidence': 0.9131420987220973, 'model_id': 32, 'model_birth_timestamp': 360848.025353, 'theta': 2.20894124077471, 'phi': -1.9967852387229812, 'norm_pos': [0.4272207182636599, 0.2500513988102143], 'topic': 'pupil.1', 'id': 1, 'method': '3d c++'}"
1581495770.3496478,"{'circle_3d': {'center': [-2.2330479762677893, 5.703513645444407, 58.21938231489681], 'normal': [-0.33324397488197793, 0.5973093765061168, -0.7294998025652464], 'radius': 2.837728117889244}, 'confidence': 0.9979507412470732, 'timestamp': 360866.933735, 'diameter_3d': 5.675456235778488, 'ellipse': {'center': [136.5514584038464, 180.1638883040532], 'axes': [39.82269830056713, 60.4787411657318], 'angle': -61.491375489344}, 'location': [136.5514584038464, 180.1638883040532], 'diameter': 60.4787411657318, 'sphere': {'center': [1.765879722315946, -1.4641988726289945, 66.97337994567977], 'radius': 12.0}, 'projected_sphere': {'center': [176.3474716181845, 106.4453115287556], 'axes': [222.17782665394446, 222.17782665394446], 'angle': 90.0}, 'model_confidence': 0.9126765614427601, 'model_id': 32, 'model_birth_timestamp': 360848.025353, 'theta': 2.210938381117613, 'phi': -1.9993003258823308, 'norm_pos': [0.42672330751202, 0.249317132066445], 'topic': 'pupil.1', 'id': 1, 'method': '3d c++'}"
1581495770.357493,"{'circle_3d': {'center': [-2.2102437968395563, 5.759533227355766, 58.25511542181562], 'normal': [-0.33134362659629185, 0.60197767499873, -0.726522043655346], 'radius': 2.8153989320252295}, 'confidence': 0.9957726812587727, 'timestamp': 360866.942135, 'diameter_3d': 5.630797864050459, 'ellipse': {'center': [136.79974106185196, 180.73144557031853], 'axes': [39.25867238656986, 59.96593428656654], 'angle': -61.82212563807948}, 'location': [136.79974106185196, 180.73144557031853], 'diameter': 59.96593428656654, 'sphere': {'center': [1.765879722315946, -1.4641988726289945, 66.97337994567977], 'radius': 12.0}, 'projected_sphere': {'center': [176.3474716181845, 106.4453115287556], 'axes': [222.17782665394446, 222.17782665394446], 'angle': 90.0}, 'model_confidence': 0.9117104370029216, 'model_id': 32, 'model_birth_timestamp': 360848.025353, 'theta': 2.216771827841765, 'phi': -1.9986851266023729, 'norm_pos': [0.42749919081828736, 0.2469523101236728], 'topic': 'pupil.1', 'id': 1, 'method': '3d c++'}"
1581495770.366726,"{'circle_3d': {'center': [-2.185047063420604, 5.822532404733197, 58.29618426820072], 'normal': [-0.3292438988113791, 0.6072276064468493, -0.7230996397899205], 'radius': 2.8305968377508433}, 'confidence': 0.9963907424146753, 'timestamp': 360866.950535, 'diameter_3d': 5.6611936755016865, 'ellipse': {'center': [137.0834965975897, 181.35182598918928], 'axes': [39.18290469532426, 60.2479946198595], 'angle': -62.18730514823871}, 'location': [137.0834965975897, 181.35182598918928], 'diameter': 60.2479946198595, 'sphere': {'center': [1.765879722315946, -1.4641988726289945, 66.97337994567977], 'radius': 12.0}, 'projected_sphere': {'center': [176.3474716181845, 106.4453115287556], 'axes': [222.17782665394446, 222.17782665394446], 'angle': 90.0}, 'model_confidence': 0.910750281999817, 'model_id': 32, 'model_birth_timestamp': 360848.025353, 'theta': 2.223362886001939, 'phi': -1.9980680369893822, 'norm_pos': [0.4283859268674678, 0.2443673917117113], 'topic': 'pupil.1', 'id': 1, 'method': '3d c++'}"
1581495770.373743,"{'circle_3d': {'center': [-2.1756776830206084, 5.8640793476790884, 58.326966611458765], 'normal': [-0.32846311711137954, 0.6106898516923402, -0.720534444518417], 'radius': 2.8659128062986112}, 'confidence': 0.9971178712261501, 'timestamp': 360866.958935, 'diameter_3d': 5.7318256125972225, 'ellipse': {'center': [137.20092215477652, 181.7466191411871], 'axes': [39.45548381584684, 60.96867274764997], 'angle': -62.38008172907538}, 'location': [137.20092215477652, 181.7466191411871], 'diameter': 60.96867274764997, 'sphere': {'center': [1.765879722315946, -1.4641988726289945, 66.97337994567977], 'radius': 12.0}, 'projected_sphere': {'center': [176.3474716181845, 106.4453115287556], 'axes': [222.17782665394446, 222.17782665394446], 'angle': 90.0}, 'model_confidence': 0.9099967352187099, 'model_id': 32, 'model_birth_timestamp': 360848.025353, 'theta': 2.22772779337363, 'phi': -1.998513060064028, 'norm_pos': [0.42875288173367665, 0.24272242024505375], 'topic': 'pupil.1', 'id': 1, 'method': '3d c++'}"
1581495770.38122,"{'circle_3d': {'center': [-2.1719171475161456, 5.845828327297834, 58.30982073780969], 'normal': [-0.3281497391526743, 0.6091689333272358, -0.7219632673225069], 'radius': 2.8177303058665037}, 'confidence': 0.9969824854674875, 'timestamp': 360866.967335, 'diameter_3d': 5.6354606117330075, 'ellipse': {'center': [137.22385143512946, 181.58997881037408], 'axes': [38.90888781077254, 59.959974835407515], 'angle': -62.3453932770417}, 'location': [137.22385143512946, 181.58997881037408], 'diameter': 59.959974835407515, 'sphere': {'center': [1.765879722315946, -1.4641988726289945, 66.97337994567977], 'radius': 12.0}, 'projected_sphere': {'center': [176.3474716181845, 106.4453115287556], 'axes': [222.17782665394446, 222.17782665394446], 'angle': 90.0}, 'model_confidence': 0.9091844306308716, 'model_id': 32, 'model_birth_timestamp': 360848.025353, 'theta': 2.2258085455309287, 'phi': -1.9974061618287358, 'norm_pos': [0.4288245357347796, 0.243375088290108], 'topic': 'pupil.1', 'id': 1, 'method': '3d c++'}"
1581495770.3893492,"{'circle_3d': {'center': [-2.1452305717901234, 5.8011327523070495, 58.26027644307854], 'normal': [-0.32592585784217243, 0.6054443020780037, -0.7260919585501021], 'radius': 2.814411312799532}, 'confidence': 0.9983736902050556, 'timestamp': 360866.975735, 'diameter_3d': 5.628822625599064, 'ellipse': {'center': [137.48823333593654, 181.16651228197148], 'axes': [39.20353831717946, 59.939848709883854], 'angle': -62.371097527082235}, 'location': [137.48823333593654, 181.16651228197148], 'diameter': 59.939848709883854, 'sphere': {'center': [1.765879722315946, -1.4641988726289945, 66.97337994567977], 'radius': 12.0}, 'projected_sphere': {'center': [176.3474716181845, 106.4453115287556], 'axes': [222.17782665394446, 222.17782665394446], 'angle': 90.0}, 'model_confidence': 0.9089838778172821, 'model_id': 32, 'model_birth_timestamp': 360848.025353, 'theta': 2.2211203229762306, 'phi': -1.9927158327192216, 'norm_pos': [0.4296507291748017, 0.2451395321584522], 'topic': 'pupil.1', 'id': 1, 'method': '3d c++'}"
1581495770.401453,"{'circle_3d': {'center': [-2.1456111988793554, 5.731087941928344, 58.202514171443795], 'normal': [-0.3259575767662751, 0.5996072345464448, -0.7309054811863313], 'radius': 2.7925484081356533}, 'confidence': 0.9990299765471773, 'timestamp': 360866.984135, 'diameter_3d': 5.585096816271307, 'ellipse': {'center': [137.4598336352973, 180.48953452964633], 'axes': [39.29627460232716, 59.532219644558644], 'angle': -62.14079762242668}, 'location': [137.4598336352973, 180.48953452964633], 'diameter': 59.532219644558644, 'sphere': {'center': [1.765879722315946, -1.4641988726289945, 66.97337994567977], 'radius': 12.0}, 'projected_sphere': {'center': [176.3474716181845, 106.4453115287556], 'axes': [222.17782665394446, 222.17782665394446], 'angle': 90.0}, 'model_confidence': 0.9089260600216531, 'model_id': 32, 'model_birth_timestamp': 360848.025353, 'theta': 2.213806569107736, 'phi': -1.9902888987765577, 'norm_pos': [0.429561980110304, 0.24796027279314026], 'topic': 'pupil.1', 'id': 1, 'method': '3d c++'}"
1581495770.409726,"{'circle_3d': {'center': [-2.1315269802167247, 5.68069335453305, 58.15517513646305], 'normal': [-0.32478389187772255, 0.595407685596837, -0.7348504007680597], 'radius': 2.846226715825027}, 'confidence': 0.9995516559971498, 'timestamp': 360866.992535, 'diameter_3d': 5.692453431650054, 'ellipse': {'center': [137.6052780116086, 179.97892707426826], 'axes': [40.38547176908941, 60.72680340496686], 'angle': -62.06530582992717}, 'location': [137.6052780116086, 179.97892707426826], 'diameter': 60.72680340496686, 'sphere': {'center': [1.765879722315946, -1.4641988726289945, 66.97337994567977], 'radius': 12.0}, 'projected_sphere': {'center': [176.3474716181845, 106.4453115287556], 'axes': [222.17782665394446, 222.17782665394446], 'angle': 90.0}, 'model_confidence': 0.9088585803229354, 'model_id': 32, 'model_birth_timestamp': 360848.025353, 'theta': 2.2085693154860313, 'phi': -1.9869548168125828, 'norm_pos': [0.4300164937862768, 0.25008780385721563], 'topic': 'pupil.1', 'id': 1, 'method': '3d c++'}"
1581495770.4188092,"{'circle_3d': {'center': [-2.146813970166132, 5.643675477734068, 58.132059326662386], 'normal': [-0.32605780770683984, 0.5923228625302552, -0.7367767182514481], 'radius': 2.824080704371009}, 'confidence': 0.9995811066927835, 'timestamp': 360867.000935, 'diameter_3d': 5.648161408742018, 'ellipse': {'center': [137.43059701129798, 179.61764715964554], 'axes': [40.2337308564708, 60.277467385294045], 'angle': -61.84340542859523}, 'location': [137.43059701129798, 179.61764715964554], 'diameter': 60.277467385294045, 'sphere': {'center': [1.765879722315946, -1.4641988726289945, 66.97337994567977], 'radius': 12.0}, 'projected_sphere': {'center': [176.3474716181845, 106.4453115287556], 'axes': [222.17782665394446, 222.17782665394446], 'angle': 90.0}, 'model_confidence': 0.9088390461237106, 'model_id': 32, 'model_birth_timestamp': 360848.025353, 'theta': 2.2047351567072853, 'phi': -1.9874344885804325, 'norm_pos': [0.4294706156603062, 0.2515931368348102], 'topic': 'pupil.1', 'id': 1, 'method': '3d c++'}"
1581495770.425202,"{'circle_3d': {'center': [-2.0897608599083464, 5.616419109068708, 58.08524826922694], 'normal': [-0.32130338185202434, 0.5900514984748085, -0.7406776397044028], 'radius': 2.8400522549818996}, 'confidence': 0.9978948384482396, 'timestamp': 360867.009335, 'diameter_3d': 5.680104509963799, 'ellipse': {'center': [138.02298803189484, 179.36574779088704], 'axes': [40.787162918832074, 60.667350679513476], 'angle': -62.1222423776061}, 'location': [138.02298803189484, 179.36574779088704], 'diameter': 60.667350679513476, 'sphere': {'center': [1.765879722315946, -1.4641988726289945, 66.97337994567977], 'radius': 12.0}, 'projected_sphere': {'center': [176.3474716181845, 106.4453115287556], 'axes': [222.17782665394446, 222.17782665394446], 'angle': 90.0}, 'model_confidence': 0.9082913856401809, 'model_id': 32, 'model_birth_timestamp': 360848.025353, 'theta': 2.201918951902934, 'phi': -1.9800940497633386, 'norm_pos': [0.43132183759967135, 0.25264271753797063], 'topic': 'pupil.1', 'id': 1, 'method': '3d c++'}"
1581495770.434653,"{'circle_3d': {'center': [-2.129660160790893, 5.621788726240206, 58.106951760226735], 'normal': [-0.32462832359223653, 0.5904989665724334, -0.738869015454419], 'radius': 2.813290847770142}, 'confidence': 0.9985475407873278, 'timestamp': 360867.017735, 'diameter_3d': 5.626581695540284, 'ellipse': {'center': [137.60132134016266, 179.4135201298165], 'axes': [40.253608677542566, 60.072692848503706], 'angle': -61.88095869368141}, 'location': [137.60132134016266, 179.4135201298165], 'diameter': 60.072692848503706, 'sphere': {'center': [1.765879722315946, -1.4641988726289945, 66.97337994567977], 'radius': 12.0}, 'projected_sphere': {'center': [176.3474716181845, 106.4453115287556], 'axes': [222.17782665394446, 222.17782665394446], 'angle': 90.0}, 'model_confidence': 0.9079121313662508, 'model_id': 32, 'model_birth_timestamp': 360848.025353, 'theta': 2.2024732965213936, 'phi': -1.9847655579443757, 'norm_pos': [0.4300041291880083, 0.2524436661257645], 'topic': 'pupil.1', 'id': 1, 'method': '3d c++'}"
1581495770.441973,"{'circle_3d': {'center': [-2.114037414077565, 5.640467118567031, 58.11505255456001], 'normal': [-0.32332642803279255, 0.5920554992663355, -0.7381939492599798], 'radius': 2.809027170081512}, 'confidence': 0.9986413038798355, 'timestamp': 360867.026135, 'diameter_3d': 5.618054340163024, 'ellipse': {'center': [137.76850212340054, 179.6055723301259], 'axes': [40.13460704912516, 59.97332600732984], 'angle': -62.04468798980148}, 'location': [137.76850212340054, 179.6055723301259], 'diameter': 59.97332600732984, 'sphere': {'center': [1.765879722315946, -1.4641988726289945, 66.97337994567977], 'radius': 12.0}, 'projected_sphere': {'center': [176.3474716181845, 106.4453115287556], 'axes': [222.17782665394446, 222.17782665394446], 'angle': 90.0}, 'model_confidence': 0.9076504532849694, 'model_id': 32, 'model_birth_timestamp': 360848.025353, 'theta': 2.20440335773716, 'phi': -1.983623497225428, 'norm_pos': [0.4305265691356267, 0.2516434486244754], 'topic': 'pupil.1', 'id': 1, 'method': '3d c++'}"
1581495770.449167,"{'circle_3d': {'center': [-2.1137091538640025, 5.721291186620966, 58.18034163345567], 'normal': [-0.32329907301499566, 0.59879083827083, -0.7327531926853414], 'radius': 2.824287885776269}, 'confidence': 0.9973102505981414, 'timestamp': 360867.034535, 'diameter_3d': 5.648575771552538, 'ellipse': {'center': [137.79710088980698, 180.39391277458378], 'axes': [39.89596815453581, 60.23244539624041], 'angle': -62.313676212970684}, 'location': [137.79710088980698, 180.39391277458378], 'diameter': 60.23244539624041, 'sphere': {'center': [1.765879722315946, -1.4641988726289945, 66.97337994567977], 'radius': 12.0}, 'projected_sphere': {'center': [176.3474716181845, 106.4453115287556], 'axes': [222.17782665394446, 222.17782665394446], 'angle': 90.0}, 'model_confidence': 0.9071460251564134, 'model_id': 32, 'model_birth_timestamp': 360848.025353, 'theta': 2.2127868385658114, 'phi': -1.9863176734652501, 'norm_pos': [0.4306159402806468, 0.2483586967725676], 'topic': 'pupil.1', 'id': 1, 'method': '3d c++'}"
1581495770.457359,"{'circle_3d': {'center': [-2.0992762164747445, 5.7748546158617335, 58.218000218928836], 'normal': [-0.3220963282325575, 0.6032544573742273, -0.7296149772292446], 'radius': 2.8027976251806246}, 'confidence': 0.9974496341017277, 'timestamp': 360867.042935, 'diameter_3d': 5.605595250361249, 'ellipse': {'center': [137.95730517576044, 180.9336048717654], 'axes': [39.32961938709889, 59.735368213363664], 'angle': -62.58030656759641}, 'location': [137.95730517576044, 180.9336048717654], 'diameter': 59.735368213363664, 'sphere': {'center': [1.765879722315946, -1.4641988726289945, 66.97337994567977], 'radius': 12.0}, 'projected_sphere': {'center': [176.3474716181845, 106.4453115287556], 'axes': [222.17782665394446, 222.17782665394446], 'angle': 90.0}, 'model_confidence': 0.9065532877844285, 'model_id': 32, 'model_birth_timestamp': 360848.025353, 'theta': 2.218371743564143, 'phi': -1.9865263071101955, 'norm_pos': [0.43111657867425135, 0.24610997970097748], 'topic': 'pupil.1', 'id': 1, 'method': '3d c++'}"
1581495770.465736,"{'circle_3d': {'center': [-2.0817399977176505, 5.781647234243155, 58.2158953361852], 'normal': [-0.3206349766694664, 0.6038205089060125, -0.7297903841245477], 'radius': 2.820636652907091}, 'confidence': 0.998309016686183, 'timestamp': 360867.051335, 'diameter_3d': 5.641273305814182, 'ellipse': {'center': [138.1460385015442, 181.0001761824593], 'axes': [39.593617139118734, 60.1182032548362], 'angle': -62.71482990656968}, 'location': [138.1460385015442, 181.0001761824593], 'diameter': 60.1182032548362, 'sphere': {'center': [1.765879722315946, -1.4641988726289945, 66.97337994567977], 'radius': 12.0}, 'projected_sphere': {'center': [176.3474716181845, 106.4453115287556], 'axes': [222.17782665394446, 222.17782665394446], 'angle': 90.0}, 'model_confidence': 0.9062933137465867, 'model_id': 32, 'model_birth_timestamp': 360848.025353, 'theta': 2.2190816733042644, 'phi': -1.9847603047112292, 'norm_pos': [0.43170637031732567, 0.24583259923975287], 'topic': 'pupil.1', 'id': 1, 'method': '3d c++'}"
1581495770.4737332,"{'circle_3d': {'center': [-2.0610162432518804, 5.773194837454303, 58.19984020655694], 'normal': [-0.31890799713065215, 0.6031161425069415, -0.7311283115935688], 'radius': 2.782345438144158}, 'confidence': 0.9984286158241965, 'timestamp': 360867.059735, 'diameter_3d': 5.564690876288316, 'ellipse': {'center': [138.3514590017842, 180.94155157071413], 'axes': [39.16352617290772, 59.31748917478465], 'angle': -62.82117225122974}, 'location': [138.3514590017842, 180.94155157071413], 'diameter': 59.31748917478465, 'sphere': {'center': [1.765879722315946, -1.4641988726289945, 66.97337994567977], 'radius': 12.0}, 'projected_sphere': {'center': [176.3474716181845, 106.4453115287556], 'axes': [222.17782665394446, 222.17782665394446], 'angle': 90.0}, 'model_confidence': 0.9058889781943136, 'model_id': 32, 'model_birth_timestamp': 360848.025353, 'theta': 2.218198329974297, 'phi': -1.9821034109197586, 'norm_pos': [0.43234830938057567, 0.2460768684553578], 'topic': 'pupil.1', 'id': 1, 'method': '3d c++'}"
1581495770.485232,"{'circle_3d': {'center': [-2.0786283234956526, 5.738139615918758, 58.17871803165069], 'normal': [-0.3203756704842999, 0.6001948740456461, -0.7328884928357562], 'radius': 2.8307964474802345}, 'confidence': 0.9982232454800086, 'timestamp': 360867.068135, 'diameter_3d': 5.661592894960469, 'ellipse': {'center': [138.16916308727235, 180.57101513907102], 'axes': [39.99642228707282, 60.373203706341265], 'angle': -62.594690340231864}, 'location': [138.16916308727235, 180.57101513907102], 'diameter': 60.373203706341265, 'sphere': {'center': [1.765879722315946, -1.4641988726289945, 66.97337994567977], 'radius': 12.0}, 'projected_sphere': {'center': [176.3474716181845, 106.4453115287556], 'axes': [222.17782665394446, 222.17782665394446], 'angle': 90.0}, 'model_confidence': 0.905606219863675, 'model_id': 32, 'model_birth_timestamp': 360848.025353, 'theta': 2.214541050403215, 'phi': -1.982905474921008, 'norm_pos': [0.4317786346477261, 0.24762077025387075], 'topic': 'pupil.1', 'id': 1, 'method': '3d c++'}"
1581495770.493454,"{'circle_3d': {'center': [-2.0528846626263206, 5.709379357795976, 58.144064346819945], 'normal': [-0.31823036541185556, 0.5977981858687476, -0.7357762999049855], 'radius': 2.841204966254142}, 'confidence': 0.9981204359132922, 'timestamp': 360867.076535, 'diameter_3d': 5.682409932508284, 'ellipse': {'center': [138.43276057731177, 180.2949503485052], 'axes': [40.38543784239697, 60.63131515685983], 'angle': -62.66811866366103}, 'location': [138.43276057731177, 180.2949503485052], 'diameter': 60.63131515685983, 'sphere': {'center': [1.765879722315946, -1.4641988726289945, 66.97337994567977], 'radius': 12.0}, 'projected_sphere': {'center': [176.3474716181845, 106.4453115287556], 'axes': [222.17782665394446, 222.17782665394446], 'angle': 90.0}, 'model_confidence': 0.9053037044278511, 'model_id': 32, 'model_birth_timestamp': 360848.025353, 'theta': 2.211547999233417, 'phi': -1.9790104992532669, 'norm_pos': [0.4326023768040993, 0.24877104021456165], 'topic': 'pupil.1', 'id': 1, 'method': '3d c++'}"
1581495770.501483,"{'circle_3d': {'center': [-2.0656024240988184, 5.683714961701911, 58.12877297992455], 'normal': [-0.319290178867897, 0.5956594861942421, -0.7370505804796017], 'radius': 2.8408645594903015}, 'confidence': 0.9989122210191883, 'timestamp': 360867.084935, 'diameter_3d': 5.681729118980603, 'ellipse': {'center': [138.29314895414743, 180.03771741207294], 'axes': [40.48947641262986, 60.63979555908805], 'angle': -62.5018792468686}, 'location': [138.29314895414743, 180.03771741207294], 'diameter': 60.63979555908805, 'sphere': {'center': [1.765879722315946, -1.4641988726289945, 66.97337994567977], 'radius': 12.0}, 'projected_sphere': {'center': [176.3474716181845, 106.4453115287556], 'axes': [222.17782665394446, 222.17782665394446], 'angle': 90.0}, 'model_confidence': 0.9052499580692874, 'model_id': 32, 'model_birth_timestamp': 360848.025353, 'theta': 2.2088827613570143, 'phi': -1.9795917443675781, 'norm_pos': [0.43216609048171073, 0.24984284411636282], 'topic': 'pupil.1', 'id': 1, 'method': '3d c++'}"
1581495770.509295,"{'circle_3d': {'center': [-2.101914106248712, 5.654940549001049, 58.12137312264183], 'normal': [-0.32231615238038813, 0.5932616184691702, -0.7376672352531615], 'radius': 2.8708016580715383}, 'confidence': 0.9992933687425758, 'timestamp': 360867.093335, 'diameter_3d': 5.741603316143077, 'ellipse': {'center': [137.91326132067817, 179.7275924377443], 'axes': [40.973042746257086, 61.287118544702516], 'angle': -62.17145775451926}, 'location': [137.91326132067817, 179.7275924377443], 'diameter': 61.287118544702516, 'sphere': {'center': [1.765879722315946, -1.4641988726289945, 66.97337994567977], 'radius': 12.0}, 'projected_sphere': {'center': [176.3474716181845, 106.4453115287556], 'axes': [222.17782665394446, 222.17782665394446], 'angle': 90.0}, 'model_confidence': 0.9052973758753913, 'model_id': 32, 'model_birth_timestamp': 360848.025353, 'theta': 2.2059007986710775, 'phi': -1.9827364461443457, 'norm_pos': [0.4309789416271193, 0.25113503150939875], 'topic': 'pupil.1', 'id': 1, 'method': '3d c++'}"
1581495770.517617,"{'circle_3d': {'center': [-2.1236651185869073, 5.61717351417442, 58.10063482085937], 'normal': [-0.3241287367419044, 0.5901143655669512, -0.7393954270683664], 'radius': 2.8661685982069844}, 'confidence': 0.9996338988985499, 'timestamp': 360867.101735, 'diameter_3d': 5.732337196413969, 'ellipse': {'center': [137.6750448406194, 179.34877879944224], 'axes': [41.056337374490596, 61.20965254093331], 'angle': -61.90438596510682}, 'location': [137.6750448406194, 179.34877879944224], 'diameter': 61.20965254093331, 'sphere': {'center': [1.765879722315946, -1.4641988726289945, 66.97337994567977], 'radius': 12.0}, 'projected_sphere': {'center': [176.3474716181845, 106.4453115287556], 'axes': [222.17782665394446, 222.17782665394446], 'angle': 90.0}, 'model_confidence': 0.905355647250361, 'model_id': 32, 'model_birth_timestamp': 360848.025353, 'theta': 2.2019968210619645, 'phi': -1.983936723009023, 'norm_pos': [0.4302345151269356, 0.2527134216689907], 'topic': 'pupil.1', 'id': 1, 'method': '3d c++'}"
1581495770.5250099,"{'circle_3d': {'center': [-2.12138646716512, 5.623971748989403, 58.10506562947834], 'normal': [-0.3239388491234222, 0.5906808851348665, -0.7390261930167857], 'radius': 2.830219091050771}, 'confidence': 0.9973957038489221, 'timestamp': 360867.110135, 'diameter_3d': 5.660438182101542, 'ellipse': {'center': [137.69224383343763, 179.4314850605603], 'axes': [40.50889973429219, 60.436527859887114], 'angle': -61.941931714331716}, 'location': [137.69224383343763, 179.4314850605603], 'diameter': 60.436527859887114, 'sphere': {'center': [1.765879722315946, -1.4641988726289945, 66.97337994567977], 'radius': 12.0}, 'projected_sphere': {'center': [176.3474716181845, 106.4453115287556], 'axes': [222.17782665394446, 222.17782665394446], 'angle': 90.0}, 'model_confidence': 0.9046957993085969, 'model_id': 32, 'model_birth_timestamp': 360848.025353, 'theta': 2.202698730118908, 'phi': -1.9839049119857919, 'norm_pos': [0.4302882619794926, 0.2523688122476654], 'topic': 'pupil.1', 'id': 1, 'method': '3d c++'}"
1581495770.533421,"{'circle_3d': {'center': [-2.1447332995623993, 5.588737645108396, 58.08725636619462], 'normal': [-0.3258844184898621, 0.5877447098114492, -0.7405102982904287], 'radius': 2.7955969532073315}, 'confidence': 0.9983597679447492, 'timestamp': 360867.118535, 'diameter_3d': 5.591193906414663, 'ellipse': {'center': [137.43092598812822, 179.0887237798874], 'axes': [40.13807365061491, 59.71447443649484], 'angle': -61.67171096101123}, 'location': [137.43092598812822, 179.0887237798874], 'diameter': 59.71447443649484, 'sphere': {'center': [1.765879722315946, -1.4641988726289945, 66.97337994567977], 'radius': 12.0}, 'projected_sphere': {'center': [176.3474716181845, 106.4453115287556], 'axes': [222.17782665394446, 222.17782665394446], 'angle': 90.0}, 'model_confidence': 0.9043961325729599, 'model_id': 32, 'model_birth_timestamp': 360848.025353, 'theta': 2.1990647451625764, 'phi': -1.9853709548356837, 'norm_pos': [0.4294716437129007, 0.25379698425046915], 'topic': 'pupil.1', 'id': 1, 'method': '3d c++'}"
1581495770.541513,"{'circle_3d': {'center': [-2.0754283169595746, 5.554115828682631, 58.029800611836386], 'normal': [-0.32010900327296005, 0.5848595584426355, -0.7452982778202816], 'radius': 2.811754365328466}, 'confidence': 0.9983226375270371, 'timestamp': 360867.126935, 'diameter_3d': 5.623508730656932, 'ellipse': {'center': [138.15025072069207, 178.767934598772], 'axes': [40.76721622761831, 60.11913951033704], 'angle': -62.00656354196291}, 'location': [138.15025072069207, 178.767934598772], 'diameter': 60.11913951033704, 'sphere': {'center': [1.765879722315946, -1.4641988726289945, 66.97337994567977], 'radius': 12.0}, 'projected_sphere': {'center': [176.3474716181845, 106.4453115287556], 'axes': [222.17782665394446, 222.17782665394446], 'angle': 90.0}, 'model_confidence': 0.9040453331660703, 'model_id': 32, 'model_birth_timestamp': 360848.025353, 'theta': 2.195503231629176, 'phi': -1.9764761754779088, 'norm_pos': [0.43171953350216274, 0.25513360583845], 'topic': 'pupil.1', 'id': 1, 'method': '3d c++'}"
1581495770.549185,"{'circle_3d': {'center': [-2.0688119201307424, 5.5515792103738, 58.024972383582075], 'normal': [-0.3195576368705573, 0.5846481735835662, -0.7457006301748076], 'radius': 2.809229163227102}, 'confidence': 0.9981975503477679, 'timestamp': 360867.135335, 'diameter_3d': 5.618458326454204, 'ellipse': {'center': [138.21826469864266, 178.74648439237598], 'axes': [40.763822515826604, 60.07006738971208], 'angle': -62.04141391881491}, 'location': [138.21826469864266, 178.74648439237598], 'diameter': 60.07006738971208, 'sphere': {'center': [1.765879722315946, -1.4641988726289945, 66.97337994567977], 'radius': 12.0}, 'projected_sphere': {'center': [176.3474716181845, 106.4453115287556], 'axes': [222.17782665394446, 222.17782665394446], 'angle': 90.0}, 'model_confidence': 0.903862304426728, 'model_id': 32, 'model_birth_timestamp': 360848.025353, 'theta': 2.19524265217441, 'phi': -1.9756559968790948, 'norm_pos': [0.4319320771832583, 0.2552229816984334], 'topic': 'pupil.1', 'id': 1, 'method': '3d c++'}"
1581495770.557421,"{'circle_3d': {'center': [-2.1007913715252364, 5.539523908297995, 58.02929129115619], 'normal': [-0.3222225911534318, 0.5836435650772491, -0.745340721210298], 'radius': 2.8431545053640397}, 'confidence': 0.9996554244931694, 'timestamp': 360867.143735, 'diameter_3d': 5.686309010728079, 'ellipse': {'center': [137.88845279186012, 178.60079306565825], 'axes': [41.229257971189774, 60.79166305039699], 'angle': -61.79083335308877}, 'location': [137.88845279186012, 178.60079306565825], 'diameter': 60.79166305039699, 'sphere': {'center': [1.765879722315946, -1.4641988726289945, 66.97337994567977], 'radius': 12.0}, 'projected_sphere': {'center': [176.3474716181845, 106.4453115287556], 'axes': [222.17782665394446, 222.17782665394446], 'angle': 90.0}, 'model_confidence': 0.904111962382137, 'model_id': 32, 'model_birth_timestamp': 360848.025353, 'theta': 2.1940049138809163, 'phi': -1.9788471917646848, 'norm_pos': [0.43090141497456286, 0.2558300288930906], 'topic': 'pupil.1', 'id': 1, 'method': '3d c++'}"
1581495770.5693371,"{'circle_3d': {'center': [-2.105155351156146, 5.544415813251565, 58.035012776850316], 'normal': [-0.32258625612267433, 0.5840512238233799, -0.7448639307357877], 'radius': 2.875667316895537}, 'confidence': 0.9995870518795047, 'timestamp': 360867.152135, 'diameter_3d': 5.751334633791074, 'ellipse': {'center': [137.85175596278404, 178.6339831240938], 'axes': [41.66107554983809, 61.48157973683673], 'angle': -61.77896668230582}, 'location': [137.85175596278404, 178.6339831240938], 'diameter': 61.48157973683673, 'sphere': {'center': [1.765879722315946, -1.4641988726289945, 66.97337994567977], 'radius': 12.0}, 'projected_sphere': {'center': [176.3474716181845, 106.4453115287556], 'axes': [222.17782665394446, 222.17782665394446], 'angle': 90.0}, 'model_confidence': 0.9042351790090164, 'model_id': 32, 'model_birth_timestamp': 360848.025353, 'theta': 2.194507041141205, 'phi': -1.9794915139306632, 'norm_pos': [0.4307867373837001, 0.25569173698294256], 'topic': 'pupil.1', 'id': 1, 'method': '3d c++'}"
1581495770.5775418,"{'circle_3d': {'center': [-2.134694382726697, 5.553021706026119, 58.05462795890662], 'normal': [-0.3250478420868869, 0.5847683815545928, -0.7432293322310957], 'radius': 2.8530931896999343}, 'confidence': 0.999441448289621, 'timestamp': 360867.160535, 'diameter_3d': 5.706186379399869, 'ellipse': {'center': [137.5398036908408, 178.71669489660104], 'axes': [41.19630420318097, 60.97789832719494], 'angle': -61.61547603361456}, 'location': [137.5398036908408, 178.71669489660104], 'diameter': 60.97789832719494, 'sphere': {'center': [1.765879722315946, -1.4641988726289945, 66.97337994567977], 'radius': 12.0}, 'projected_sphere': {'center': [176.3474716181845, 106.4453115287556], 'axes': [222.17782665394446, 222.17782665394446], 'angle': 90.0}, 'model_confidence': 0.9042449330115776, 'model_id': 32, 'model_birth_timestamp': 360848.025353, 'theta': 2.1953908295734, 'phi': -1.9830768995654082, 'norm_pos': [0.42981188653387753, 0.25534710459749566], 'topic': 'pupil.1', 'id': 1, 'method': '3d c++'}"
1581495770.58604,"{'circle_3d': {'center': [-2.14470451165241, 5.524765752505376, 58.03684233776592], 'normal': [-0.325882019497363, 0.5824137187611975, -0.7447114673261538], 'radius': 2.8368582224631127}, 'confidence': 0.9994044046051469, 'timestamp': 360867.168935, 'diameter_3d': 5.673716444926225, 'ellipse': {'center': [137.4238840004908, 178.44003338041938], 'axes': [41.08805524783179, 60.64891156814588], 'angle': -61.45334093536547}, 'location': [137.4238840004908, 178.44003338041938], 'diameter': 60.64891156814588, 'sphere': {'center': [1.765879722315946, -1.4641988726289945, 66.97337994567977], 'radius': 12.0}, 'projected_sphere': {'center': [176.3474716181845, 106.4453115287556], 'axes': [222.17782665394446, 222.17782665394446], 'angle': 90.0}, 'model_confidence': 0.904412076031591, 'model_id': 32, 'model_birth_timestamp': 360848.025353, 'theta': 2.192491166336392, 'phi': -1.9832865088972103, 'norm_pos': [0.42944963750153375, 0.2564998609149193], 'topic': 'pupil.1', 'id': 1, 'method': '3d c++'}"
1581495770.593128,"{'circle_3d': {'center': [-2.0979684989891956, 5.525445927189164, 58.01706694896666], 'normal': [-0.3219873517754285, 0.5824703999848465, -0.7463594163927587], 'radius': 2.823042845932483}, 'confidence': 0.998374074413447, 'timestamp': 360867.177335, 'diameter_3d': 5.646085691864966, 'ellipse': {'center': [137.9096483168691, 178.47088740601822], 'axes': [41.02293157169962, 60.37379541921842], 'angle': -61.76127699906654}, 'location': [137.9096483168691, 178.47088740601822], 'diameter': 60.37379541921842, 'sphere': {'center': [1.765879722315946, -1.4641988726289945, 66.97337994567977], 'radius': 12.0}, 'projected_sphere': {'center': [176.3474716181845, 106.4453115287556], 'axes': [222.17782665394446, 222.17782665394446], 'angle': 90.0}, 'model_confidence': 0.9041468705495714, 'model_id': 32, 'model_birth_timestamp': 360848.025353, 'theta': 2.1925608958980902, 'phi': -1.9780842422534362, 'norm_pos': [0.43096765099021594, 0.2563713024749241], 'topic': 'pupil.1', 'id': 1, 'method': '3d c++'}"
1581495770.601473,"{'circle_3d': {'center': [-2.1312188240505607, 5.537499608228135, 58.04091996518889], 'normal': [-0.3247582121972089, 0.5834748734047608, -0.7443716650409061], 'radius': 2.8520970584739054}, 'confidence': 0.9988866778277795, 'timestamp': 360867.185735, 'diameter_3d': 5.704194116947811, 'ellipse': {'center': [137.5718291886036, 178.56506231954836], 'axes': [41.27907552452862, 60.970858739462464], 'angle': -61.58504615353498}, 'location': [137.5718291886036, 178.56506231954836], 'diameter': 60.970858739462464, 'sphere': {'center': [1.765879722315946, -1.4641988726289945, 66.97337994567977], 'radius': 12.0}, 'projected_sphere': {'center': [176.3474716181845, 106.4453115287556], 'axes': [222.17782665394446, 222.17782665394446], 'angle': 90.0}, 'model_confidence': 0.9040338448080498, 'model_id': 32, 'model_birth_timestamp': 360848.025353, 'theta': 2.193797183572686, 'phi': -1.9821865331922506, 'norm_pos': [0.42991196621438627, 0.25597890700188186], 'topic': 'pupil.1', 'id': 1, 'method': '3d c++'}"
1581495770.610116,"{'circle_3d': {'center': [-2.1008733303668796, 5.5726592407433255, 58.055372952980434], 'normal': [-0.3222294210569021, 0.5864048427810267, -0.7431672493916112], 'radius': 2.874455959365409}, 'confidence': 0.9997405373280641, 'timestamp': 360867.194135, 'diameter_3d': 5.748911918730818, 'ellipse': {'center': [137.90353062566282, 178.915277001275], 'axes': [41.497161404125386, 61.4343230790203], 'angle': -61.90277883801101}, 'location': [137.90353062566282, 178.915277001275], 'diameter': 61.4343230790203, 'sphere': {'center': [1.765879722315946, -1.4641988726289945, 66.97337994567977], 'radius': 12.0}, 'projected_sphere': {'center': [176.3474716181845, 106.4453115287556], 'axes': [222.17782665394446, 222.17782665394446], 'angle': 90.0}, 'model_confidence': 0.9041240418586227, 'model_id': 32, 'model_birth_timestamp': 360848.025353, 'theta': 2.197409633010027, 'phi': -1.9799196968097592, 'norm_pos': [0.4309485332051963, 0.2545196791613542], 'topic': 'pupil.1', 'id': 1, 'method': '3d c++'}"
1581495770.6173398,"{'circle_3d': {'center': [-2.117411425094594, 5.5800979218247, 58.06844128580724], 'normal': [-0.323607595617545, 0.5870247328711412, -0.742078221656044], 'radius': 2.852261543822525}, 'confidence': 0.9996520175035292, 'timestamp': 360867.202535, 'diameter_3d': 5.70452308764505, 'ellipse': {'center': [137.72735298173959, 178.9913457228967], 'axes': [41.08461984209769, 60.94580550005794], 'angle': -61.82006831842043}, 'location': [137.72735298173959, 178.9913457228967], 'diameter': 60.94580550005794, 'sphere': {'center': [1.765879722315946, -1.4641988726289945, 66.97337994567977], 'radius': 12.0}, 'projected_sphere': {'center': [176.3474716181845, 106.4453115287556], 'axes': [222.17782665394446, 222.17782665394446], 'angle': 90.0}, 'model_confidence': 0.9043241940241864, 'model_id': 32, 'model_birth_timestamp': 360848.025353, 'theta': 2.1981751244757364, 'phi': -1.9820166840017337, 'norm_pos': [0.4303979780679362, 0.25420272615459705], 'topic': 'pupil.1', 'id': 1, 'method': '3d c++'}"
1581495770.625133,"{'circle_3d': {'center': [-2.071612389996715, 5.584272726771433, 58.05190571770692], 'normal': [-0.31979100935938837, 0.587372633283369, -0.7434561856644039], 'radius': 2.8706227560107087}, 'confidence': 0.9990039696641843, 'timestamp': 360867.210935, 'diameter_3d': 5.741245512021417, 'ellipse': {'center': [138.21158820894814, 179.04311679504139], 'axes': [41.46394872870527, 61.35604938269086], 'angle': -62.13319686296785}, 'location': [138.21158820894814, 179.04311679504139], 'diameter': 61.35604938269086, 'sphere': {'center': [1.765879722315946, -1.4641988726289945, 66.97337994567977], 'radius': 12.0}, 'projected_sphere': {'center': [176.3474716181845, 106.4453115287556], 'axes': [222.17782665394446, 222.17782665394446], 'angle': 90.0}, 'model_confidence': 0.9041325094302999, 'model_id': 32, 'model_birth_timestamp': 360848.025353, 'theta': 2.1986049268078736, 'phi': -1.9770134016070777, 'norm_pos': [0.43191121315296294, 0.2539870133539942], 'topic': 'pupil.1', 'id': 1, 'method': '3d c++'}"
1581495770.634151,"{'circle_3d': {'center': [-2.058059038008949, 5.570696495321375, 58.035385790430205], 'normal': [-0.3186615633604079, 0.5862412806625308, -0.7448328462707968], 'radius': 2.8602712863570106}, 'confidence': 0.9994164199035073, 'timestamp': 360867.219335, 'diameter_3d': 5.720542572714021, 'ellipse': {'center': [138.34750112092942, 178.91864310440886], 'axes': [41.43077159065358, 61.15184682730166], 'angle': -62.176470799879816}, 'location': [138.34750112092942, 178.91864310440886], 'diameter': 61.15184682730166, 'sphere': {'center': [1.765879722315946, -1.4641988726289945, 66.97337994567977], 'radius': 12.0}, 'projected_sphere': {'center': [176.3474716181845, 106.4453115287556], 'axes': [222.17782665394446, 222.17782665394446], 'angle': 90.0}, 'model_confidence': 0.9041409445185611, 'model_id': 32, 'model_birth_timestamp': 360848.025353, 'theta': 2.197207723741851, 'phi': -1.9750612555445555, 'norm_pos': [0.43233594100290446, 0.2545056537316298], 'topic': 'pupil.1', 'id': 1, 'method': '3d c++'}"
1581495770.641547,"{'circle_3d': {'center': [-2.0639466247974747, 5.605387271830234, 58.065328424891064], 'normal': [-0.319152195592785, 0.5891321787049357, -0.742337626732392], 'radius': 2.8642602972729034}, 'confidence': 0.9990076492965327, 'timestamp': 360867.227735, 'diameter_3d': 5.728520594545807, 'ellipse': {'center': [138.29565821712455, 179.25719694100377], 'axes': [41.275363772886365, 61.205923088522646], 'angle': -62.25396539269455}, 'location': [138.29565821712455, 179.25719694100377], 'diameter': 61.205923088522646, 'sphere': {'center': [1.765879722315946, -1.4641988726289945, 66.97337994567977], 'radius': 12.0}, 'projected_sphere': {'center': [176.3474716181845, 106.4453115287556], 'axes': [222.17782665394446, 222.17782665394446], 'angle': 90.0}, 'model_confidence': 0.9040387049849219, 'model_id': 32, 'model_birth_timestamp': 360848.025353, 'theta': 2.2007807590502173, 'phi': -1.976834146908506, 'norm_pos': [0.4321739319285142, 0.2530950127458176], 'topic': 'pupil.1', 'id': 1, 'method': '3d c++'}"
1581495770.653366,"{'circle_3d': {'center': [-2.059237473596035, 5.612068147716121, 58.06861024094767], 'normal': [-0.3187597663259984, 0.5896889183620929, -0.7420641420610079], 'radius': 2.867892253204729}, 'confidence': 0.9990232265612362, 'timestamp': 360867.236135, 'diameter_3d': 5.735784506409458, 'ellipse': {'center': [138.34745537601665, 179.3234537771746], 'axes': [41.3039574611348, 61.28020632573742], 'angle': -62.30701633474526}, 'location': [138.34745537601665, 179.3234537771746], 'diameter': 61.28020632573742, 'sphere': {'center': [1.765879722315946, -1.4641988726289945, 66.97337994567977], 'radius': 12.0}, 'projected_sphere': {'center': [176.3474716181845, 106.4453115287556], 'axes': [222.17782665394446, 222.17782665394446], 'angle': 90.0}, 'model_confidence': 0.9040399630387719, 'model_id': 32, 'model_birth_timestamp': 360848.025353, 'theta': 2.2014699352019043, 'phi': -1.9765215000656722, 'norm_pos': [0.43233579805005207, 0.25281894259510584], 'topic': 'pupil.1', 'id': 1, 'method': '3d c++'}"
1581495770.6626759,"{'circle_3d': {'center': [-2.0340008852944242, 5.623001042224393, 58.06650031615693], 'normal': [-0.3166567173008642, 0.590599992904449, -0.7422399691269027], 'radius': 2.85748798492856}, 'confidence': 0.997054305432735, 'timestamp': 360867.244535, 'diameter_3d': 5.71497596985712, 'ellipse': {'center': [138.61176471274618, 179.44556923049024], 'axes': [41.16657555536063, 61.05994307329202], 'angle': -62.508484273703814}, 'location': [138.61176471274618, 179.44556923049024], 'diameter': 61.05994307329202, 'sphere': {'center': [1.765879722315946, -1.4641988726289945, 66.97337994567977], 'radius': 12.0}, 'projected_sphere': {'center': [176.3474716181845, 106.4453115287556], 'axes': [222.17782665394446, 222.17782665394446], 'angle': 90.0}, 'model_confidence': 0.90395787586115, 'model_id': 32, 'model_birth_timestamp': 360848.025353, 'theta': 2.2025984838235777, 'phi': -1.9740409517178, 'norm_pos': [0.4331617647273318, 0.25231012820629073], 'topic': 'pupil.1', 'id': 1, 'method': '3d c++'}"
1581495770.674547,"{'circle_3d': {'center': [-2.079555235259022, 5.5880450506641095, 58.05830924301925], 'normal': [-0.32045291313124735, 0.5876869936077587, -0.7429225585550432], 'radius': 2.8919229582113974}, 'confidence': 0.9998204475196109, 'timestamp': 360867.252935, 'diameter_3d': 5.783845916422795, 'ellipse': {'center': [138.13451136175058, 179.0683246962968], 'axes': [41.72684054526836, 61.80503700499955], 'angle': -62.09391066907768}, 'location': [138.13451136175058, 179.0683246962968], 'diameter': 61.80503700499955, 'sphere': {'center': [1.765879722315946, -1.4641988726289945, 66.97337994567977], 'radius': 12.0}, 'projected_sphere': {'center': [176.3474716181845, 106.4453115287556], 'axes': [222.17782665394446, 222.17782665394446], 'angle': 90.0}, 'model_confidence': 0.9040838287533326, 'model_id': 32, 'model_birth_timestamp': 360848.025353, 'theta': 2.198993408457075, 'phi': -1.978025522782946, 'norm_pos': [0.43167034800547055, 0.25388198043209664], 'topic': 'pupil.1', 'id': 1, 'method': '3d c++'}"
1581495770.67811,"{'circle_3d': {'center': [-2.079129077808278, 5.606610952838597, 58.07284312259779], 'normal': [-0.320417400010352, 0.5892341521222993, -0.7417114019234982], 'radius': 2.9160902661534522}, 'confidence': 0.9990854737808661, 'timestamp': 360867.261335, 'diameter_3d': 5.8321805323069045, 'ellipse': {'center': [138.14945336613843, 179.24152548837006], 'axes': [41.970720057897395, 62.30667012215536], 'angle': -62.15888937380795}, 'location': [138.14945336613843, 179.24152548837006], 'diameter': 62.30667012215536, 'sphere': {'center': [1.765879722315946, -1.4641988726289945, 66.97337994567977], 'radius': 12.0}, 'projected_sphere': {'center': [176.3474716181845, 106.4453115287556], 'axes': [222.17782665394446, 222.17782665394446], 'angle': 90.0}, 'model_confidence': 0.9039814052247963, 'model_id': 32, 'model_birth_timestamp': 360848.025353, 'theta': 2.200906963852451, 'phi': -1.9785788775945425, 'norm_pos': [0.4317170417691826, 0.25316031046512477], 'topic': 'pupil.1', 'id': 1, 'method': '3d c++'}"
1581495770.685191,"{'circle_3d': {'center': [-2.0652036536110883, 5.617806165234496, 58.075739538786955], 'normal': [-0.3192569479939195, 0.5901670864886243, -0.7414700339077341], 'radius': 2.8956828950949975}, 'confidence': 0.9994641801969457, 'timestamp': 360867.269735, 'diameter_3d': 5.791365790189995, 'ellipse': {'center': [138.29304973869296, 179.3660548972578], 'axes': [41.65422097859854, 61.86714364225673], 'angle': -62.287122584108275}, 'location': [138.29304973869296, 179.3660548972578], 'diameter': 61.86714364225673, 'sphere': {'center': [1.765879722315946, -1.4641988726289945, 66.97337994567977], 'radius': 12.0}, 'projected_sphere': {'center': [176.3474716181845, 106.4453115287556], 'axes': [222.17782665394446, 222.17782665394446], 'angle': 90.0}, 'model_confidence': 0.9038747155598603, 'model_id': 32, 'model_birth_timestamp': 360848.025353, 'theta': 2.2020621262720166, 'phi': -1.9773778367521753, 'norm_pos': [0.43216578043341547, 0.25264143792809246], 'topic': 'pupil.1', 'id': 1, 'method': '3d c++'}"
1581495770.6927948,"{'circle_3d': {'center': [-2.059155624217489, 5.5786658489830785, 58.042133609874114], 'normal': [-0.3187529455444529, 0.5869053934676728, -0.7442705279838046], 'radius': 2.849111130622075}, 'confidence': 0.998402783476751, 'timestamp': 360867.278135, 'diameter_3d': 5.69822226124415, 'ellipse': {'center': [138.33544227548123, 179.001576506674], 'axes': [41.22089914914299, 60.90597000344537], 'angle': -62.196003015943944}, 'location': [138.33544227548123, 179.001576506674], 'diameter': 60.90597000344537, 'sphere': {'center': [1.765879722315946, -1.4641988726289945, 66.97337994567977], 'radius': 12.0}, 'projected_sphere': {'center': [176.3474716181845, 106.4453115287556], 'axes': [222.17782665394446, 222.17782665394446], 'angle': 90.0}, 'model_confidence': 0.903767624625551, 'model_id': 32, 'model_birth_timestamp': 360848.025353, 'theta': 2.198027721318246, 'phi': -1.9754382060106954, 'norm_pos': [0.4322982571108788, 0.2541600978888583], 'topic': 'pupil.1', 'id': 1, 'method': '3d c++'}"
1581495770.705483,"{'circle_3d': {'center': [-2.065995374002081, 5.553700902841403, 58.02542956653314], 'normal': [-0.31932292469316886, 0.5848249812891998, -0.7456625315955523], 'radius': 2.8431226825153164}, 'confidence': 0.997808813177151, 'timestamp': 360867.286535, 'diameter_3d': 5.686245365030633, 'ellipse': {'center': [138.25614354387466, 178.75465367314538], 'axes': [41.25319305934567, 60.79512153331038], 'angle': -62.06711163121029}, 'location': [138.25614354387466, 178.75465367314538], 'diameter': 60.79512153331038, 'sphere': {'center': [1.765879722315946, -1.4641988726289945, 66.97337994567977], 'radius': 12.0}, 'projected_sphere': {'center': [176.3474716181845, 106.4453115287556], 'axes': [222.17782665394446, 222.17782665394446], 'angle': 90.0}, 'model_confidence': 0.9033946394429337, 'model_id': 32, 'model_birth_timestamp': 360848.025353, 'theta': 2.195460604150104, 'phi': -1.9754085352384967, 'norm_pos': [0.4320504485746083, 0.2551889430285609], 'topic': 'pupil.1', 'id': 1, 'method': '3d c++'}"
1581495770.7097752,"{'circle_3d': {'center': [-2.070102080175923, 5.554732393791921, 58.02799859616704], 'normal': [-0.31966515020765573, 0.5849109388684096, -0.7454484457927272], 'radius': 2.8265027554423248}, 'confidence': 0.9980610779957799, 'timestamp': 360867.294935, 'diameter_3d': 5.6530055108846495, 'ellipse': {'center': [138.20956156626355, 178.77008611960116], 'axes': [40.99375635783801, 60.43669167035312], 'angle': -62.04361357481896}, 'location': [138.20956156626355, 178.77008611960116], 'diameter': 60.43669167035312, 'sphere': {'center': [1.765879722315946, -1.4641988726289945, 66.97337994567977], 'radius': 12.0}, 'projected_sphere': {'center': [176.3474716181845, 106.4453115287556], 'axes': [222.17782665394446, 222.17782665394446], 'angle': 90.0}, 'model_confidence': 0.9031282132480944, 'model_id': 32, 'model_birth_timestamp': 360848.025353, 'theta': 2.195566576973929, 'phi': -1.9759003011164613, 'norm_pos': [0.4319048798945736, 0.25512464116832845], 'topic': 'pupil.1', 'id': 1, 'method': '3d c++'}"
1581495770.717611,"{'circle_3d': {'center': [-2.0455700679077005, 5.551818716100854, 58.01523573545198], 'normal': [-0.31762081585197055, 0.584668132394154, -0.7465120175189819], 'radius': 2.830402958939172}, 'confidence': 0.9992000590181902, 'timestamp': 360867.303335, 'diameter_3d': 5.660805917878344, 'ellipse': {'center': [138.46651749020293, 178.74925413464177], 'axes': [41.138532561980675, 60.533456628474795], 'angle': -62.195087157842316}, 'location': [138.46651749020293, 178.74925413464177], 'diameter': 60.533456628474795, 'sphere': {'center': [1.765879722315946, -1.4641988726289945, 66.97337994567977], 'radius': 12.0}, 'projected_sphere': {'center': [176.3474716181845, 106.4453115287556], 'axes': [222.17782665394446, 222.17782665394446], 'angle': 90.0}, 'model_confidence': 0.9030557954018192, 'model_id': 32, 'model_birth_timestamp': 360848.025353, 'theta': 2.195267253812028, 'phi': -1.9730676640155027, 'norm_pos': [0.43270786715688414, 0.2552114411056593], 'topic': 'pupil.1', 'id': 1, 'method': '3d c++'}"
1581495770.7268631,"{'circle_3d': {'center': [-2.0738246594002145, 5.54159419995259, 58.01930078112032], 'normal': [-0.3199753651430134, 0.5838160893817987, -0.7461732637132873], 'radius': 2.8585506416962967}, 'confidence': 0.9990628994185626, 'timestamp': 360867.311735, 'diameter_3d': 5.717101283392593, 'ellipse': {'center': [138.17475336140964, 178.6254770103262], 'axes': [41.52196684253619, 61.131741222092046], 'angle': -61.974739440832614}, 'location': [138.17475336140964, 178.6254770103262], 'diameter': 61.131741222092046, 'sphere': {'center': [1.765879722315946, -1.4641988726289945, 66.97337994567977], 'radius': 12.0}, 'projected_sphere': {'center': [176.3474716181845, 106.4453115287556], 'axes': [222.17782665394446, 222.17782665394446], 'angle': 90.0}, 'model_confidence': 0.9029352755061226, 'model_id': 32, 'model_birth_timestamp': 360848.025353, 'theta': 2.194217395855132, 'phi': -1.9758996180864372, 'norm_pos': [0.4317961042544051, 0.25572717912364085], 'topic': 'pupil.1', 'id': 1, 'method': '3d c++'}"
1581495770.737356,"{'circle_3d': {'center': [-2.0246380807464925, 5.54305610350191, 57.999509404817516], 'normal': [-0.31587648358853654, 0.5839379146775754, -0.7478225450718544], 'radius': 2.869947407195162}, 'confidence': 0.9999402776941719, 'timestamp': 360867.320135, 'diameter_3d': 5.739894814390324, 'ellipse': {'center': [138.6927362556745, 178.6542469245726], 'axes': [41.82549536814416, 61.39666343979553], 'angle': -62.303725159525875}, 'location': [138.6927362556745, 178.6542469245726], 'diameter': 61.39666343979553, 'sphere': {'center': [1.765879722315946, -1.4641988726289945, 66.97337994567977], 'radius': 12.0}, 'projected_sphere': {'center': [176.3474716181845, 106.4453115287556], 'axes': [222.17782665394446, 222.17782665394446], 'angle': 90.0}, 'model_confidence': 0.9029808190279209, 'model_id': 32, 'model_birth_timestamp': 360848.025353, 'theta': 2.194367456182552, 'phi': -1.9704584252677548, 'norm_pos': [0.4334148007989828, 0.2556073044809476], 'topic': 'pupil.1', 'id': 1, 'method': '3d c++'}"
1581495770.745645,"{'circle_3d': {'center': [-2.012557623179629, 5.534356318081976, 57.98763365120111], 'normal': [-0.3148697787912979, 0.5832129325592476, -0.7488121912065546], 'radius': 2.889067156116017}, 'confidence': 0.9996942452223204, 'timestamp': 360867.328535, 'diameter_3d': 5.778134312232034, 'ellipse': {'center': [138.821632956109, 178.56473249269655], 'axes': [42.18949944914811, 61.81871930319917], 'angle': -62.3544066173934}, 'location': [138.821632956109, 178.56473249269655], 'diameter': 61.81871930319917, 'sphere': {'center': [1.765879722315946, -1.4641988726289945, 66.97337994567977], 'radius': 12.0}, 'projected_sphere': {'center': [176.3474716181845, 106.4453115287556], 'axes': [222.17782665394446, 222.17782665394446], 'angle': 90.0}, 'model_confidence': 0.9029843049981001, 'model_id': 32, 'model_birth_timestamp': 360848.025353, 'theta': 2.193474685790658, 'phi': -1.9688427455635356, 'norm_pos': [0.4338176029878406, 0.25598028128043104], 'topic': 'pupil.1', 'id': 1, 'method': '3d c++'}"
1581495770.753255,"{'circle_3d': {'center': [-1.970466020434596, 5.521042404273588, 57.95971671733103], 'normal': [-0.31136214522921185, 0.582103439741882, -0.751138602362395], 'radius': 2.799982111806825}, 'confidence': 0.998220973895877, 'timestamp': 360867.336935, 'diameter_3d': 5.59996422361365, 'ellipse': {'center': [139.23904749818217, 178.4858811785249], 'axes': [41.07799026081285, 59.939287134858596], 'angle': -62.5892543076557}, 'location': [139.23904749818217, 178.4858811785249], 'diameter': 59.939287134858596, 'sphere': {'center': [1.765879722315946, -1.4641988726289945, 66.97337994567977], 'radius': 12.0}, 'projected_sphere': {'center': [176.3474716181845, 106.4453115287556], 'axes': [222.17782665394446, 222.17782665394446], 'angle': 90.0}, 'model_confidence': 0.9026801696941145, 'model_id': 32, 'model_birth_timestamp': 360848.025353, 'theta': 2.1921095210371546, 'phi': -1.963757136185013, 'norm_pos': [0.43512202343181927, 0.256308828422813], 'topic': 'pupil.1', 'id': 1, 'method': '3d c++'}"
1581495770.762099,"{'circle_3d': {'center': [-1.952457389203899, 5.518798377901831, 57.95053568656872], 'normal': [-0.30986142595998706, 0.5819164375442355, -0.751903688259254], 'radius': 2.8552765214816884}, 'confidence': 0.9023869362420985, 'timestamp': 360867.345335, 'diameter_3d': 5.710553042963377, 'ellipse': {'center': [139.44006874578199, 178.44751628442089], 'axes': [41.95502814330977, 61.13387843293497], 'angle': -62.70195265180209}, 'location': [139.44006874578199, 178.44751628442089], 'diameter': 61.13387843293497, 'sphere': {'center': [1.765879722315946, -1.4641988726289945, 66.97337994567977], 'radius': 12.0}, 'projected_sphere': {'center': [176.3474716181845, 106.4453115287556], 'axes': [222.17782665394446, 222.17782665394446], 'angle': 90.0}, 'model_confidence': 0.9027048643824531, 'model_id': 32, 'model_birth_timestamp': 360848.025353, 'theta': 2.1918795574199446, 'phi': -1.961692201337758, 'norm_pos': [0.4357502148305687, 0.25646868214824636], 'topic': 'pupil.1', 'id': 1, 'method': '3d c++'}"
1581495770.769737,"{'circle_3d': {'center': [-1.8912678008619277, 5.564720987883824, 57.961190556402464], 'normal': [-0.30476229359815615, 0.5857433217094016, -0.7510157824397751], 'radius': 2.8690751302487856}, 'confidence': 0.8122681290374507, 'timestamp': 360867.353735, 'diameter_3d': 5.738150260497571, 'ellipse': {'center': [140.09590532008093, 178.91944036271786], 'axes': [42.07601557574447, 61.41869379465743], 'angle': -63.263025019642356}, 'location': [140.09590532008093, 178.91944036271786], 'diameter': 61.41869379465743, 'sphere': {'center': [1.765879722315946, -1.4641988726289945, 66.97337994567977], 'radius': 12.0}, 'projected_sphere': {'center': [176.3474716181845, 106.4453115287556], 'axes': [222.17782665394446, 222.17782665394446], 'angle': 90.0}, 'model_confidence': 0.9030202868139381, 'model_id': 32, 'model_birth_timestamp': 360848.025353, 'theta': 2.196593199787127, 'phi': -1.9562927842969697, 'norm_pos': [0.43779970412525293, 0.2545023318220089], 'topic': 'pupil.1', 'id': 1, 'method': '3d c++'}"
1581495770.777056,"{'circle_3d': {'center': [-1.9149076366318087, 5.588766398424836, 57.98964546031573], 'normal': [-0.3067322799123129, 0.5877471059211525, -0.7486445404470029], 'radius': 2.8868823887765136}, 'confidence': 0.8881306196240732, 'timestamp': 360867.362135, 'diameter_3d': 5.773764777553027, 'ellipse': {'center': [139.85754659878387, 179.14096875284272], 'axes': [42.13415433327622, 61.7701848046202], 'angle': -63.183495067626936}, 'location': [139.85754659878387, 179.14096875284272], 'diameter': 61.7701848046202, 'sphere': {'center': [1.765879722315946, -1.4641988726289945, 66.97337994567977], 'radius': 12.0}, 'projected_sphere': {'center': [176.3474716181845, 106.4453115287556], 'axes': [222.17782665394446, 222.17782665394446], 'angle': 90.0}, 'model_confidence': 0.9026583050853465, 'model_id': 32, 'model_birth_timestamp': 360848.025353, 'theta': 2.199067706812411, 'phi': -1.959651128173651, 'norm_pos': [0.4370548331211996, 0.2535792968631553], 'topic': 'pupil.1', 'id': 1, 'method': '3d c++'}"
1581495770.7886999,"{'circle_3d': {'center': [-1.9510423295744987, 5.623904291197073, 58.03227911864904], 'normal': [-0.3097435043242037, 0.5906752636521723, -0.7450917355858934], 'radius': 2.905700326883872}, 'confidence': 0.9914710079377018, 'timestamp': 360867.370535, 'diameter_3d': 5.811400653767744, 'ellipse': {'center': [139.4914878339176, 179.46638828125606], 'axes': [42.10311118801594, 62.12790025418549], 'angle': -63.0579274204208}, 'location': [139.4914878339176, 179.46638828125606], 'diameter': 62.12790025418549, 'sphere': {'center': [1.765879722315946, -1.4641988726289945, 66.97337994567977], 'radius': 12.0}, 'projected_sphere': {'center': [176.3474716181845, 106.4453115287556], 'axes': [222.17782665394446, 222.17782665394446], 'angle': 90.0}, 'model_confidence': 0.9003180851488435, 'model_id': 32, 'model_birth_timestamp': 360848.025353, 'theta': 2.2026917634170315, 'phi': -1.9647736455430338, 'norm_pos': [0.4359108994809925, 0.25222338216143314], 'topic': 'pupil.1', 'id': 1, 'method': '3d c++'}"
1581495770.793241,"{'circle_3d': {'center': [-2.2125288123793982, 5.620368592758374, 58.14268521879457], 'normal': [-0.33153404455794533, 0.590380622115614, -0.7358912272404332], 'radius': 2.8740244195581783}, 'confidence': 0.4008311859442562, 'timestamp': 360867.378935, 'diameter_3d': 5.748048839116357, 'ellipse': {'center': [136.75042032781835, 179.34068175871528], 'axes': [40.87675982853398, 61.3333024136476], 'angle': -61.34189658631924}, 'location': [136.75042032781835, 179.34068175871528], 'diameter': 61.3333024136476, 'sphere': {'center': [1.765879722315946, -1.4641988726289945, 66.97337994567977], 'radius': 12.0}, 'projected_sphere': {'center': [176.3474716181845, 106.4453115287556], 'axes': [222.17782665394446, 222.17782665394446], 'angle': 90.0}, 'model_confidence': 0.898333128493134, 'model_id': 32, 'model_birth_timestamp': 360848.025353, 'theta': 2.2023266639574, 'phi': -1.9940829726891043, 'norm_pos': [0.42734506352443236, 0.2527471593386863], 'topic': 'pupil.1', 'id': 1, 'method': '3d c++'}"
1581495770.801444,"{'circle_3d': {'center': [-1.9354210112428436, 5.595446201230937, 58.00333065312388], 'normal': [-0.3084417277965658, 0.5883037561549943, -0.7475041077129906], 'radius': 2.9315744781443445}, 'confidence': 0.8389561693727114, 'timestamp': 360867.387335, 'diameter_3d': 5.863148956288689, 'ellipse': {'center': [139.65442555888723, 179.18018798996286], 'axes': [42.689441977172166, 62.71278700951751], 'angle': -63.06877028054788}, 'location': [139.65442555888723, 179.18018798996286], 'diameter': 62.71278700951751, 'sphere': {'center': [1.765879722315946, -1.4641988726289945, 66.97337994567977], 'radius': 12.0}, 'projected_sphere': {'center': [176.3474716181845, 106.4453115287556], 'axes': [222.17782665394446, 222.17782665394446], 'angle': 90.0}, 'model_confidence': 0.898419192124067, 'model_id': 32, 'model_birth_timestamp': 360848.025353, 'theta': 2.199755912864469, 'phi': -1.9621419772227813, 'norm_pos': [0.4364200798715226, 0.25341588337515475], 'topic': 'pupil.1', 'id': 1, 'method': '3d c++'}"
1581495770.80878,"{'circle_3d': {'center': [-1.9595248666853002, 5.607083629751234, 58.02249594353899], 'normal': [-0.31045038241677053, 0.589273541865019, -0.745907000178398], 'radius': 2.9052942443508756}, 'confidence': 0.7161190840160727, 'timestamp': 360867.395735, 'diameter_3d': 5.810588488701751, 'ellipse': {'center': [139.3985236426216, 179.29725345031235], 'axes': [42.168960573767755, 62.129545651880775], 'angle': -62.94687088204755}, 'location': [139.3985236426216, 179.29725345031235], 'diameter': 62.129545651880775, 'sphere': {'center': [1.765879722315946, -1.4641988726289945, 66.97337994567977], 'radius': 12.0}, 'projected_sphere': {'center': [176.3474716181845, 106.4453115287556], 'axes': [222.17782665394446, 222.17782665394446], 'angle': 90.0}, 'model_confidence': 0.8981631236209764, 'model_id': 32, 'model_birth_timestamp': 360848.025353, 'theta': 2.200955716674103, 'phi': -1.965194191402888, 'norm_pos': [0.4356203863831925, 0.2529281106236986], 'topic': 'pupil.1', 'id': 1, 'method': '3d c++'}"
1581495770.821088,"{'circle_3d': {'center': [-2.024640166611748, 5.603257754770633, 58.0468455794507], 'normal': [-0.3158766574106412, 0.588954718949969, -0.7438778638524227], 'radius': 2.826995521647096}, 'confidence': 0.9965457815723461, 'timestamp': 360867.404135, 'diameter_3d': 5.653991043294192, 'ellipse': {'center': [138.6977380705559, 179.26707113609538], 'axes': [40.86401429399158, 60.42796914349982], 'angle': -62.50458414772352}, 'location': [138.6977380705559, 179.26707113609538], 'diameter': 60.42796914349982, 'sphere': {'center': [1.765879722315946, -1.4641988726289945, 66.97337994567977], 'radius': 12.0}, 'projected_sphere': {'center': [176.3474716181845, 106.4453115287556], 'axes': [222.17782665394446, 222.17782665394446], 'angle': 90.0}, 'model_confidence': 0.897251645538033, 'model_id': 32, 'model_birth_timestamp': 360848.025353, 'theta': 2.2005611581886475, 'phi': -1.972357867239218, 'norm_pos': [0.4334304314704872, 0.25305387026626924], 'topic': 'pupil.1', 'id': 1, 'method': '3d c++'}"
1581495770.829928,"{'circle_3d': {'center': [-2.0444063315357015, 5.578832629196684, 58.035962676014286], 'normal': [-0.3175238378209706, 0.5869192918188065, -0.7447847724721234], 'radius': 2.825961897758993}, 'confidence': 0.996650905560721, 'timestamp': 360867.412535, 'diameter_3d': 5.651923795517986, 'ellipse': {'center': [138.4844728548868, 179.0185579761955], 'axes': [40.92749173529695, 60.416997913085225], 'angle': -62.29337428730592}, 'location': [138.4844728548868, 179.0185579761955], 'diameter': 60.416997913085225, 'sphere': {'center': [1.765879722315946, -1.4641988726289945, 66.97337994567977], 'radius': 12.0}, 'projected_sphere': {'center': [176.3474716181845, 106.4453115287556], 'axes': [222.17782665394446, 222.17782665394446], 'angle': 90.0}, 'model_confidence': 0.8967266593646328, 'model_id': 32, 'model_birth_timestamp': 360848.025353, 'theta': 2.1980448871835834, 'phi': -1.9737926677962863, 'norm_pos': [0.43276397767152125, 0.2540893417658521], 'topic': 'pupil.1', 'id': 1, 'method': '3d c++'}"
1581495770.837109,"{'circle_3d': {'center': [-2.0736439967376157, 5.529552560249274, 58.00981489008173], 'normal': [-0.3199603099211301, 0.5828126194065224, -0.7469637546331699], 'radius': 2.8129265456185335}, 'confidence': 0.998797754516401, 'timestamp': 360867.420935, 'diameter_3d': 5.625853091237067, 'ellipse': {'center': [138.16293228644975, 178.5251904582473], 'axes': [40.92451075288699, 60.16476326274306], 'angle': -61.934996692285615}, 'location': [138.16293228644975, 178.5251904582473], 'diameter': 60.16476326274306, 'sphere': {'center': [1.765879722315946, -1.4641988726289945, 66.97337994567977], 'radius': 12.0}, 'projected_sphere': {'center': [176.3474716181845, 106.4453115287556], 'axes': [222.17782665394446, 222.17782665394446], 'angle': 90.0}, 'model_confidence': 0.8966600973701055, 'model_id': 32, 'model_birth_timestamp': 360848.025353, 'theta': 2.192981970220714, 'phi': -1.9754992029392322, 'norm_pos': [0.43175916339515547, 0.25614503975730296], 'topic': 'pupil.1', 'id': 1, 'method': '3d c++'}"
1581495770.844778,"{'circle_3d': {'center': [-2.107619706260972, 5.556993790063214, 58.04595838230709], 'normal': [-0.3227916190480765, 0.5850993885576841, -0.7439517969477228], 'radius': 2.8163693930522578}, 'confidence': 0.99774363756865, 'timestamp': 360867.429335, 'diameter_3d': 5.6327387861045155, 'ellipse': {'center': [137.81529413987192, 178.78177440153976], 'axes': [40.723487932848606, 60.201191146023696], 'angle': -61.80557835219112}, 'location': [137.81529413987192, 178.78177440153976], 'diameter': 60.201191146023696, 'sphere': {'center': [1.765879722315946, -1.4641988726289945, 66.97337994567977], 'radius': 12.0}, 'projected_sphere': {'center': [176.3474716181845, 106.4453115287556], 'axes': [222.17782665394446, 222.17782665394446], 'angle': 90.0}, 'model_confidence': 0.8961392508856192, 'model_id': 32, 'model_birth_timestamp': 360848.025353, 'theta': 2.195798935568541, 'phi': -1.9801708833561031, 'norm_pos': [0.43067279418709975, 0.25507593999358436], 'topic': 'pupil.1', 'id': 1, 'method': '3d c++'}"
1581495770.853003,"{'circle_3d': {'center': [-2.113751383939298, 5.5442198506467895, 58.03858674837441], 'normal': [-0.32330259218793694, 0.5840348936063153, -0.7445660997754466], 'radius': 2.8711084093883357}, 'confidence': 0.999475745736459, 'timestamp': 360867.437735, 'diameter_3d': 5.742216818776671, 'ellipse': {'center': [137.76072942849385, 178.63055303740947], 'axes': [41.57002877691328, 61.38022768549861], 'angle': -61.722090671224656}, 'location': [137.76072942849385, 178.63055303740947], 'diameter': 61.38022768549861, 'sphere': {'center': [1.765879722315946, -1.4641988726289945, 66.97337994567977], 'radius': 12.0}, 'projected_sphere': {'center': [176.3474716181845, 106.4453115287556], 'axes': [222.17782665394446, 222.17782665394446], 'angle': 90.0}, 'model_confidence': 0.896236876305101, 'model_id': 32, 'model_birth_timestamp': 360848.025353, 'theta': 2.194486923165555, 'phi': -1.9804471296276955, 'norm_pos': [0.4305022794640433, 0.25570602901079387], 'topic': 'pupil.1', 'id': 1, 'method': '3d c++'}"
1581495770.8613389,"{'circle_3d': {'center': [-2.167254802389137, 5.536929306935046, 58.05628080841056], 'normal': [-0.3277612103920902, 0.5834273482970034, -0.7430915947724339], 'radius': 2.878847773070392}, 'confidence': 0.999405580991504, 'timestamp': 360867.446135, 'diameter_3d': 5.757695546140784, 'ellipse': {'center': [137.20145290836106, 178.53400400434006], 'axes': [41.55994544299564, 61.52708558840062], 'angle': -61.34851648318118}, 'location': [137.20145290836106, 178.53400400434006], 'diameter': 61.52708558840062, 'sphere': {'center': [1.765879722315946, -1.4641988726289945, 66.97337994567977], 'radius': 12.0}, 'projected_sphere': {'center': [176.3474716181845, 106.4453115287556], 'axes': [222.17782665394446, 222.17782665394446], 'angle': 90.0}, 'model_confidence': 0.8963625423657251, 'model_id': 32, 'model_birth_timestamp': 360848.025353, 'theta': 2.1937386657995965, 'phi': -1.9862058302345669, 'norm_pos': [0.4287545403386283, 0.256108316648583], 'topic': 'pupil.1', 'id': 1, 'method': '3d c++'}"
1581495770.871294,"{'circle_3d': {'center': [-2.1528913955509417, 5.529831108793307, 58.04439469847848], 'normal': [-0.32656425982224063, 0.5828358317851918, -0.7440821039334408], 'radius': 2.8131056451279397}, 'confidence': 0.9986357881058899, 'timestamp': 360867.454535, 'diameter_3d': 5.626211290255879, 'ellipse': {'center': [137.33403358401847, 178.49654941322754], 'axes': [40.69100134257541, 60.13279043254534], 'angle': -61.41741620121156}, 'location': [137.33403358401847, 178.49654941322754], 'diameter': 60.13279043254534, 'sphere': {'center': [1.765879722315946, -1.4641988726289945, 66.97337994567977], 'radius': 12.0}, 'projected_sphere': {'center': [176.3474716181845, 106.4453115287556], 'axes': [222.17782665394446, 222.17782665394446], 'angle': 90.0}, 'model_confidence': 0.896170512871497, 'model_id': 32, 'model_birth_timestamp': 360848.025353, 'theta': 2.193010535847779, 'phi': -1.9843661734213462, 'norm_pos': [0.42916885495005774, 0.2562643774448853], 'topic': 'pupil.1', 'id': 1, 'method': '3d c++'}"
1581495770.87763,"{'circle_3d': {'center': [-2.1975089548853264, 5.530964494163928, 58.064999640298154], 'normal': [-0.33028238976677265, 0.5829302805660769, -0.7423650254484679], 'radius': 2.795769488736875}, 'confidence': 0.9986611518753052, 'timestamp': 360867.462935, 'diameter_3d': 5.59153897747375, 'ellipse': {'center': [136.86403236788726, 178.4967811942188], 'axes': [40.2998538427193, 59.7406525418219], 'angle': -61.13163047485493}, 'location': [136.86403236788726, 178.4967811942188], 'diameter': 59.7406525418219, 'sphere': {'center': [1.765879722315946, -1.4641988726289945, 66.97337994567977], 'radius': 12.0}, 'projected_sphere': {'center': [176.3474716181845, 106.4453115287556], 'axes': [222.17782665394446, 222.17782665394446], 'angle': 90.0}, 'model_confidence': 0.8959680682165683, 'model_id': 32, 'model_birth_timestamp': 360848.025353, 'theta': 2.193126772482061, 'phi': -1.9894057158888323, 'norm_pos': [0.4277001011496477, 0.25626341169075495], 'topic': 'pupil.1', 'id': 1, 'method': '3d c++'}"
1581495770.885004,"{'circle_3d': {'center': [-2.173046581265428, 5.581900633612912, 58.09434050871969], 'normal': [-0.3282438586317812, 0.5871749588534922, -0.7399199530800066], 'radius': 2.837370639204743}, 'confidence': 0.998302634414037, 'timestamp': 360867.471335, 'diameter_3d': 5.674741278409486, 'ellipse': {'center': [137.14313182569245, 178.9928233187615], 'axes': [40.69154790935229, 60.60029694705359], 'angle': -61.46512269788145}, 'location': [137.14313182569245, 178.9928233187615], 'diameter': 60.60029694705359, 'sphere': {'center': [1.765879722315946, -1.4641988726289945, 66.97337994567977], 'radius': 12.0}, 'projected_sphere': {'center': [176.3474716181845, 106.4453115287556], 'axes': [222.17782665394446, 222.17782665394446], 'angle': 90.0}, 'model_confidence': 0.8956860103342845, 'model_id': 32, 'model_birth_timestamp': 360848.025353, 'theta': 2.198360699876445, 'phi': -1.9883326347591534, 'norm_pos': [0.42857228695528893, 0.25419656950516034], 'topic': 'pupil.1', 'id': 1, 'method': '3d c++'}"
1581495770.893535,"{'circle_3d': {'center': [-2.179530427114279, 5.627243595288418, 58.13340356126615], 'normal': [-0.3287841791191854, 0.5909535389931176, -0.7366646987011345], 'radius': 2.827976289473065}, 'confidence': 0.9985763205416581, 'timestamp': 360867.479735, 'diameter_3d': 5.65595257894613, 'ellipse': {'center': [137.0856004029886, 179.44085786289713], 'axes': [40.28270517355625, 60.359201469325804], 'angle': -61.57723314394576}, 'location': [137.0856004029886, 179.44085786289713], 'diameter': 60.359201469325804, 'sphere': {'center': [1.765879722315946, -1.4641988726289945, 66.97337994567977], 'radius': 12.0}, 'projected_sphere': {'center': [176.3474716181845, 106.4453115287556], 'axes': [222.17782665394446, 222.17782665394446], 'angle': 90.0}, 'model_confidence': 0.8954338459081113, 'model_id': 32, 'model_birth_timestamp': 360848.025353, 'theta': 2.2030366726355273, 'phi': -1.990581212886314, 'norm_pos': [0.42839250125933936, 0.2523297589045953], 'topic': 'pupil.1', 'id': 1, 'method': '3d c++'}"
1581495770.905421,"{'circle_3d': {'center': [-2.1810706940763556, 5.669407972454021, 58.16808405114417], 'normal': [-0.32891253469935844, 0.5944672370902513, -0.7337746578779663], 'radius': 2.8580061110316985}, 'confidence': 0.9985360106953277, 'timestamp': 360867.488135, 'diameter_3d': 5.716012222063397, 'ellipse': {'center': [137.08818375804788, 179.8426868336934], 'axes': [40.46588744326583, 60.96481434291248], 'angle': -61.709148583251405}, 'location': [137.08818375804788, 179.8426868336934], 'diameter': 60.96481434291248, 'sphere': {'center': [1.765879722315946, -1.4641988726289945, 66.97337994567977], 'radius': 12.0}, 'projected_sphere': {'center': [176.3474716181845, 106.4453115287556], 'axes': [222.17782665394446, 222.17782665394446], 'angle': 90.0}, 'model_confidence': 0.8950710156757746, 'model_id': 32, 'model_birth_timestamp': 360848.025353, 'theta': 2.207399271423373, 'phi': -1.9921917794921324, 'norm_pos': [0.4284005742438996, 0.25065547152627754], 'topic': 'pupil.1', 'id': 1, 'method': '3d c++'}"
1581495770.9130921,"{'circle_3d': {'center': [-2.163779849020499, 5.69864354490739, 58.184098737586275], 'normal': [-0.3274716309447038, 0.5969035347946987, -0.7324401006744576], 'radius': 2.7917859217607983}, 'confidence': 0.9961259007187552, 'timestamp': 360867.496535, 'diameter_3d': 5.583571843521597, 'ellipse': {'center': [137.26122647795052, 180.16393942670217], 'axes': [39.414169160809955, 59.53455136968204], 'angle': -61.91734985460608}, 'location': [137.26122647795052, 180.16393942670217], 'diameter': 59.53455136968204, 'sphere': {'center': [1.765879722315946, -1.4641988726289945, 66.97337994567977], 'radius': 12.0}, 'projected_sphere': {'center': [176.3474716181845, 106.4453115287556], 'axes': [222.17782665394446, 222.17782665394446], 'angle': 90.0}, 'model_confidence': 0.8942342056190489, 'model_id': 32, 'model_birth_timestamp': 360848.025353, 'theta': 2.210432446255415, 'phi': -1.9912333347921405, 'norm_pos': [0.42894133274359536, 0.24931691905540765], 'topic': 'pupil.1', 'id': 1, 'method': '3d c++'}"
1581495770.921293,"{'circle_3d': {'center': [-2.229201042002215, 5.680146608838454, 58.198549045428145], 'normal': [-0.33292339702651336, 0.5953621234556207, -0.7312359083543019], 'radius': 2.853065954812686}, 'confidence': 0.9978800844278864, 'timestamp': 360867.504935, 'diameter_3d': 5.706131909625372, 'ellipse': {'center': [136.5884640270831, 179.92999750830995], 'axes': [40.1848953763197, 60.827575379101894], 'angle': -61.43747558711969}, 'location': [136.5884640270831, 179.92999750830995], 'diameter': 60.827575379101894, 'sphere': {'center': [1.765879722315946, -1.4641988726289945, 66.97337994567977], 'radius': 12.0}, 'projected_sphere': {'center': [176.3474716181845, 106.4453115287556], 'axes': [222.17782665394446, 222.17782665394446], 'angle': 90.0}, 'model_confidence': 0.8937978209409336, 'model_id': 32, 'model_birth_timestamp': 360848.025353, 'theta': 2.208512606700582, 'phi': -1.9980395692254334, 'norm_pos': [0.4268389500846347, 0.2502916770487086], 'topic': 'pupil.1', 'id': 1, 'method': '3d c++'}"
1581495770.928874,"{'circle_3d': {'center': [-2.2237364326810836, 5.656914825644289, 58.17720449085559], 'normal': [-0.3324680129164191, 0.5934261415227736, -0.7330146212353481], 'radius': 2.822244833628673}, 'confidence': 0.9979605818893488, 'timestamp': 360867.513335, 'diameter_3d': 5.644489667257346, 'ellipse': {'center': [136.63156480780196, 179.71662262226351], 'axes': [39.89833470184513, 60.19163890714208], 'angle': -61.39399936581937}, 'location': [136.63156480780196, 179.71662262226351], 'diameter': 60.19163890714208, 'sphere': {'center': [1.765879722315946, -1.4641988726289945, 66.97337994567977], 'radius': 12.0}, 'projected_sphere': {'center': [176.3474716181845, 106.4453115287556], 'axes': [222.17782665394446, 222.17782665394446], 'angle': 90.0}, 'model_confidence': 0.8933476737499113, 'model_id': 32, 'model_birth_timestamp': 360848.025353, 'theta': 2.206105188061752, 'phi': -1.9966089557389364, 'norm_pos': [0.42697364002438115, 0.25118073907390204], 'topic': 'pupil.1', 'id': 1, 'method': '3d c++'}"
1581495770.937307,"{'circle_3d': {'center': [-2.237854475050339, 5.631823656458659, 58.16335288876784], 'normal': [-0.3336445164471904, 0.5913352107573044, -0.7341689214093271], 'radius': 2.819015227689291}, 'confidence': 0.9975394258259893, 'timestamp': 360867.521735, 'diameter_3d': 5.638030455378582, 'ellipse': {'center': [136.47657164369227, 179.46527777451266], 'axes': [39.950417628656666, 60.13682181650528], 'angle': -61.218689067985956}, 'location': [136.47657164369227, 179.46527777451266], 'diameter': 60.13682181650528, 'sphere': {'center': [1.765879722315946, -1.4641988726289945, 66.97337994567977], 'radius': 12.0}, 'projected_sphere': {'center': [176.3474716181845, 106.4453115287556], 'axes': [222.17782665394446, 222.17782665394446], 'angle': 90.0}, 'model_confidence': 0.892742800284263, 'model_id': 32, 'model_birth_timestamp': 360848.025353, 'theta': 2.2035098786548986, 'phi': -1.9973463445654103, 'norm_pos': [0.4264892863865383, 0.25222800927286393], 'topic': 'pupil.1', 'id': 1, 'method': '3d c++'}"
1581495770.944798,"{'circle_3d': {'center': [-2.2769916184962256, 5.586409075892825, 58.1447832917443], 'normal': [-0.33690594506768096, 0.5875506623768183, -0.7357163878279557], 'radius': 2.892860994920444}, 'confidence': 0.9995668172624138, 'timestamp': 360867.530135, 'diameter_3d': 5.785721989840888, 'ellipse': {'center': [136.07358843057273, 178.97164207892095], 'axes': [41.13572325396981, 61.73329559197321], 'angle': -60.812892407589906}, 'location': [136.07358843057273, 178.97164207892095], 'diameter': 61.73329559197321, 'sphere': {'center': [1.765879722315946, -1.4641988726289945, 66.97337994567977], 'radius': 12.0}, 'projected_sphere': {'center': [176.3474716181845, 106.4453115287556], 'axes': [222.17782665394446, 222.17782665394446], 'angle': 90.0}, 'model_confidence': 0.8927163671186844, 'model_id': 32, 'model_birth_timestamp': 360848.025353, 'theta': 2.1988249189643745, 'phi': -2.0002244987346516, 'norm_pos': [0.4252299638455398, 0.25428482467116276], 'topic': 'pupil.1', 'id': 1, 'method': '3d c++'}"
1581495770.953779,"{'circle_3d': {'center': [-2.2761115984986606, 5.524211407132956, 58.0950677229554], 'normal': [-0.33683261006788384, 0.5823675233134958, -0.7398593518936973], 'radius': 2.834235565649828}, 'confidence': 0.998314813976675, 'timestamp': 360867.538535, 'diameter_3d': 5.668471131299656, 'ellipse': {'center': [136.05091450407093, 178.3823579247425], 'axes': [40.64997319914698, 60.532138754170646], 'angle': -60.60158393687912}, 'location': [136.05091450407093, 178.3823579247425], 'diameter': 60.532138754170646, 'sphere': {'center': [1.765879722315946, -1.4641988726289945, 66.97337994567977], 'radius': 12.0}, 'projected_sphere': {'center': [176.3474716181845, 106.4453115287556], 'axes': [222.17782665394446, 222.17782665394446], 'angle': 90.0}, 'model_confidence': 0.8923852496688145, 'model_id': 32, 'model_birth_timestamp': 360848.025353, 'theta': 2.192434339012, 'phi': -1.9980206009248551, 'norm_pos': [0.42515910782522165, 0.25674017531357285], 'topic': 'pupil.1', 'id': 1, 'method': '3d c++'}"
1581495770.961323,"{'circle_3d': {'center': [-2.297034923356515, 5.503537136847635, 58.088371252143055], 'normal': [-0.338576220472705, 0.5806446674563858, -0.7404173911280593], 'radius': 2.8423801443867007}, 'confidence': 0.9986223516738021, 'timestamp': 360867.546935, 'diameter_3d': 5.6847602887734014, 'ellipse': {'center': [135.82884139952876, 178.1661212294452], 'axes': [40.81608787474044, 60.71313225168426], 'angle': -60.394565635482664}, 'location': [135.82884139952876, 178.1661212294452], 'diameter': 60.71313225168426, 'sphere': {'center': [1.765879722315946, -1.4641988726289945, 66.97337994567977], 'radius': 12.0}, 'projected_sphere': {'center': [176.3474716181845, 106.4453115287556], 'axes': [222.17782665394446, 222.17782665394446], 'angle': 90.0}, 'model_confidence': 0.8922100390699517, 'model_id': 32, 'model_birth_timestamp': 360848.025353, 'theta': 2.1903166160492735, 'phi': -1.9996857252869027, 'norm_pos': [0.4244651293735274, 0.2576411615439783], 'topic': 'pupil.1', 'id': 1, 'method': '3d c++'}"
1581495770.969219,"{'circle_3d': {'center': [-2.305294728303787, 5.4934925000072905, 58.084281602441365], 'normal': [-0.3392645375516444, 0.5798076143863571, -0.7407581952698669], 'radius': 2.871899962733081}, 'confidence': 0.9992867552522301, 'timestamp': 360867.555335, 'diameter_3d': 5.743799925466162, 'ellipse': {'center': [135.74711003636418, 178.0513865035073], 'axes': [41.270814881338204, 61.34861622453827], 'angle': -60.30605943750473}, 'location': [135.74711003636418, 178.0513865035073], 'diameter': 61.34861622453827, 'sphere': {'center': [1.765879722315946, -1.4641988726289945, 66.97337994567977], 'radius': 12.0}, 'projected_sphere': {'center': [176.3474716181845, 106.4453115287556], 'axes': [222.17782665394446, 222.17782665394446], 'angle': 90.0}, 'model_confidence': 0.8923224785151063, 'model_id': 32, 'model_birth_timestamp': 360848.025353, 'theta': 2.189288870213162, 'phi': -2.0002800741908513, 'norm_pos': [0.42420971886363806, 0.2581192229020529], 'topic': 'pupil.1', 'id': 1, 'method': '3d c++'}"
1581495770.977063,"{'circle_3d': {'center': [-2.3411935942649116, 5.470327960419969, 58.08269457423886], 'normal': [-0.3422561097150715, 0.5778772360874136, -0.740890447620076], 'radius': 2.8419459224977643}, 'confidence': 0.9988564418373853, 'timestamp': 360867.563735, 'diameter_3d': 5.683891844995529, 'ellipse': {'center': [135.35885583984262, 177.8196002990953], 'axes': [40.85355617228068, 60.70956643853321], 'angle': -59.99369819485858}, 'location': [135.35885583984262, 177.8196002990953], 'diameter': 60.70956643853321, 'sphere': {'center': [1.765879722315946, -1.4641988726289945, 66.97337994567977], 'radius': 12.0}, 'projected_sphere': {'center': [176.3474716181845, 106.4453115287556], 'axes': [222.17782665394446, 222.17782665394446], 'angle': 90.0}, 'model_confidence': 0.8921625143841982, 'model_id': 32, 'model_birth_timestamp': 360848.025353, 'theta': 2.186921582852384, 'phi': -2.0035452835417824, 'norm_pos': [0.4229964244995082, 0.25908499875376956], 'topic': 'pupil.1', 'id': 1, 'method': '3d c++'}"
